tiempo[ms]V_Panel[V]	I_Panel[A]	R_Carga[Ohms]	P_Panel[W]	G[W/m2]	T[°C]	Load[%]
539	41.3		10.4		4.0		428.3		800		25.0		52.0
2036	41.3		10.4		4.0		428.3		800		25.0		52.5
2545	41.3		10.4		4.0		428.3		800		25.0		53.0
3053	41.3		10.4		4.0		428.3		800		25.0		53.5
3561	41.3		10.4		4.0		428.3		800		25.0		54.0
4069	41.3		10.4		4.0		428.3		800		25.0		54.5
4577	41.3		10.4		4.0		428.3		800		25.0		55.0
5085	41.3		10.4		4.0		428.3		800		25.0		55.5
5593	41.3		10.4		4.0		428.3		800		25.0		56.0
6101	41.3		10.4		4.0		428.3		800		25.0		56.5
6609	41.3		10.4		4.0		428.3		800		25.0		57.0
7117	41.3		10.4		4.0		428.3		800		25.0		57.5
7625	41.3		10.4		4.0		428.3		800		25.0		58.0
8133	41.3		10.4		4.0		428.3		800		25.0		58.5
8641	41.3		10.4		4.0		428.3		800		25.0		59.0
9149	41.3		10.4		4.0		428.3		800		25.0		59.5
9657	41.3		10.4		4.0		428.3		800		25.0		60.0
10165	41.3		10.4		4.0		428.3		800		25.0		60.5
10673	41.3		10.4		4.0		428.3		800		25.0		61.0
11181	41.3		10.4		4.0		428.3		800		25.0		61.5
11689	41.3		10.4		4.0		428.3		800		25.0		62.0
12197	41.3		10.4		4.0		428.3		800		25.0		62.5
12705	41.3		10.4		4.0		428.3		800		25.0		63.0
13213	41.3		10.4		4.0		428.3		800		25.0		63.5
13721	41.3		10.4		4.0		428.3		800		25.0		64.0
14229	41.3		10.4		4.0		428.3		800		25.0		64.5
14737	41.3		10.4		4.0		428.3		800		25.0		65.0
15245	41.3		10.4		4.0		428.3		800		25.0		65.5
15753	41.3		10.4		4.0		428.3		800		25.0		66.0
16261	41.3		10.4		4.0		428.3		800		25.0		66.5
16769	41.3		10.4		4.0		428.3		800		25.0		67.0
17277	41.3		10.4		4.0		428.3		800		25.0		67.5
17785	41.3		10.4		4.0		428.3		800		25.0		68.0
18293	41.3		10.4		4.0		428.3		800		25.0		68.5
18801	41.3		10.4		4.0		428.3		800		25.0		69.0
19309	41.3		10.4		4.0		428.3		800		25.0		69.5
19817	41.3		10.4		4.0		428.3		800		25.0		70.0
20325	41.3		10.4		4.0		428.3		800		25.0		70.5
20833	41.3		10.4		4.0		428.3		800		25.0		71.0
21341	41.3		10.4		4.0		428.3		800		25.0		71.5
21849	41.3		10.4		4.0		428.3		800		25.0		72.0
22357	41.3		10.4		4.0		428.3		800		25.0		72.5
22865	41.3		10.4		4.0		428.3		800		25.0		73.0
23373	41.3		10.4		4.0		428.3		800		25.0		73.5
23881	41.3		10.4		4.0		428.3		800		25.0		74.0
24389	41.3		10.4		4.0		428.3		800		25.0		74.5
24897	41.3		10.4		4.0		428.3		800		25.0		75.0
25405	41.3		10.4		4.0		428.3		800		25.0		75.5
25913	41.3		10.4		4.0		428.3		800		25.0		76.0
26421	41.3		10.4		4.0		428.3		800		25.0		76.5
26929	41.3		10.4		4.0		428.3		800		25.0		77.0
27437	41.3		10.4		4.0		428.3		800		25.0		77.5
27945	41.3		10.4		4.0		428.3		800		25.0		78.0
28453	41.3		10.4		4.0		428.3		800		25.0		78.5
28961	41.3		10.4		4.0		428.3		800		25.0		79.0
29469	41.3		10.4		4.0		428.3		800		25.0		79.5
29977	41.3		10.4		4.0		428.3		800		25.0		80.0
30485	41.3		10.4		4.0		428.3		800		25.0		80.0
30993	41.3		10.4		4.0		428.3		800		25.0		80.0
31501	41.3		10.4		4.0		428.3		800		25.0		80.0
32009	41.3		10.4		4.0		428.3		800		25.0		80.0
32517	41.3		10.4		4.0		428.3		800		25.0		80.0
33025	41.3		10.4		4.0		428.3		800		25.0		80.0
33533	41.3		10.4		4.0		428.3		800		25.0		80.0
34041	41.3		10.4		4.0		428.3		800		25.0		80.0
34549	41.3		10.4		4.0		428.3		800		25.0		80.0
35057	41.3		10.4		4.0		428.3		800		25.0		80.0
35565	41.3		10.4		4.0		428.3		800		25.0		80.0
36073	41.3		10.4		4.0		428.3		800		25.0		80.0
36581	41.3		10.4		4.0		428.3		800		25.0		80.0
37089	41.3		10.4		4.0		428.3		800		25.0		80.0
37597	41.3		10.4		4.0		428.3		800		25.0		80.0
38105	41.3		10.4		4.0		428.3		800		25.0		80.0
38613	41.3		10.4		4.0		428.3		800		25.0		80.0
39121	41.3		10.4		4.0		428.3		800		25.0		80.0
39629	41.3		10.4		4.0		428.3		800		25.0		80.0
40137	41.3		10.4		4.0		428.3		800		25.0		80.0
40645	41.3		10.4		4.0		428.3		800		25.0		80.0
41153	41.3		10.4		4.0		428.3		800		25.0		80.0
41661	41.3		10.4		4.0		428.3		800		25.0		80.0
42169	41.3		10.4		4.0		428.3		800		25.0		80.0
42677	41.3		10.4		4.0		428.3		800		25.0		80.0
43185	41.3		10.4		4.0		428.3		800		25.0		80.0
43693	41.3		10.4		4.0		428.3		800		25.0		80.0
44201	41.3		10.4		4.0		428.3		800		25.0		80.0
44709	41.3		10.4		4.0		428.3		800		25.0		80.0
45217	41.3		10.4		4.0		428.3		800		25.0		80.0
45725	41.3		10.4		4.0		428.3		800		25.0		80.0
46233	41.3		10.4		4.0		428.3		800		25.0		80.0
46741	41.3		10.4		4.0		428.3		800		25.0		80.0
47249	41.3		10.4		4.0		428.3		800		25.0		80.0
47757	41.3		10.4		4.0		428.3		800		25.0		80.0
48265	41.3		10.4		4.0		428.3		800		25.0		80.0
48773	41.3		10.4		4.0		428.3		800		25.0		80.0
49281	41.3		10.4		4.0		428.3		800		25.0		80.0
49789	41.3		10.4		4.0		428.3		800		25.0		80.0
50297	41.3		10.4		4.0		428.3		800		25.0		80.0
50805	41.3		10.4		4.0		428.3		800		25.0		80.0
51313	41.3		10.4		4.0		428.3		800		25.0		80.0
51821	41.3		10.4		4.0		428.3		800		25.0		80.0
52329	41.3		10.4		4.0		428.3		800		25.0		80.0
52837	41.3		10.4		4.0		428.3		800		25.0		80.0
53345	41.3		10.4		4.0		428.3		800		25.0		80.0
53853	41.3		10.4		4.0		428.3		800		25.0		80.0
54361	41.3		10.4		4.0		428.3		800		25.0		80.0
54869	41.3		10.4		4.0		428.3		800		25.0		80.0
55377	41.3		10.4		4.0		428.3		800		25.0		80.0
55885	41.3		10.4		4.0		428.3		800		25.0		80.0
56393	41.3		10.4		4.0		428.3		800		25.0		80.0
56901	41.3		10.4		4.0		428.3		800		25.0		80.0
57409	41.3		10.4		4.0		428.3		800		25.0		80.0
57917	41.3		10.4		4.0		428.3		800		25.0		80.0
58425	41.3		10.4		4.0		428.3		800		25.0		80.0
58933	41.3		10.4		4.0		428.3		800		25.0		80.0
59441	41.3		10.4		4.0		428.3		800		25.0		80.0
59949	41.3		10.4		4.0		428.3		800		25.0		80.0
60457	41.3		10.4		4.0		428.3		800		25.0		80.0
60965	41.3		10.4		4.0		428.3		800		25.0		80.0
61473	41.3		10.4		4.0		428.3		800		25.0		80.0
61981	41.3		10.4		4.0		428.3		800		25.0		80.0
62489	41.3		10.4		4.0		428.3		800		25.0		80.0
62997	41.3		10.4		4.0		428.3		800		25.0		80.0
63505	41.3		10.4		4.0		428.3		800		25.0		80.0
64013	41.3		10.4		4.0		428.3		800		25.0		80.0
64521	41.3		10.4		4.0		428.3		800		25.0		80.0
65029	41.3		10.4		4.0		428.3		800		25.0		80.0
65537	41.3		10.4		4.0		428.3		800		25.0		80.0
66045	41.3		10.4		4.0		428.3		800		25.0		80.0
66553	41.3		10.4		4.0		428.3		800		25.0		80.0
67061	41.3		10.4		4.0		428.3		800		25.0		80.0
67569	41.3		10.4		4.0		428.3		800		25.0		80.0
68077	41.3		10.4		4.0		428.3		800		25.0		80.0
68585	41.3		10.4		4.0		428.3		800		25.0		80.0
69093	41.3		10.4		4.0		428.3		800		25.0		80.0
69601	41.3		10.4		4.0		428.3		800		25.0		80.0
70109	41.3		10.4		4.0		428.3		800		25.0		80.0
70617	41.3		10.4		4.0		428.3		800		25.0		80.0
71125	41.3		10.4		4.0		428.3		800		25.0		80.0
71633	41.3		10.4		4.0		428.3		800		25.0		80.0
72141	41.3		10.4		4.0		428.3		800		25.0		80.0
72649	41.3		10.4		4.0		428.3		800		25.0		80.0
73157	41.3		10.4		4.0		428.3		800		25.0		80.0
73665	41.3		10.4		4.0		428.3		800		25.0		80.0
74173	41.3		10.4		4.0		428.3		800		25.0		80.0
74681	41.3		10.4		4.0		428.3		800		25.0		80.0
75189	41.3		10.4		4.0		428.3		800		25.0		80.0
75697	41.3		10.4		4.0		428.3		800		25.0		80.0
76205	41.3		10.4		4.0		428.3		800		25.0		80.0
76713	41.3		10.4		4.0		428.3		800		25.0		80.0
77221	41.3		10.4		4.0		428.3		800		25.0		80.0
77729	41.3		10.4		4.0		428.3		800		25.0		80.0
78237	41.3		10.4		4.0		428.3		800		25.0		80.0
78745	41.3		10.4		4.0		428.3		800		25.0		80.0
79253	41.3		10.4		4.0		428.3		800		25.0		80.0
79761	41.3		10.4		4.0		428.3		800		25.0		80.0
80269	41.3		10.4		4.0		428.3		800		25.0		80.0
80777	41.3		10.4		4.0		428.3		800		25.0		80.0
81285	41.3		10.4		4.0		428.3		800		25.0		80.0
81793	41.3		10.4		4.0		428.3		800		25.0		80.0
82301	41.3		10.4		4.0		428.3		800		25.0		80.0
82809	41.3		10.4		4.0		428.3		800		25.0		80.0
83317	41.3		10.4		4.0		428.3		800		25.0		80.0
83825	41.3		10.4		4.0		428.3		800		25.0		80.0
84333	41.3		10.4		4.0		428.3		800		25.0		80.0
84841	41.3		10.4		4.0		428.3		800		25.0		80.0
85349	41.3		10.4		4.0		428.3		800		25.0		80.0
85857	41.3		10.4		4.0		428.3		800		25.0		80.0
86365	41.3		10.4		4.0		428.3		800		25.0		80.0
86873	41.3		10.4		4.0		428.3		800		25.0		80.0
87381	41.3		10.4		4.0		428.3		800		25.0		80.0
87889	41.3		10.4		4.0		428.3		800		25.0		80.0
88397	41.3		10.4		4.0		428.3		800		25.0		80.0
88905	41.3		10.4		4.0		428.3		800		25.0		80.0
89413	41.3		10.4		4.0		428.3		800		25.0		80.0
89921	41.3		10.4		4.0		428.3		800		25.0		80.0
90429	41.3		10.4		4.0		428.3		800		25.0		80.0
90937	41.3		10.4		4.0		428.3		800		25.0		80.0
91445	41.3		10.4		4.0		428.3		800		25.0		80.0
91953	41.3		10.4		4.0		428.3		800		25.0		80.0
92461	41.3		10.4		4.0		428.3		800		25.0		80.0
92969	41.3		10.4		4.0		428.3		800		25.0		80.0
93477	41.3		10.4		4.0		428.3		800		25.0		80.0
93985	41.3		10.4		4.0		428.3		800		25.0		80.0
94493	41.3		10.4		4.0		428.3		800		25.0		80.0
95001	41.3		10.4		4.0		428.3		800		25.0		80.0
95509	41.3		10.4		4.0		428.3		800		25.0		80.0
96017	41.3		10.4		4.0		428.3		800		25.0		80.0
96525	41.3		10.4		4.0		428.3		800		25.0		80.0
97033	41.3		10.4		4.0		428.3		800		25.0		80.0
97541	41.3		10.4		4.0		428.3		800		25.0		80.0
98049	41.3		10.4		4.0		428.3		800		25.0		80.0
98557	41.3		10.4		4.0		428.3		800		25.0		80.0
99065	41.3		10.4		4.0		428.3		800		25.0		80.0
99573	41.3		10.4		4.0		428.3		800		25.0		80.0
100081	41.3		10.4		4.0		428.3		800		25.0		80.0
100589	41.3		10.4		4.0		428.3		800		25.0		80.0
101097	41.3		10.4		4.0		428.3		800		25.0		80.0
101605	41.3		10.4		4.0		428.3		800		25.0		80.0
102113	41.3		10.4		4.0		428.3		800		25.0		80.0
102621	41.3		10.4		4.0		428.3		800		25.0		80.0
103129	41.3		10.4		4.0		428.3		800		25.0		80.0
103637	41.3		10.4		4.0		428.3		800		25.0		80.0
104145	41.3		10.4		4.0		428.3		800		25.0		80.0
104653	41.3		10.4		4.0		428.3		800		25.0		80.0
105161	41.3		10.4		4.0		428.3		800		25.0		80.0
105669	41.3		10.4		4.0		428.3		800		25.0		80.0
106177	41.3		10.4		4.0		428.3		800		25.0		80.0
106685	41.3		10.4		4.0		428.3		800		25.0		80.0
107193	41.3		10.4		4.0		428.3		800		25.0		80.0
107701	41.3		10.4		4.0		428.3		800		25.0		80.0
108209	41.3		10.4		4.0		428.3		800		25.0		80.0
108717	41.3		10.4		4.0		428.3		800		25.0		80.0
109225	41.3		10.4		4.0		428.3		800		25.0		80.0
109733	41.3		10.4		4.0		428.3		800		25.0		80.0
110241	41.3		10.4		4.0		428.3		800		25.0		80.0
110749	41.3		10.4		4.0		428.3		800		25.0		80.0
111257	41.3		10.4		4.0		428.3		800		25.0		80.0
111765	41.3		10.4		4.0		428.3		800		25.0		80.0
112273	41.3		10.4		4.0		428.3		800		25.0		80.0
112781	41.3		10.4		4.0		428.3		800		25.0		80.0
113289	41.3		10.4		4.0		428.3		800		25.0		80.0
113797	41.3		10.4		4.0		428.3		800		25.0		80.0
114305	41.3		10.4		4.0		428.3		800		25.0		80.0
114813	41.3		10.4		4.0		428.3		800		25.0		80.0
115321	41.3		10.4		4.0		428.3		800		25.0		80.0
115829	41.3		10.4		4.0		428.3		800		25.0		80.0
116337	41.3		10.4		4.0		428.3		800		25.0		80.0
116845	41.3		10.4		4.0		428.3		800		25.0		80.0
117353	41.3		10.4		4.0		428.3		800		25.0		80.0
117861	41.3		10.4		4.0		428.3		800		25.0		80.0
118369	41.3		10.4		4.0		428.3		800		25.0		80.0
118877	41.3		10.4		4.0		428.3		800		25.0		80.0
119385	41.3		10.4		4.0		428.3		800		25.0		80.0
119893	41.3		10.4		4.0		428.3		800		25.0		80.0
120401	41.3		10.4		4.0		428.3		800		25.0		80.0
120909	41.3		10.4		4.0		428.0		799		25.0		79.5
121417	41.3		10.3		4.0		426.2		796		25.0		80.0
121925	41.3		10.3		4.0		425.6		795		25.0		79.5
122433	41.3		10.2		4.1		419.8		784		25.0		80.0
122941	41.3		10.0		4.1		412.3		770		25.0		79.5
123449	41.3		9.8		4.2		404.4		755		25.0		80.0
123957	41.3		9.6		4.3		395.6		739		25.0		79.5
124465	41.3		9.4		4.4		388.4		725		25.0		80.0
124973	41.3		9.2		4.5		380.2		710		25.0		79.5
125481	41.3		9.0		4.6		372.6		696		25.0		80.0
125989	41.3		8.8		4.7		364.8		681		25.0		79.5
126497	41.3		8.6		4.8		357.2		667		25.0		80.0
127005	41.3		8.4		4.9		348.7		651		25.0		79.5
127513	41.3		8.2		5.0		340.5		636		25.0		80.0
128021	41.3		8.1		5.1		333.6		623		25.0		79.5
128529	41.3		7.9		5.2		325.7		608		25.0		80.0
129037	41.3		7.7		5.4		318.1		594		25.0		79.5
129545	41.3		7.5		5.5		310.0		579		25.0		80.0
130053	41.3		7.3		5.6		302.6		564		25.0		79.5
130561	41.3		7.1		5.8		293.9		549		25.0		80.0
131069	41.3		6.9		6.0		286.4		535		25.0		79.5
131577	41.3		6.7		6.1		278.5		520		25.0		80.0
132085	41.3		6.5		6.3		270.3		505		25.0		79.5
132593	41.3		6.4		6.5		263.0		491		25.0		80.0
133101	41.3		6.2		6.7		254.9		476		25.0		79.5
133609	41.3		6.0		6.9		247.0		461		25.0		80.0
134117	41.3		5.8		7.1		238.8		446		25.0		79.5
134625	41.3		5.6		7.4		231.3		432		25.0		80.0
135133	41.3		5.4		7.6		223.4		417		25.0		79.5
135641	41.3		5.2		7.9		215.8		403		25.0		80.0
136149	41.3		5.2		7.9		215.8		403		25.0		80.0
136657	41.3		5.2		8.0		214.6		401		25.0		79.5
137165	41.3		5.2		8.0		214.3		400		25.0		80.0
137673	41.3		5.2		8.0		214.3		400		25.0		80.0
138181	41.3		5.2		8.0		214.3		400		25.0		80.0
138689	41.3		5.2		8.0		214.3		400		25.0		80.0
139197	41.3		5.2		8.0		214.3		400		25.0		80.0
139705	41.3		5.2		8.0		214.3		400		25.0		80.0
140213	41.3		5.2		8.0		214.3		400		25.0		80.0
140721	41.3		5.2		8.0		214.3		400		25.0		80.0
141229	41.3		5.2		8.0		214.3		400		25.0		80.0
141737	41.3		5.2		8.0		214.3		400		25.0		80.0
142245	41.3		5.2		8.0		214.3		400		25.0		80.0
142753	41.3		5.2		8.0		214.3		400		25.0		80.0
143261	41.3		5.2		8.0		214.3		400		25.0		80.0
143769	41.3		5.2		8.0		214.3		400		25.0		80.0
144277	41.3		5.2		8.0		214.3		400		25.0		80.0
144785	41.3		5.2		8.0		214.3		400		25.0		80.0
145293	41.3		5.2		8.0		214.3		400		25.0		80.0
145801	41.3		5.2		8.0		214.3		400		25.0		80.0
146309	41.3		5.2		8.0		214.3		400		25.0		80.0
146817	41.3		5.2		8.0		214.3		400		25.0		80.0
147325	41.3		5.2		8.0		214.3		400		25.0		80.0
147833	41.3		5.2		8.0		214.3		400		25.0		80.0
148341	41.3		5.2		8.0		214.3		400		25.0		80.0
148849	41.3		5.2		8.0		214.3		400		25.0		80.0
149357	41.3		5.2		8.0		214.3		400		25.0		80.0
149865	41.3		5.2		8.0		214.3		400		25.0		80.0
150373	41.3		5.2		8.0		214.3		400		25.0		80.0
150881	41.3		5.2		8.0		214.3		400		25.0		80.0
151389	41.3		5.2		8.0		214.3		400		25.0		80.0
151897	41.3		5.2		8.0		214.3		400		25.0		80.0
152405	41.3		5.2		8.0		214.3		400		25.0		80.0
152913	41.3		5.2		8.0		214.3		400		25.0		80.0
153421	41.3		5.2		8.0		214.3		400		25.0		80.0
153929	41.3		5.2		8.0		214.3		400		25.0		80.0
154437	41.3		5.2		8.0		214.3		400		25.0		80.0
154945	41.3		5.2		8.0		214.3		400		25.0		80.0
155453	41.3		5.2		8.0		214.3		400		25.0		80.0
155961	41.3		5.2		8.0		214.3		400		25.0		80.0
156469	41.3		5.2		8.0		214.3		400		25.0		80.0
156977	41.3		5.2		8.0		214.3		400		25.0		80.0
157485	41.3		5.2		8.0		214.3		400		25.0		80.0
157993	41.3		5.2		8.0		214.3		400		25.0		80.0
158501	41.3		5.2		8.0		214.3		400		25.0		80.0
159009	41.3		5.2		8.0		214.3		400		25.0		80.0
159517	41.3		5.2		8.0		214.3		400		25.0		80.0
160025	41.3		5.2		8.0		214.3		400		25.0		80.0
160533	41.3		5.2		8.0		214.3		400		25.0		80.0
161041	41.3		5.2		8.0		214.3		400		25.0		80.0
161549	41.3		5.2		8.0		214.3		400		25.0		80.0
162057	41.3		5.2		7.9		215.8		403		25.0		80.0
162565	41.3		5.2		7.9		215.8		403		25.0		80.0
163073	41.3		5.2		7.9		215.8		403		25.0		80.0
163581	41.3		5.2		7.9		215.8		403		25.0		80.0
164089	41.3		5.2		7.9		215.8		403		25.0		80.0
164597	41.3		5.2		7.9		215.8		403		25.0		80.0
165105	41.3		5.2		7.9		215.8		403		25.0		80.0
165613	41.3		5.2		7.9		215.8		403		25.0		80.0
166121	41.3		5.2		7.9		215.8		403		25.0		80.0
166629	41.3		5.2		7.9		215.8		403		25.0		80.0
167137	41.3		5.2		7.9		215.8		403		25.0		80.0
167645	41.3		5.2		7.9		215.8		403		25.0		80.0
168153	41.3		5.2		7.9		215.8		403		25.0		80.0
168661	41.3		5.2		7.9		215.8		403		25.0		80.0
169169	41.3		5.2		7.9		215.8		403		25.0		80.0
169677	41.3		5.2		7.9		215.8		403		25.0		80.0
170185	41.3		5.2		7.9		215.8		403		25.0		80.0
170693	41.3		5.2		7.9		216.4		404		25.0		80.0
171201	41.3		5.3		7.8		217.9		407		25.0		80.0
171709	41.3		5.5		7.6		226.1		422		25.0		80.0
172217	41.3		5.7		7.3		234.0		437		25.0		80.0
172725	41.3		5.8		7.1		241.6		451		25.0		80.0
173233	41.3		6.0		6.8		249.4		466		25.0		80.0
173741	41.3		6.2		6.6		257.6		481		25.0		80.0
174249	41.3		6.4		6.4		265.2		495		25.0		80.0
174757	41.3		6.6		6.2		273.6		511		25.0		80.0
175265	41.3		6.8		6.1		281.2		525		25.0		80.0
175773	41.3		7.0		5.9		289.1		540		25.0		80.0
176281	41.3		7.2		5.8		296.0		553		25.0		80.0
176789	41.3		7.4		5.6		304.2		568		25.0		80.0
177297	41.3		7.6		5.5		312.1		583		25.0		80.0
177805	41.3		7.8		5.3		320.3		598		25.0		80.0
178313	41.3		7.9		5.2		328.1		613		25.0		80.0
178821	41.3		8.1		5.1		335.7		627		25.0		80.0
179329	41.3		8.3		5.0		343.9		642		25.0		80.0
179837	41.3		8.5		4.9		351.4		656		25.0		80.0
180345	41.3		8.7		4.8		359.3		671		25.0		80.0
180853	41.3		8.9		4.7		367.0		686		25.0		80.0
181361	41.3		9.1		4.5		375.3		701		25.0		80.0
181869	41.3		9.3		4.5		383.5		716		25.0		80.0
182377	41.3		9.5		4.4		390.8		730		25.0		80.0
182885	41.3		9.6		4.3		398.4		744		25.0		80.0
183393	41.3		9.8		4.2		405.9		758		25.0		80.0
183901	41.3		10.0		4.1		414.1		773		25.0		80.0
184409	41.3		10.2		4.0		422.0		788		25.0		80.0
184917	41.3		10.3		4.0		426.2		796		25.0		80.0
185425	41.3		10.4		4.0		428.0		799		25.0		80.0
185933	41.3		10.4		4.0		428.9		801		25.0		80.0
186441	41.3		10.4		4.0		428.9		801		25.0		80.0
186949	41.3		10.4		4.0		428.9		801		25.0		80.0
187457	41.3		10.4		4.0		428.3		800		25.0		79.5
187965	41.3		10.4		4.0		428.3		800		25.0		79.0
188473	41.3		10.4		4.0		428.3		800		25.0		78.5
188981	41.3		10.4		4.0		428.3		800		25.0		78.0
189489	41.3		10.4		4.0		428.3		800		25.0		77.5
189997	41.3		10.4		4.0		428.3		800		25.0		77.0
190505	41.3		10.4		4.0		428.3		800		25.0		76.5
191013	41.3		10.4		4.0		428.3		800		25.0		76.0
191521	41.3		10.4		4.0		428.3		800		25.0		75.5
192029	41.3		10.4		4.0		428.3		800		25.0		75.0
192537	41.3		10.4		4.0		428.3		800		25.0		74.5
193045	41.3		10.4		4.0		428.3		800		25.0		74.0
193553	41.3		10.4		4.0		428.3		800		25.0		73.5
194061	41.3		10.4		4.0		428.3		800		25.0		73.0
194569	41.3		10.4		4.0		428.3		800		25.0		72.5
195077	41.3		10.4		4.0		428.3		800		25.0		72.0
195585	41.3		10.4		4.0		428.3		800		25.0		71.5
196093	41.3		10.4		4.0		428.3		800		25.0		71.0
196601	41.3		10.4		4.0		428.3		800		25.0		70.5
197109	41.3		10.4		4.0		428.3		800		25.0		70.0
197617	41.3		10.4		4.0		428.3		800		25.0		69.5
198125	41.3		10.4		4.0		428.3		800		25.0		69.0
198633	41.3		10.4		4.0		428.3		800		25.0		68.5
199141	41.3		10.4		4.0		428.3		800		25.0		68.0
199649	41.3		10.4		4.0		428.3		800		25.0		67.5
200157	41.3		10.4		4.0		428.3		800		25.0		67.0
200665	41.3		10.4		4.0		428.3		800		25.0		66.5
201173	41.3		10.4		4.0		428.3		800		25.0		66.0
201681	41.3		10.4		4.0		428.3		800		25.0		65.5
202189	41.3		10.4		4.0		428.3		800		25.0		65.0
202697	41.3		10.4		4.0		428.3		800		25.0		64.5
203205	41.3		10.4		4.0		428.3		800		25.0		64.0
203713	41.3		10.4		4.0		428.3		800		25.0		63.5
204221	41.3		10.4		4.0		428.3		800		25.0		63.0
204729	41.3		10.4		4.0		428.3		800		25.0		62.5
205237	41.3		10.4		4.0		428.3		800		25.0		62.0
205745	41.3		10.4		4.0		428.3		800		25.0		61.5
206253	41.3		10.4		4.0		428.3		800		25.0		61.0
206761	41.3		10.4		4.0		428.3		800		25.0		60.5
207269	41.3		10.4		4.0		428.3		800		25.0		60.0
207777	41.3		10.4		4.0		428.3		800		25.0		59.5
208285	41.3		10.4		4.0		428.3		800		25.0		59.0
208793	41.3		10.4		4.0		428.3		800		25.0		58.5
209301	41.3		10.4		4.0		428.3		800		25.0		58.0
209809	41.3		10.4		4.0		428.3		800		25.0		57.5
210317	41.3		10.4		4.0		428.3		800		25.0		57.0
210825	41.3		10.4		4.0		428.3		800		25.0		56.5
211333	41.3		10.4		4.0		428.3		800		25.0		56.0
211841	41.3		10.4		4.0		428.3		800		25.0		55.5
212349	41.3		10.4		4.0		428.3		800		25.0		55.0
212857	41.3		10.4		4.0		428.3		800		25.0		54.5
213365	41.3		10.4		4.0		428.3		800		25.0		54.0
213873	41.3		10.4		4.0		428.3		800		25.0		53.5
214381	41.3		10.4		4.0		428.3		800		25.0		53.0
214889	41.3		10.4		4.0		428.3		800		25.0		52.5
215397	41.3		10.4		4.0		428.3		800		25.0		52.0
215905	41.3		10.4		4.0		428.3		800		25.0		51.5
216413	41.3		10.4		4.0		428.3		800		25.0		51.0
216921	41.3		10.4		4.0		428.3		800		25.0		50.5
217429	41.3		10.4		4.0		428.3		800		25.0		50.0
217937	41.3		10.4		4.0		428.3		800		25.0		49.5
218445	41.3		10.4		4.0		428.3		800		25.0		49.0
218953	41.3		10.4		4.0		428.3		800		25.0		48.5
219461	41.3		10.4		4.0		428.3		800		25.0		48.0
219969	41.3		10.4		4.0		428.3		800		25.0		47.5
220477	41.3		10.4		4.0		428.3		800		25.0		47.0
220985	41.3		10.4		4.0		428.3		800		25.0		46.5
221493	41.3		10.4		4.0		428.0		799		25.0		47.0
222001	41.3		10.2		4.1		421.1		786		25.0		46.5
222509	41.3		10.0		4.1		412.9		771		25.0		47.0
223017	41.3		9.8		4.2		405.3		757		25.0		46.5
223525	41.3		9.6		4.3		397.4		742		25.0		47.0
224033	41.3		9.4		4.4		389.9		728		25.0		46.5
224541	41.3		9.2		4.5		381.7		713		25.0		47.0
225049	41.3		9.1		4.6		374.4		699		25.0		46.5
225557	41.3		8.8		4.7		365.7		683		25.0		47.0
226065	41.3		8.7		4.8		358.4		669		25.0		46.5
226573	41.3		8.5		4.9		350.2		654		25.0		47.0
227081	41.3		8.3		5.0		342.7		640		25.0		46.5
227589	41.3		8.1		5.1		335.1		626		25.0		47.0
228097	41.3		7.9		5.2		327.2		611		25.0		46.5
228605	41.3		7.7		5.4		318.7		595		25.0		47.0
229113	41.3		7.5		5.5		311.2		581		25.0		46.5
229621	41.3		7.3		5.6		303.6		567		25.0		47.0
230129	41.3		7.2		5.8		295.7		552		25.0		46.5
230637	41.3		7.0		5.9		288.2		538		25.0		47.0
231145	41.3		6.8		6.1		280.0		523		25.0		46.5
231653	41.3		6.6		6.3		272.1		508		25.0		47.0
232161	41.3		6.4		6.5		264.0		493		25.0		46.5
232669	41.3		6.2		6.7		256.1		478		25.0		47.0
233177	41.3		6.0		6.9		248.5		464		25.0		46.5
233685	41.3		5.8		7.1		240.3		449		25.0		47.0
234193	41.3		5.6		7.3		233.1		435		25.0		46.5
234701	41.3		5.4		7.6		224.9		420		25.0		47.0
235209	41.3		5.2		7.9		216.7		405		25.0		46.5
235717	41.3		5.1		8.2		208.9		390		25.0		47.0
236225	41.3		4.9		8.5		201.3		376		25.0		46.5
236733	41.3		4.7		8.8		193.7		362		25.0		47.0
237241	41.3		4.5		9.2		185.9		347		25.0		46.5
237749	41.3		4.3		9.6		178.3		333		25.0		47.0
238257	41.3		4.1		10.1		169.8		317		25.0		46.5
238765	41.3		4.0		10.3		165.0		308		25.0		47.0
239273	41.3		4.0		10.3		165.0		308		25.0		47.5
239781	41.3		4.0		10.4		163.8		306		25.0		47.0
240289	41.3		3.9		10.5		162.2		303		25.0		47.5
240797	41.3		3.9		10.6		160.7		300		25.0		47.0
241305	41.3		3.9		10.6		160.7		300		25.0		46.5
241813	41.3		3.9		10.6		160.7		300		25.0		46.0
242321	41.3		3.9		10.6		160.7		300		25.0		45.5
242829	41.3		3.9		10.6		160.7		300		25.0		45.0
243337	41.3		3.9		10.6		160.7		300		25.0		44.5
243845	41.3		3.9		10.6		160.7		300		25.0		44.0
244353	41.3		3.9		10.6		160.7		300		25.0		43.5
244861	41.3		3.9		10.6		160.7		300		25.0		43.0
245369	41.3		3.9		10.6		160.7		300		25.0		42.5
245877	41.3		3.9		10.6		160.7		300		25.0		42.0
246385	41.3		3.9		10.6		160.7		300		25.0		41.5
246893	41.3		3.9		10.6		160.7		300		25.0		41.0
247401	41.3		3.9		10.6		160.7		300		25.0		40.5
247909	41.3		3.9		10.6		160.7		300		25.0		40.0
248417	41.3		3.9		10.6		160.7		300		25.0		39.5
248925	41.3		3.9		10.6		160.7		300		25.0		39.0
249433	41.3		3.9		10.6		160.7		300		25.0		38.5
249941	41.3		3.9		10.6		160.7		300		25.0		38.0
250449	41.3		3.9		10.6		160.7		300		25.0		37.5
250957	41.3		3.9		10.6		160.7		300		25.0		37.0
251465	41.3		3.9		10.6		160.7		300		25.0		36.5
251973	41.3		3.9		10.6		160.7		300		25.0		36.0
252481	41.3		3.9		10.6		160.7		300		25.0		35.5
252989	41.3		3.9		10.6		160.7		300		25.0		35.0
253497	41.3		3.9		10.6		160.7		300		25.0		34.5
254005	41.3		3.9		10.6		160.7		300		25.0		34.0
254513	41.3		3.9		10.6		160.7		300		25.0		33.5
255021	41.3		3.9		10.6		160.7		300		25.0		33.0
255529	41.3		3.9		10.6		160.7		300		25.0		32.5
256037	41.3		3.9		10.6		160.7		300		25.0		32.0
256545	41.3		3.9		10.6		160.7		300		25.0		31.5
257053	41.3		3.9		10.6		160.7		300		25.0		31.0
257561	41.3		3.9		10.6		160.7		300		25.0		30.5
258069	41.3		3.9		10.6		160.7		300		25.0		30.0
258577	41.3		3.9		10.6		160.7		300		25.0		29.5
259085	41.3		3.9		10.6		160.7		300		25.0		29.0
259593	41.3		3.9		10.6		160.7		300		25.0		28.5
260101	41.3		3.9		10.6		160.7		300		25.0		28.0
260609	41.3		3.9		10.6		160.7		300		25.0		27.5
261117	41.3		3.9		10.6		160.7		300		25.0		27.0
261625	41.3		3.9		10.6		160.7		300		25.0		26.5
262133	41.3		3.9		10.6		160.7		300		25.0		26.0
262641	41.3		3.9		10.6		160.7		300		25.0		25.5
263149	41.3		3.9		10.6		160.7		300		25.0		25.0
263657	41.3		3.9		10.6		160.7		300		25.0		24.5
264165	41.3		3.9		10.6		160.7		300		25.0		24.0
264673	41.3		3.9		10.6		160.7		300		25.0		23.5
265181	41.3		3.9		10.6		160.7		300		25.0		23.0
265689	41.3		3.9		10.6		160.7		300		25.0		22.5
266197	41.3		3.9		10.6		160.7		300		25.0		22.0
266705	41.3		3.9		10.6		160.7		300		25.0		21.5
267213	41.3		3.9		10.6		160.7		300		25.0		21.0
267721	41.3		3.9		10.6		160.7		300		25.0		20.5
268229	41.3		3.9		10.6		160.7		300		25.0		20.0
268737	41.3		3.9		10.6		160.7		300		25.0		20.0
269245	41.3		3.9		10.6		160.7		300		25.0		20.0
269753	41.3		3.9		10.6		160.7		300		25.0		20.0
270261	41.3		3.9		10.6		160.7		300		25.0		20.0
270769	41.3		3.9		10.6		160.7		300		25.0		20.0
271277	41.3		3.9		10.6		160.7		300		25.0		20.0
271785	41.3		3.9		10.6		160.7		300		25.0		20.0
272293	41.3		3.9		10.6		160.7		300		25.0		20.0
272801	41.3		3.9		10.6		160.7		300		25.0		20.0
273309	41.3		3.9		10.6		160.7		300		25.0		20.0
273817	41.3		3.9		10.6		160.7		300		25.0		20.0
274325	41.3		3.9		10.6		160.7		300		25.0		20.0
274833	41.3		3.9		10.6		160.7		300		25.0		20.0
275341	41.3		3.9		10.6		160.7		300		25.0		20.0
275849	41.3		3.9		10.6		160.7		300		25.0		20.0
276357	41.3		3.9		10.6		160.7		300		25.0		20.0
276865	41.3		3.9		10.6		160.7		300		25.0		20.0
277373	41.3		3.9		10.6		160.7		300		25.0		20.0
277881	41.3		3.9		10.6		160.7		300		25.0		20.0
278389	41.3		3.9		10.6		160.7		300		25.0		20.0
278897	41.3		3.9		10.6		160.7		300		25.0		20.0
279405	41.3		3.9		10.6		160.7		300		25.0		20.0
279913	41.3		3.9		10.6		160.7		300		25.0		20.0
280421	41.3		3.9		10.6		160.7		300		25.0		20.0
280929	41.3		3.9		10.6		161.3		301		25.0		20.0
281437	41.3		3.9		10.6		161.3		301		25.0		20.0
281945	41.3		4.1		10.1		168.6		315		25.0		20.0
282453	41.3		4.3		9.7		176.4		331		25.0		20.0
282961	41.3		4.5		9.2		184.6		345		25.0		20.0
283469	41.3		4.7		8.9		192.2		359		25.0		20.0
283977	41.3		4.8		8.5		200.4		374		25.0		20.0
284485	41.3		5.0		8.2		207.7		388		25.0		20.0
284993	41.3		5.2		7.9		215.8		403		25.0		20.0
285501	41.3		5.4		7.6		223.4		417		25.0		20.0
286009	41.3		5.6		7.4		231.9		433		25.0		20.0
286517	41.3		5.8		7.1		240.0		448		25.0		20.0
287025	41.3		6.0		6.9		247.3		462		25.0		20.0
287533	41.3		6.2		6.7		254.9		476		25.0		20.0
288041	41.3		6.4		6.5		262.4		490		25.0		20.0
288549	41.3		6.5		6.3		270.3		505		25.0		20.0
289057	41.3		6.8		6.1		279.1		521		25.0		20.0
289565	41.3		6.9		6.0		286.4		535		25.0		20.0
290073	41.3		7.1		5.8		293.9		549		25.0		20.0
290581	41.3		7.3		5.7		302.1		564		25.0		20.0
291089	41.3		7.5		5.5		310.0		579		25.0		20.0
291597	41.3		7.7		5.4		317.5		593		25.0		20.0
292105	41.3		7.9		5.2		326.0		609		25.0		20.0
292613	41.3		8.1		5.1		333.6		623		25.0		20.0
293121	41.3		8.3		5.0		341.7		638		25.0		20.0
293629	41.3		8.4		4.9		349.0		652		25.0		20.0
294137	41.3		8.6		4.8		357.2		667		25.0		20.0
294645	41.3		8.8		4.7		364.8		681		25.0		20.0
295153	41.3		9.0		4.6		370.5		692		25.0		20.0
295661	41.3		9.0		4.6		371.1		693		25.0		20.0
296169	41.3		9.1		4.5		375.3		701		25.0		20.0
296677	41.3		9.3		4.5		382.9		715		25.0		20.0
297185	41.3		9.5		4.4		390.5		729		25.0		20.0
297693	41.3		9.6		4.3		398.4		744		25.0		20.0
298201	41.3		9.8		4.2		405.9		758		25.0		20.0
298709	41.3		10.0		4.1		414.4		774		25.0		20.0
299217	41.3		10.1		4.1		418.3		781		25.0		20.0
299725	41.3		10.1		4.1		418.6		782		25.0		20.0
300233	41.3		10.2		4.0		423.2		790		25.0		20.0
300741	41.3		10.2		4.0		423.5		791		25.0		20.0
301249	41.3		10.3		4.0		424.1		792		25.0		20.0
301757	41.3		10.3		4.0		425.3		794		25.0		20.0
302265	41.3		10.3		4.0		425.6		795		25.0		20.0
302773	41.3		10.3		4.0		426.8		797		25.0		20.0
303281	41.3		10.4		4.0		428.3		800		25.0		20.0
303789	41.3		10.4		4.0		428.9		801		25.0		20.0
304297	41.3		10.4		4.0		428.9		801		25.0		20.0
304805	41.3		10.4		4.0		428.9		801		25.0		20.0
305313	41.3		10.4		4.0		428.3		800		25.0		20.5
305821	41.3		10.4		4.0		428.3		800		25.0		21.0
306329	41.3		10.4		4.0		428.3		800		25.0		21.5
306837	41.3		10.4		4.0		428.3		800		25.0		22.0
307345	41.3		10.4		4.0		428.3		800		25.0		22.5
307853	41.3		10.4		4.0		428.3		800		25.0		23.0
308361	41.3		10.4		4.0		428.3		800		25.0		23.5
308869	41.3		10.4		4.0		428.3		800		25.0		24.0
309377	41.3		10.4		4.0		428.3		800		25.0		24.5
309885	41.3		10.4		4.0		428.3		800		25.0		25.0
310393	41.3		10.4		4.0		428.3		800		25.0		25.5
310901	41.3		10.4		4.0		428.3		800		25.0		26.0
311409	41.3		10.4		4.0		428.3		800		25.0		26.5
311917	41.3		10.4		4.0		428.3		800		25.0		27.0
312425	41.3		10.4		4.0		428.3		800		25.0		27.5
312933	41.3		10.4		4.0		428.3		800		25.0		28.0
313441	41.3		10.4		4.0		428.3		800		25.0		28.5
313949	41.3		10.4		4.0		428.3		800		25.0		29.0
314457	41.3		10.4		4.0		428.3		800		25.0		29.5
314965	41.3		10.4		4.0		428.3		800		25.0		30.0
315473	41.3		10.4		4.0		428.3		800		25.0		30.5
315981	41.3		10.4		4.0		428.3		800		25.0		31.0
316489	41.3		10.4		4.0		428.3		800		25.0		31.5
316997	41.3		10.4		4.0		428.3		800		25.0		32.0
317505	41.3		10.4		4.0		428.3		800		25.0		32.5
318013	41.3		10.4		4.0		428.3		800		25.0		33.0
318521	41.3		10.4		4.0		428.3		800		25.0		33.5
319029	41.3		10.4		4.0		428.3		800		25.0		34.0
319537	41.3		10.4		4.0		428.3		800		25.0		34.5
320045	41.3		10.4		4.0		428.3		800		25.0		35.0
320553	41.3		10.4		4.0		428.3		800		25.0		35.5
321061	41.3		10.4		4.0		428.3		800		25.0		36.0
321569	41.3		10.4		4.0		428.3		800		25.0		36.5
322077	41.3		10.4		4.0		428.3		800		25.0		37.0
322585	41.3		10.4		4.0		428.3		800		25.0		37.5
323093	41.3		10.4		4.0		428.3		800		25.0		38.0
323601	41.3		10.4		4.0		428.3		800		25.0		38.5
324109	41.3		10.4		4.0		428.3		800		25.0		39.0
324617	41.3		10.4		4.0		428.3		800		25.0		39.5
325125	41.3		10.4		4.0		428.3		800		25.0		40.0
325633	41.3		10.4		4.0		428.3		800		25.0		40.5
326141	41.3		10.4		4.0		428.3		800		25.0		41.0
326649	41.3		10.4		4.0		428.3		800		25.0		41.5
327157	41.3		10.4		4.0		428.3		800		25.0		42.0
327665	41.3		10.4		4.0		428.3		800		25.0		42.5
328173	41.3		10.4		4.0		428.3		800		25.0		43.0
328681	41.3		10.4		4.0		428.3		800		25.0		43.5
329189	41.3		10.4		4.0		428.3		800		25.0		44.0
329697	41.3		10.4		4.0		428.3		800		25.0		44.5
330205	41.3		10.4		4.0		428.3		800		25.0		45.0
330713	41.3		10.4		4.0		428.3		800		25.0		45.5
331221	41.3		10.4		4.0		428.3		800		25.0		46.0
331729	41.3		10.4		4.0		428.3		800		25.0		46.5
332237	41.3		10.4		4.0		428.3		800		25.0		47.0
332745	41.3		10.4		4.0		428.3		800		25.0		47.5
333253	41.3		10.4		4.0		428.3		800		25.0		48.0
333761	41.3		10.4		4.0		428.3		800		25.0		48.5
334269	41.3		10.4		4.0		428.3		800		25.0		49.0
334777	41.3		10.4		4.0		428.3		800		25.0		49.5
335285	41.3		10.4		4.0		428.3		800		25.0		50.0
335793	41.3		10.4		4.0		428.3		800		25.0		50.5
336301	41.3		10.4		4.0		428.3		800		25.0		51.0
336809	41.3		10.4		4.0		428.3		800		25.0		51.5
337317	41.3		10.4		4.0		428.3		800		25.0		52.0
337825	41.3		10.4		4.0		428.3		800		25.0		52.5
338333	41.3		10.4		4.0		428.3		800		25.0		53.0
338841	41.3		10.4		4.0		428.3		800		25.0		53.5
339349	41.3		10.4		4.0		428.3		800		25.0		54.0
339857	41.3		10.4		4.0		428.3		800		25.0		54.5
340365	41.3		10.4		4.0		428.3		800		25.0		55.0
340873	41.3		10.4		4.0		428.3		800		25.0		55.5
341381	41.3		10.4		4.0		428.3		800		25.0		56.0
341889	41.3		10.4		4.0		428.3		800		25.0		56.5
342397	41.3		10.4		4.0		428.3		800		25.0		57.0
342905	41.3		10.4		4.0		428.3		800		25.0		57.5
343413	41.3		10.4		4.0		428.3		800		25.0		58.0
343921	41.3		10.4		4.0		428.3		800		25.0		58.5
344429	41.3		10.4		4.0		428.3		800		25.0		59.0
344937	41.3		10.4		4.0		428.3		800		25.0		59.5
345445	41.3		10.4		4.0		428.3		800		25.0		60.0
345953	41.3		10.4		4.0		428.3		800		25.0		60.5
346461	41.3		10.4		4.0		428.3		800		25.0		61.0
346969	41.3		10.4		4.0		428.3		800		25.0		61.5
347477	41.3		10.4		4.0		428.3		800		25.0		62.0
347985	41.3		10.4		4.0		428.3		800		25.0		62.5
348493	41.3		10.4		4.0		428.3		800		25.0		63.0
349001	41.3		10.4		4.0		428.3		800		25.0		63.5
349509	41.3		10.4		4.0		428.3		800		25.0		64.0
350017	41.3		10.4		4.0		428.3		800		25.0		64.5
350525	41.3		10.4		4.0		428.3		800		25.0		65.0
351033	41.3		10.4		4.0		428.3		800		25.0		65.5
351541	41.3		10.4		4.0		428.3		800		25.0		66.0
352049	41.3		10.4		4.0		428.3		800		25.0		66.5
352557	41.3		10.4		4.0		428.3		800		25.0		67.0
353065	41.3		10.4		4.0		428.3		800		25.0		67.5
353573	41.3		10.4		4.0		428.3		800		25.0		68.0
354081	41.3		10.4		4.0		428.3		800		25.0		68.5
354589	41.3		10.4		4.0		428.3		800		25.0		69.0
355097	41.3		10.4		4.0		428.3		800		25.0		69.5
355605	41.3		10.4		4.0		428.3		800		25.0		70.0
356113	41.3		10.4		4.0		428.3		800		25.0		70.5
356621	41.3		10.4		4.0		428.3		800		25.0		71.0
357129	41.3		10.4		4.0		428.3		800		25.0		71.5
357637	41.3		10.4		4.0		428.3		800		25.0		72.0
358145	41.3		10.4		4.0		428.3		800		25.0		72.5
358653	41.3		10.4		4.0		428.3		800		25.0		73.0
359161	41.3		10.4		4.0		428.3		800		25.0		73.5
359669	41.3		10.4		4.0		428.3		800		25.0		74.0
360177	41.3		10.4		4.0		428.3		800		25.0		74.5
360685	41.2		10.4		4.0		427.1		800		26.0		74.0
361193	40.7		10.4		3.9		423.1		800		30.0		74.5
361701	39.0		10.4		3.7		406.9		800		44.8		74.0
362209	37.7		10.5		3.6		394.5		800		55.0		74.5
362717	37.2		10.5		3.5		390.2		800		58.0		74.0
363225	36.8		10.5		3.5		386.1		800		61.0		74.5
363733	36.8		10.5		3.5		386.1		800		61.0		75.0
364241	36.8		10.5		3.5		386.1		800		61.0		75.5
364749	36.9		10.5		3.5		387.4		800		60.0		76.0
365257	36.9		10.5		3.5		387.4		800		60.0		76.5
365765	36.9		10.5		3.5		387.4		800		60.0		77.0
366273	36.9		10.5		3.5		387.4		800		60.0		77.5
366781	36.9		10.5		3.5		387.4		800		60.0		78.0
367289	36.9		10.5		3.5		387.4		800		60.0		78.5
367797	36.9		10.5		3.5		387.4		800		60.0		79.0
368305	36.9		10.5		3.5		387.4		800		60.0		79.5
368813	36.9		10.5		3.5		387.4		800		60.0		80.0
369321	36.9		10.5		3.5		387.4		800		60.0		80.0
369829	36.9		10.5		3.5		387.4		800		60.0		80.0
370337	36.9		10.5		3.5		387.4		800		60.0		80.0
370845	36.9		10.5		3.5		387.4		800		60.0		80.0
371353	36.9		10.5		3.5		387.4		800		60.0		80.0
371861	36.9		10.5		3.5		387.4		800		60.0		80.0
372369	36.9		10.5		3.5		387.4		800		60.0		80.0
372877	36.9		10.5		3.5		387.4		800		60.0		80.0
373385	36.9		10.5		3.5		387.4		800		60.0		80.0
373893	36.9		10.5		3.5		387.4		800		60.0		80.0
374401	36.9		10.5		3.5		387.4		800		60.0		80.0
374909	36.9		10.5		3.5		387.4		800		60.0		80.0
375417	36.9		10.5		3.5		387.4		800		60.0		80.0
375925	36.9		10.5		3.5		387.4		800		60.0		80.0
376433	36.9		10.5		3.5		387.4		800		60.0		80.0
376941	36.9		10.5		3.5		387.4		800		60.0		80.0
377449	36.9		10.5		3.5		387.4		800		60.0		80.0
377957	36.9		10.5		3.5		387.4		800		60.0		80.0
378465	36.9		10.5		3.5		387.4		800		60.0		80.0
378973	36.9		10.5		3.5		387.4		800		60.0		80.0
379481	36.9		10.5		3.5		387.4		800		60.0		80.0
379989	36.9		10.5		3.5		387.4		800		60.0		80.0
380497	36.9		10.5		3.5		387.4		800		60.0		80.0
381005	36.9		10.5		3.5		387.4		800		60.0		80.0
381513	36.9		10.5		3.5		387.4		800		60.0		80.0
382021	36.9		10.5		3.5		387.4		800		60.0		80.0
382529	36.9		10.5		3.5		387.4		800		60.0		80.0
383037	36.9		10.5		3.5		387.4		800		60.0		80.0
383545	36.9		10.5		3.5		387.4		800		60.0		80.0
384053	36.9		10.5		3.5		387.4		800		60.0		80.0
384561	36.9		10.5		3.5		387.4		800		60.0		80.0
385069	36.9		10.5		3.5		387.4		800		60.0		80.0
385577	36.9		10.5		3.5		387.4		800		60.0		80.0
386085	36.9		10.5		3.5		387.4		800		60.0		80.0
386593	36.9		10.5		3.5		387.4		800		60.0		80.0
387101	36.9		10.5		3.5		387.4		800		60.0		80.0
387609	36.9		10.5		3.5		387.4		800		60.0		80.0
388117	36.9		10.5		3.5		387.4		800		60.0		80.0
388625	36.9		10.5		3.5		387.4		800		60.0		80.0
389133	36.9		10.5		3.5		387.4		800		60.0		80.0
389641	36.9		10.5		3.5		387.4		800		60.0		80.0
390149	36.9		10.5		3.5		387.4		800		60.0		80.0
390657	36.9		10.5		3.5		387.4		800		60.0		80.0
391165	36.9		10.5		3.5		387.4		800		60.0		80.0
391673	36.9		10.5		3.5		387.4		800		60.0		80.0
392181	36.9		10.5		3.5		387.4		800		60.0		80.0
392689	36.9		10.5		3.5		387.4		800		60.0		80.0
393197	36.9		10.5		3.5		387.4		800		60.0		80.0
393705	36.9		10.5		3.5		387.4		800		60.0		80.0
394213	36.9		10.5		3.5		387.4		800		60.0		80.0
394721	36.9		10.5		3.5		387.4		800		60.0		80.0
395229	36.9		10.5		3.5		387.4		800		60.0		80.0
395737	36.9		10.5		3.5		387.4		800		60.0		80.0
396245	36.9		10.5		3.5		387.4		800		60.0		80.0
396753	36.9		10.5		3.5		387.4		800		60.0		80.0
397261	36.9		10.5		3.5		387.4		800		60.0		80.0
397769	36.9		10.5		3.5		387.4		800		60.0		80.0
398277	36.9		10.5		3.5		387.4		800		60.0		80.0
398785	36.9		10.5		3.5		387.4		800		60.0		80.0
399293	36.9		10.5		3.5		387.4		800		60.0		80.0
399801	36.9		10.5		3.5		387.4		800		60.0		80.0
400309	37.1		10.5		3.5		388.9		800		59.0		80.0
400817	37.2		10.5		3.5		390.2		800		58.0		80.0
401325	37.7		10.5		3.6		394.5		800		55.0		80.0
401833	39.4		10.4		3.8		410.9		800		40.0		80.0
402341	41.2		10.4		4.0		427.1		800		26.0		80.0
402849	41.3		10.3		4.0		427.4		800		19.0		80.0
403357	41.3		10.4		4.0		428.0		800		22.0		80.0
403865	41.3		10.4		4.0		428.3		800		25.0		80.0
404373	41.3		10.4		4.0		428.3		800		25.0		80.0
404881	41.3		10.4		4.0		428.3		800		25.0		80.0
405389	41.3		10.4		4.0		428.3		800		25.0		80.0
405897	41.3		10.4		4.0		428.3		800		25.0		80.0
406405	41.3		10.4		4.0		428.3		800		25.0		80.0
406913	41.3		10.4		4.0		428.3		800		25.0		80.0
407421	41.3		10.4		4.0		428.3		800		25.0		80.0
407929	41.3		10.4		4.0		428.3		800		25.0		80.0
408437	41.3		10.4		4.0		428.3		800		25.0		80.0
408945	41.3		10.4		4.0		428.3		800		25.0		80.0
409453	41.3		10.4		4.0		428.3		800		25.0		80.0
409961	41.3		10.4		4.0		428.3		800		25.0		80.0
410469	41.3		10.4		4.0		428.3		800		25.0		80.0
410977	41.3		10.4		4.0		428.3		800		25.0		80.0
411485	41.3		10.4		4.0		428.3		800		25.0		80.0
411993	41.3		10.4		4.0		428.3		800		25.0		80.0
412501	41.3		10.4		4.0		428.3		800		25.0		80.0
413009	41.3		10.4		4.0		428.3		800		25.0		80.0
413517	41.3		10.4		4.0		428.3		800		25.0		80.0
414025	41.3		10.4		4.0		428.3		800		25.0		80.0
414533	41.3		10.4		4.0		428.3		800		25.0		80.0
415041	41.3		10.4		4.0		428.3		800		25.0		80.0
415549	41.3		10.4		4.0		428.3		800		25.0		80.0
416057	41.3		10.4		4.0		428.3		800		25.0		80.0
416565	41.3		10.4		4.0		428.3		800		25.0		80.0
417073	41.3		10.4		4.0		428.3		800		25.0		80.0
417581	41.3		10.4		4.0		428.3		800		25.0		80.0
418089	41.3		10.4		4.0		428.3		800		25.0		80.0
418597	41.3		10.4		4.0		428.3		800		25.0		80.0
419105	41.3		10.4		4.0		428.3		800		25.0		80.0
419613	41.3		10.4		4.0		428.3		800		25.0		80.0
420121	41.3		10.4		4.0		428.3		800		25.0		80.0
420629	41.3		10.4		4.0		428.3		800		25.0		80.0
421137	41.3		10.4		4.0		428.3		800		25.0		80.0
421645	41.3		10.4		4.0		428.3		800		25.0		80.0
422153	41.3		10.4		4.0		428.3		800		25.0		80.0
422661	41.3		10.4		4.0		428.3		800		25.0		80.0
423169	41.3		10.4		4.0		428.3		800		25.0		80.0
423677	41.3		10.4		4.0		428.3		800		25.0		80.0
424185	41.3		10.4		4.0		428.3		800		25.0		80.0
424693	41.3		10.4		4.0		428.3		800		25.0		80.0
425201	41.3		10.4		4.0		428.3		800		25.0		80.0
425709	41.3		10.4		4.0		428.3		800		25.0		80.0
426217	41.3		10.4		4.0		428.3		800		25.0		80.0
426725	41.3		10.4		4.0		428.3		800		25.0		80.0
427233	41.3		10.4		4.0		428.3		800		25.0		80.0
427741	41.3		10.4		4.0		428.3		800		25.0		80.0
428249	41.3		10.4		4.0		428.3		800		25.0		80.0
428757	41.3		10.4		4.0		428.3		800		25.0		80.0
429265	41.3		10.4		4.0		428.3		800		25.0		80.0
429773	41.3		10.4		4.0		428.3		800		25.0		80.0
430281	41.3		10.4		4.0		428.3		800		25.0		80.0
430789	41.3		10.4		4.0		428.3		800		25.0		80.0
431297	41.3		10.4		4.0		428.3		800		25.0		80.0
431805	41.3		10.4		4.0		428.3		800		25.0		80.0
432313	41.3		10.4		4.0		428.3		800		25.0		80.0
432821	41.3		10.4		4.0		428.3		800		25.0		80.0
433329	41.3		10.4		4.0		428.3		800		25.0		80.0
433837	41.3		10.4		4.0		428.3		800		25.0		80.0
434345	41.3		10.4		4.0		428.3		800		25.0		80.0
434853	41.3		10.4		4.0		428.3		800		25.0		80.0
435361	41.3		10.4		4.0		428.3		800		25.0		80.0
435869	41.3		10.4		4.0		428.3		800		25.0		80.0
436377	41.3		10.4		4.0		428.3		800		25.0		80.0
436885	41.3		10.4		4.0		428.3		800		25.0		80.0
437393	41.3		10.4		4.0		428.3		800		25.0		80.0
437901	41.3		10.4		4.0		428.3		800		25.0		80.0
438409	41.3		10.4		4.0		428.3		800		25.0		80.0
438917	41.3		10.4		4.0		428.3		800		25.0		80.0
439425	41.3		10.4		4.0		428.3		800		25.0		80.0
439933	41.3		10.4		4.0		428.3		800		25.0		80.0
440441	41.3		10.4		4.0		428.3		800		25.0		80.0
440949	41.3		10.4		4.0		428.3		800		25.0		80.0
441457	41.3		10.4		4.0		428.3		800		25.0		80.0
441965	41.3		10.4		4.0		428.3		800		25.0		80.0
442473	41.3		10.4		4.0		428.3		800		25.0		80.0
442981	41.3		10.4		4.0		428.3		800		25.0		80.0
443489	41.3		10.4		4.0		428.3		800		25.0		80.0
443997	41.3		10.4		4.0		428.3		800		25.0		80.0
444505	41.3		10.4		4.0		428.3		800		25.0		80.0
445013	41.3		10.4		4.0		428.3		800		25.0		80.0
445521	41.3		10.4		4.0		428.3		800		25.0		80.0
446029	41.3		10.4		4.0		428.3		800		25.0		80.0
446537	41.3		10.4		4.0		428.3		800		25.0		80.0
447045	41.3		10.4		4.0		428.3		800		25.0		80.0
447553	41.3		10.4		4.0		428.3		800		25.0		80.0
448061	41.3		10.4		4.0		428.3		800		25.0		80.0
448569	41.3		10.4		4.0		428.3		800		25.0		80.0
449077	41.3		10.4		4.0		428.3		800		25.0		80.0
449585	41.3		10.4		4.0		428.3		800		25.0		80.0
450093	41.3		10.4		4.0		428.3		800		25.0		80.0
450601	41.3		10.4		4.0		428.3		800		25.0		80.0
451109	41.3		10.4		4.0		428.3		800		25.0		80.0
451617	41.3		10.4		4.0		428.3		800		25.0		80.0
452125	41.3		10.4		4.0		428.3		800		25.0		80.0
452633	41.3		10.4		4.0		428.3		800		25.0		80.0
453141	41.3		10.4		4.0		428.3		800		25.0		80.0
453649	41.3		10.4		4.0		428.3		800		25.0		80.0
454157	41.3		10.4		4.0		428.3		800		25.0		80.0
454665	41.3		10.4		4.0		428.3		800		25.0		80.0
455173	41.3		10.4		4.0		428.3		800		25.0		80.0
455681	41.3		10.4		4.0		428.3		800		25.0		80.0
456189	41.3		10.4		4.0		428.3		800		25.0		80.0
456697	41.3		10.4		4.0		428.3		800		25.0		80.0
457205	41.3		10.4		4.0		428.3		800		25.0		80.0
457713	41.3		10.4		4.0		428.3		800		25.0		80.0
458221	41.3		10.4		4.0		428.3		800		25.0		80.0
458729	41.3		10.4		4.0		428.3		800		25.0		80.0
459237	41.3		10.4		4.0		428.3		800		25.0		80.0
459745	41.3		10.4		4.0		428.3		800		25.0		80.0
460253	41.3		10.4		4.0		428.3		800		25.0		80.0
460761	41.3		10.4		4.0		428.3		800		25.0		80.0
461269	41.3		10.4		4.0		428.3		800		25.0		80.0
461777	41.3		10.4		4.0		428.3		800		25.0		80.0
462285	41.3		10.4		4.0		428.3		800		25.0		80.0
462793	41.3		10.4		4.0		428.3		800		25.0		80.0
463301	41.3		10.4		4.0		428.3		800		25.0		80.0
463809	41.3		10.4		4.0		428.3		800		25.0		80.0
464317	41.3		10.4		4.0		428.3		800		25.0		80.0
464825	41.3		10.4		4.0		428.3		800		25.0		80.0
465333	41.3		10.4		4.0		428.3		800		25.0		80.0
465841	41.3		10.4		4.0		428.3		800		25.0		80.0
466349	41.3		10.4		4.0		428.3		800		25.0		80.0
466857	41.3		10.4		4.0		428.3		800		25.0		80.0
467365	41.3		10.4		4.0		428.3		800		25.0		80.0
467873	41.3		10.4		4.0		428.3		800		25.0		80.0
468381	41.3		10.4		4.0		428.3		800		25.0		80.0
468889	41.3		10.4		4.0		428.3		800		25.0		80.0
469397	41.3		10.4		4.0		428.3		800		25.0		80.0
469905	41.3		10.4		4.0		428.3		800		25.0		80.0
470413	41.3		10.4		4.0		428.3		800		25.0		80.0
470921	41.3		10.4		4.0		428.3		800		25.0		80.0
471429	41.3		10.4		4.0		428.3		800		25.0		80.0
471937	41.3		10.4		4.0		428.3		800		25.0		80.0
472445	41.3		10.4		4.0		428.3		800		25.0		80.0
472953	41.3		10.4		4.0		428.3		800		25.0		80.0
473461	41.3		10.4		4.0		428.3		800		25.0		80.0
473969	41.3		10.4		4.0		428.3		800		25.0		80.0
474477	41.3		10.4		4.0		428.3		800		25.0		80.0
474985	41.3		10.4		4.0		428.3		800		25.0		80.0
475493	41.3		10.4		4.0		428.3		800		25.0		80.0
476001	41.3		10.4		4.0		428.3		800		25.0		80.0
476509	41.3		10.4		4.0		428.3		800		25.0		80.0
477017	41.3		10.4		4.0		428.3		800		25.0		80.0
477525	41.3		10.4		4.0		428.3		800		25.0		80.0
478033	41.3		10.4		4.0		428.3		800		25.0		80.0
478541	41.3		10.4		4.0		428.3		800		25.0		80.0
479049	41.3		10.4		4.0		428.3		800		25.0		80.0
479557	41.3		10.4		4.0		428.3		800		25.0		80.0
480065	41.3		10.4		4.0		428.3		800		25.0		80.0