tiempo[ms]V_Panel[V]	I_Panel[A]	R_Carga[Ohms]	P_Panel[W]	G[W/m2]	T[°C]	Load[%]
539	41.3		10.4		4.0		428.3		800		25.0		52.0
2038	41.3		10.4		4.0		428.3		800		25.0		52.5
2546	41.3		10.4		4.0		428.3		800		25.0		53.0
3054	41.3		10.4		4.0		428.3		800		25.0		53.5
3562	41.3		10.4		4.0		428.3		800		25.0		54.0
4070	41.3		10.4		4.0		428.3		800		25.0		54.5
4578	41.3		10.4		4.0		428.3		800		25.0		55.0
5086	41.3		10.4		4.0		428.3		800		25.0		55.5
5594	41.3		10.4		4.0		428.3		800		25.0		56.0
6102	41.3		10.4		4.0		428.3		800		25.0		56.5
6610	41.3		10.4		4.0		428.3		800		25.0		57.0
7118	41.3		10.4		4.0		428.3		800		25.0		57.5
7626	41.3		10.4		4.0		428.3		800		25.0		58.0
8134	41.3		10.4		4.0		428.3		800		25.0		58.5
8642	41.3		10.4		4.0		428.3		800		25.0		59.0
9150	41.3		10.4		4.0		428.3		800		25.0		59.5
9658	41.3		10.4		4.0		428.3		800		25.0		60.0
10166	41.3		10.4		4.0		428.3		800		25.0		60.5
10674	41.3		10.4		4.0		428.3		800		25.0		61.0
11182	41.3		10.4		4.0		428.3		800		25.0		61.5
11690	41.3		10.4		4.0		428.3		800		25.0		62.0
12198	41.3		10.4		4.0		428.3		800		25.0		62.5
12706	41.3		10.4		4.0		428.3		800		25.0		63.0
13214	41.3		10.4		4.0		428.3		800		25.0		63.5
13722	41.3		10.4		4.0		428.3		800		25.0		64.0
14230	41.3		10.4		4.0		428.3		800		25.0		64.5
14738	41.3		10.4		4.0		428.3		800		25.0		65.0
15246	41.3		10.4		4.0		428.3		800		25.0		65.5
15754	41.3		10.4		4.0		428.3		800		25.0		66.0
16262	41.3		10.4		4.0		428.3		800		25.0		66.5
16770	41.3		10.4		4.0		428.3		800		25.0		67.0
17278	41.3		10.4		4.0		428.3		800		25.0		67.5
17786	41.3		10.4		4.0		428.3		800		25.0		68.0
18294	41.3		10.4		4.0		428.3		800		25.0		68.5
18802	41.3		10.4		4.0		428.3		800		25.0		69.0
19310	41.3		10.4		4.0		428.3		800		25.0		69.5
19818	41.3		10.4		4.0		428.3		800		25.0		70.0
20326	41.3		10.4		4.0		428.3		800		25.0		70.5
20834	41.3		10.4		4.0		428.3		800		25.0		71.0
21342	41.3		10.4		4.0		428.3		800		25.0		71.5
21850	41.3		10.4		4.0		428.3		800		25.0		72.0
22358	41.3		10.4		4.0		428.3		800		25.0		72.5
22866	41.3		10.4		4.0		428.3		800		25.0		73.0
23374	41.3		10.4		4.0		428.3		800		25.0		73.5
23882	41.3		10.4		4.0		428.3		800		25.0		74.0
24390	41.3		10.4		4.0		428.3		800		25.0		74.5
24898	41.3		10.4		4.0		428.3		800		25.0		75.0
25406	41.3		10.4		4.0		428.3		800		25.0		75.5
25914	41.3		10.4		4.0		428.3		800		25.0		76.0
26422	41.3		10.4		4.0		428.3		800		25.0		76.5
26930	41.3		10.4		4.0		428.3		800		25.0		77.0
27438	41.3		10.4		4.0		428.3		800		25.0		77.5
27946	41.3		10.4		4.0		428.3		800		25.0		78.0
28454	41.3		10.4		4.0		428.3		800		25.0		78.5
28962	41.3		10.4		4.0		428.3		800		25.0		79.0
29470	41.3		10.4		4.0		428.3		800		25.0		79.5
29978	41.3		10.4		4.0		428.3		800		25.0		80.0
30486	41.3		10.4		4.0		428.3		800		25.0		80.0
30994	41.3		10.4		4.0		428.3		800		25.0		80.0
31502	41.3		10.4		4.0		428.3		800		25.0		80.0
32010	41.3		10.4		4.0		428.3		800		25.0		80.0
32518	41.3		10.4		4.0		428.3		800		25.0		80.0
33026	41.3		10.4		4.0		428.3		800		25.0		80.0
33534	41.3		10.4		4.0		428.3		800		25.0		80.0
34042	41.3		10.4		4.0		428.3		800		25.0		80.0
34550	41.3		10.4		4.0		428.3		800		25.0		80.0
35058	41.3		10.4		4.0		428.3		800		25.0		80.0
35566	41.3		10.4		4.0		428.3		800		25.0		80.0
36074	41.3		10.4		4.0		428.3		800		25.0		80.0
36582	41.3		10.4		4.0		428.3		800		25.0		80.0
37090	41.3		10.4		4.0		428.3		800		25.0		80.0
37598	41.3		10.4		4.0		428.3		800		25.0		80.0
38106	41.3		10.4		4.0		428.3		800		25.0		80.0
38614	41.3		10.4		4.0		428.3		800		25.0		80.0
39122	41.3		10.4		4.0		428.3		800		25.0		80.0
39630	41.3		10.4		4.0		428.3		800		25.0		80.0
40138	41.3		10.4		4.0		428.3		800		25.0		80.0
40646	41.3		10.4		4.0		428.3		800		25.0		80.0
41154	41.3		10.4		4.0		428.3		800		25.0		80.0
41662	41.3		10.4		4.0		428.3		800		25.0		80.0
42170	41.3		10.4		4.0		428.3		800		25.0		80.0
42678	41.3		10.4		4.0		428.3		800		25.0		80.0
43186	41.3		10.4		4.0		428.3		800		25.0		80.0
43694	41.3		10.4		4.0		428.3		800		25.0		80.0
44202	41.3		10.4		4.0		428.3		800		25.0		80.0
44710	41.3		10.4		4.0		428.3		800		25.0		80.0
45218	41.3		10.4		4.0		428.3		800		25.0		80.0
45726	41.3		10.4		4.0		428.3		800		25.0		80.0
46234	41.3		10.4		4.0		428.3		800		25.0		80.0
46742	41.3		10.4		4.0		428.3		800		25.0		80.0
47250	41.3		10.4		4.0		428.3		800		25.0		80.0
47758	41.3		10.4		4.0		428.3		800		25.0		80.0
48266	41.3		10.4		4.0		428.3		800		25.0		80.0
48774	41.3		10.4		4.0		428.3		800		25.0		80.0
49282	41.3		10.4		4.0		428.3		800		25.0		80.0
49790	41.3		10.4		4.0		428.3		800		25.0		80.0
50298	41.3		10.4		4.0		428.3		800		25.0		80.0
50806	41.3		10.4		4.0		428.3		800		25.0		80.0
51314	41.3		10.4		4.0		428.3		800		25.0		80.0
51822	41.3		10.4		4.0		428.3		800		25.0		80.0
52330	41.3		10.4		4.0		428.3		800		25.0		80.0
52838	41.3		10.4		4.0		428.3		800		25.0		80.0
53346	41.3		10.4		4.0		428.3		800		25.0		80.0
53854	41.3		10.4		4.0		428.3		800		25.0		80.0
54362	41.3		10.4		4.0		428.3		800		25.0		80.0
54870	41.3		10.4		4.0		428.3		800		25.0		80.0
55378	41.3		10.4		4.0		428.3		800		25.0		80.0
55886	41.3		10.4		4.0		428.3		800		25.0		80.0
56394	41.3		10.4		4.0		428.3		800		25.0		80.0
56902	41.3		10.4		4.0		428.3		800		25.0		80.0
57410	41.3		10.4		4.0		428.3		800		25.0		80.0
57918	41.3		10.4		4.0		428.3		800		25.0		80.0
58426	41.3		10.4		4.0		428.3		800		25.0		80.0
58934	41.3		10.4		4.0		428.3		800		25.0		80.0
59442	41.3		10.4		4.0		428.3		800		25.0		80.0
59950	41.3		10.4		4.0		428.3		800		25.0		80.0
60458	41.3		10.4		4.0		428.3		800		25.0		80.0
60966	41.3		10.4		4.0		428.3		800		25.0		80.0
61474	41.3		10.4		4.0		428.3		800		25.0		80.0
61982	41.3		10.4		4.0		428.3		800		25.0		80.0
62490	41.3		10.4		4.0		428.3		800		25.0		80.0
62998	41.3		10.4		4.0		428.3		800		25.0		80.0
63506	41.3		10.4		4.0		428.3		800		25.0		80.0
64014	41.3		10.4		4.0		428.3		800		25.0		80.0
64522	41.3		10.4		4.0		428.3		800		25.0		80.0
65030	41.3		10.4		4.0		428.3		800		25.0		80.0
65538	41.3		10.4		4.0		428.3		800		25.0		80.0
66046	41.3		10.4		4.0		428.3		800		25.0		80.0
66554	41.3		10.4		4.0		428.3		800		25.0		80.0
67062	41.3		10.4		4.0		428.3		800		25.0		80.0
67570	41.3		10.4		4.0		428.3		800		25.0		80.0
68078	41.3		10.4		4.0		428.3		800		25.0		80.0
68586	41.3		10.4		4.0		428.3		800		25.0		80.0
69094	41.3		10.4		4.0		428.3		800		25.0		80.0
69602	41.3		10.4		4.0		428.3		800		25.0		80.0
70110	41.3		10.4		4.0		428.3		800		25.0		80.0
70618	41.3		10.4		4.0		428.3		800		25.0		80.0
71126	41.3		10.4		4.0		428.3		800		25.0		80.0
71634	41.3		10.4		4.0		428.3		800		25.0		80.0
72142	41.3		10.4		4.0		428.3		800		25.0		80.0
72650	41.3		10.4		4.0		428.3		800		25.0		80.0
73158	41.3		10.4		4.0		428.3		800		25.0		80.0
73666	41.3		10.4		4.0		428.3		800		25.0		80.0
74174	41.3		10.4		4.0		428.3		800		25.0		80.0
74682	41.3		10.4		4.0		428.3		800		25.0		80.0
75190	41.3		10.4		4.0		428.3		800		25.0		80.0
75698	41.3		10.4		4.0		428.3		800		25.0		80.0
76206	41.3		10.4		4.0		428.3		800		25.0		80.0
76714	41.3		10.4		4.0		428.3		800		25.0		80.0
77222	41.3		10.4		4.0		428.3		800		25.0		80.0
77730	41.3		10.4		4.0		428.3		800		25.0		80.0
78238	41.3		10.4		4.0		428.3		800		25.0		80.0
78746	41.3		10.4		4.0		428.3		800		25.0		80.0
79254	41.3		10.4		4.0		428.3		800		25.0		80.0
79762	41.3		10.4		4.0		428.3		800		25.0		80.0
80270	41.3		10.4		4.0		428.3		800		25.0		80.0
80778	41.3		10.4		4.0		428.3		800		25.0		80.0
81286	41.3		10.4		4.0		428.3		800		25.0		80.0
81794	41.3		10.4		4.0		428.3		800		25.0		80.0
82302	41.3		10.4		4.0		428.3		800		25.0		80.0
82810	41.3		10.4		4.0		428.3		800		25.0		80.0
83318	41.3		10.4		4.0		428.3		800		25.0		80.0
83826	41.3		10.4		4.0		428.3		800		25.0		80.0
84334	41.3		10.4		4.0		428.3		800		25.0		80.0
84842	41.3		10.4		4.0		428.3		800		25.0		80.0
85350	41.3		10.4		4.0		428.3		800		25.0		80.0
85858	41.3		10.4		4.0		428.3		800		25.0		80.0
86366	41.3		10.4		4.0		428.3		800		25.0		80.0
86874	41.3		10.4		4.0		428.3		800		25.0		80.0
87382	41.3		10.4		4.0		428.3		800		25.0		80.0
87890	41.3		10.4		4.0		428.3		800		25.0		80.0
88398	41.3		10.4		4.0		428.3		800		25.0		80.0
88906	41.3		10.4		4.0		428.3		800		25.0		80.0
89414	41.3		10.4		4.0		428.3		800		25.0		80.0
89922	41.3		10.4		4.0		428.3		800		25.0		80.0
90430	41.3		10.4		4.0		428.3		800		25.0		80.0
90938	41.3		10.4		4.0		428.3		800		25.0		80.0
91446	41.3		10.4		4.0		428.3		800		25.0		80.0
91954	41.3		10.4		4.0		428.3		800		25.0		80.0
92462	41.3		10.4		4.0		428.3		800		25.0		80.0
92970	41.3		10.4		4.0		428.3		800		25.0		80.0
93478	41.3		10.4		4.0		428.3		800		25.0		80.0
93986	41.3		10.4		4.0		428.3		800		25.0		80.0
94494	41.3		10.4		4.0		428.3		800		25.0		80.0
95002	41.3		10.4		4.0		428.3		800		25.0		80.0
95510	41.3		10.4		4.0		428.3		800		25.0		80.0
96018	41.3		10.4		4.0		428.3		800		25.0		80.0
96526	41.3		10.4		4.0		428.3		800		25.0		80.0
97034	41.3		10.4		4.0		428.3		800		25.0		80.0
97542	41.3		10.4		4.0		428.3		800		25.0		80.0
98050	41.3		10.4		4.0		428.3		800		25.0		80.0
98558	41.3		10.4		4.0		428.3		800		25.0		80.0
99066	41.3		10.4		4.0		428.3		800		25.0		80.0
99574	41.3		10.4		4.0		428.3		800		25.0		80.0
100082	41.3		10.4		4.0		428.3		800		25.0		80.0
100590	41.3		10.4		4.0		428.3		800		25.0		80.0
101098	41.3		10.4		4.0		428.3		800		25.0		80.0
101606	41.3		10.4		4.0		428.3		800		25.0		80.0
102114	41.3		10.4		4.0		428.3		800		25.0		80.0
102622	41.3		10.4		4.0		428.3		800		25.0		80.0
103130	41.3		10.4		4.0		428.3		800		25.0		80.0
103638	41.3		10.4		4.0		428.3		800		25.0		80.0
104146	41.3		10.4		4.0		428.3		800		25.0		80.0
104654	41.3		10.4		4.0		428.3		800		25.0		80.0
105162	41.3		10.4		4.0		428.3		800		25.0		80.0
105670	41.3		10.4		4.0		428.3		800		25.0		80.0
106178	41.3		10.4		4.0		428.3		800		25.0		80.0
106686	41.3		10.4		4.0		428.3		800		25.0		80.0
107194	41.3		10.4		4.0		428.3		800		25.0		80.0
107702	41.3		10.4		4.0		428.3		800		25.0		80.0
108210	41.3		10.4		4.0		428.3		800		25.0		80.0
108718	41.3		10.4		4.0		428.3		800		25.0		80.0
109226	41.3		10.4		4.0		428.3		800		25.0		80.0
109734	41.3		10.4		4.0		428.3		800		25.0		80.0
110242	41.3		10.4		4.0		428.3		800		25.0		80.0
110750	41.3		10.4		4.0		428.3		800		25.0		80.0
111258	41.3		10.4		4.0		428.3		800		25.0		80.0
111766	41.3		10.4		4.0		428.3		800		25.0		80.0
112274	41.3		10.4		4.0		428.3		800		25.0		80.0
112782	41.3		10.4		4.0		428.3		800		25.0		80.0
113290	41.3		10.4		4.0		428.3		800		25.0		80.0
113798	41.3		10.4		4.0		428.3		800		25.0		80.0
114306	41.3		10.4		4.0		428.3		800		25.0		80.0
114814	41.3		10.4		4.0		428.3		800		25.0		80.0
115322	41.3		10.4		4.0		428.3		800		25.0		80.0
115830	41.3		10.4		4.0		428.3		800		25.0		80.0
116338	41.3		10.4		4.0		428.3		800		25.0		80.0
116846	41.3		10.4		4.0		428.3		800		25.0		80.0
117354	41.3		10.4		4.0		428.3		800		25.0		80.0
117862	41.3		10.4		4.0		428.3		800		25.0		80.0
118370	41.3		10.4		4.0		428.3		800		25.0		80.0
118878	41.3		10.4		4.0		428.3		800		25.0		80.0
119386	41.3		10.4		4.0		428.3		800		25.0		80.0
119894	41.3		10.4		4.0		428.3		800		25.0		80.0
120402	41.3		10.4		4.0		428.3		800		25.0		80.0
120910	41.3		10.4		4.0		428.0		799		25.0		79.5
121418	41.3		10.3		4.0		425.3		794		25.0		80.0
121926	41.3		10.1		4.1		417.1		779		25.0		79.5
122434	41.3		9.9		4.2		410.2		766		25.0		80.0
122942	41.3		9.7		4.2		402.3		751		25.0		79.5
123450	41.3		9.6		4.3		394.7		737		25.0		80.0
123958	41.3		9.3		4.4		386.2		721		25.0		79.5
124466	41.3		9.2		4.5		378.1		706		25.0		80.0
124974	41.3		9.0		4.6		370.5		692		25.0		79.5
125482	41.3		8.8		4.7		362.6		677		25.0		80.0
125990	41.3		8.6		4.8		355.1		663		25.0		79.5
126498	41.3		8.4		4.9		346.9		648		25.0		80.0
127006	41.3		8.2		5.0		339.0		633		25.0		79.5
127514	41.3		8.0		5.2		330.9		618		25.0		80.0
128022	41.3		7.8		5.3		323.6		604		25.0		79.5
128530	41.3		7.6		5.4		315.4		589		25.0		80.0
129038	41.3		7.4		5.6		307.2		574		25.0		79.5
129546	41.3		7.3		5.7		300.0		560		25.0		80.0
130054	41.3		7.1		5.9		291.3		544		25.0		79.5
130562	41.3		6.9		6.0		283.9		530		25.0		80.0
131070	41.3		6.7		6.2		275.8		515		25.0		79.5
131578	41.3		6.5		6.4		268.8		502		25.0		80.0
132086	41.3		6.3		6.5		260.9		487		25.0		79.5
132594	41.3		6.1		6.7		253.4		473		25.0		80.0
133102	41.3		5.9		7.0		245.2		458		25.0		79.5
133610	41.3		5.7		7.2		236.7		442		25.0		80.0
134118	41.3		5.5		7.5		229.1		428		25.0		79.5
134626	41.3		5.4		7.7		221.3		413		25.0		80.0
135134	41.3		5.2		8.0		213.7		399		25.0		79.5
135642	41.3		5.2		8.0		213.1		398		25.0		80.0
136150	41.3		5.2		8.0		214.3		400		25.0		80.0
136658	41.3		5.2		8.0		214.3		400		25.0		80.0
137166	41.3		5.2		8.0		214.3		400		25.0		80.0
137674	41.3		5.2		8.0		214.3		400		25.0		80.0
138182	41.3		5.2		8.0		214.3		400		25.0		80.0
138690	41.3		5.2		8.0		214.3		400		25.0		80.0
139198	41.3		5.2		8.0		214.3		400		25.0		80.0
139706	41.3		5.2		8.0		214.3		400		25.0		80.0
140214	41.3		5.2		8.0		214.3		400		25.0		80.0
140722	41.3		5.2		8.0		214.3		400		25.0		80.0
141230	41.3		5.2		8.0		214.3		400		25.0		80.0
141738	41.3		5.2		8.0		214.3		400		25.0		80.0
142246	41.3		5.2		8.0		214.3		400		25.0		80.0
142754	41.3		5.2		8.0		214.3		400		25.0		80.0
143262	41.3		5.2		8.0		214.3		400		25.0		80.0
143770	41.3		5.2		8.0		214.3		400		25.0		80.0
144278	41.3		5.2		8.0		214.3		400		25.0		80.0
144786	41.3		5.2		8.0		214.3		400		25.0		80.0
145294	41.3		5.2		8.0		214.3		400		25.0		80.0
145802	41.3		5.2		8.0		214.3		400		25.0		80.0
146310	41.3		5.2		8.0		214.3		400		25.0		80.0
146818	41.3		5.2		8.0		214.3		400		25.0		80.0
147326	41.3		5.2		8.0		214.3		400		25.0		80.0
147834	41.3		5.2		8.0		214.3		400		25.0		80.0
148342	41.3		5.2		8.0		214.3		400		25.0		80.0
148850	41.3		5.2		8.0		214.3		400		25.0		80.0
149358	41.3		5.2		8.0		214.3		400		25.0		80.0
149866	41.3		5.2		8.0		214.3		400		25.0		80.0
150374	41.3		5.2		8.0		214.3		400		25.0		80.0
150882	41.3		5.2		8.0		214.3		400		25.0		80.0
151390	41.3		5.2		8.0		214.3		400		25.0		80.0
151898	41.3		5.2		8.0		214.3		400		25.0		80.0
152406	41.3		5.2		8.0		214.3		400		25.0		80.0
152914	41.3		5.2		8.0		214.3		400		25.0		80.0
153422	41.3		5.2		8.0		214.3		400		25.0		80.0
153930	41.3		5.2		8.0		214.3		400		25.0		80.0
154438	41.3		5.2		8.0		214.3		400		25.0		80.0
154946	41.3		5.2		8.0		214.3		400		25.0		80.0
155454	41.3		5.2		8.0		214.3		400		25.0		80.0
155962	41.3		5.2		8.0		214.3		400		25.0		80.0
156470	41.3		5.2		8.0		214.3		400		25.0		80.0
156978	41.3		5.2		8.0		214.3		400		25.0		80.0
157486	41.3		5.2		8.0		214.3		400		25.0		80.0
157994	41.3		5.2		8.0		214.3		400		25.0		80.0
158502	41.3		5.2		8.0		214.3		400		25.0		80.0
159010	41.3		5.2		8.0		214.3		400		25.0		80.0
159518	41.3		5.2		8.0		214.3		400		25.0		80.0
160026	41.3		5.2		8.0		214.3		400		25.0		80.0
160534	41.3		5.2		8.0		214.3		400		25.0		80.0
161042	41.3		5.2		8.0		214.3		400		25.0		80.0
161550	41.3		5.2		8.0		214.3		400		25.0		80.0
162058	41.3		5.2		8.0		214.3		400		25.0		80.0
162566	41.3		5.2		8.0		214.3		400		25.0		80.0
163074	41.3		5.2		8.0		214.3		400		25.0		80.0
163582	41.3		5.2		8.0		214.3		400		25.0		80.0
164090	41.3		5.2		8.0		214.3		400		25.0		80.0
164598	41.3		5.2		8.0		214.3		400		25.0		80.0
165106	41.3		5.2		8.0		214.3		400		25.0		80.0
165614	41.3		5.2		8.0		214.3		400		25.0		80.0
166122	41.3		5.2		8.0		214.3		400		25.0		80.0
166630	41.3		5.2		8.0		214.3		400		25.0		80.0
167138	41.3		5.2		8.0		214.3		400		25.0		80.0
167646	41.3		5.2		8.0		214.3		400		25.0		80.0
168154	41.3		5.2		8.0		214.3		400		25.0		80.0
168662	41.3		5.2		8.0		214.3		400		25.0		80.0
169170	41.3		5.2		8.0		214.3		400		25.0		80.0
169678	41.3		5.2		8.0		214.3		400		25.0		80.0
170186	41.3		5.2		8.0		214.6		401		25.0		80.0
170694	41.3		5.2		7.9		216.7		405		25.0		80.0
171202	41.3		5.4		7.6		224.3		419		25.0		80.0
171710	41.3		5.6		7.3		233.1		435		25.0		80.0
172218	41.3		5.8		7.1		240.3		449		25.0		80.0
172726	41.3		6.0		6.9		248.5		464		25.0		80.0
173234	41.3		6.2		6.7		256.1		478		25.0		80.0
173742	41.3		6.4		6.5		264.0		493		25.0		80.0
174250	41.3		6.6		6.3		272.1		508		25.0		80.0
174758	41.3		6.8		6.1		280.0		523		25.0		80.0
175266	41.3		7.0		5.9		288.2		538		25.0		80.0
175774	41.3		7.2		5.8		295.7		552		25.0		80.0
176282	41.3		7.3		5.6		303.0		566		25.0		80.0
176790	41.3		7.5		5.5		311.2		581		25.0		80.0
177298	41.3		7.7		5.4		318.7		595		25.0		80.0
177806	41.3		7.9		5.2		326.6		610		25.0		80.0
178314	41.3		8.1		5.1		335.1		626		25.0		80.0
178822	41.3		8.3		5.0		342.7		640		25.0		80.0
179330	41.3		8.5		4.9		350.2		654		25.0		80.0
179838	41.3		8.7		4.8		358.4		669		25.0		80.0
180346	41.3		8.8		4.7		365.7		683		25.0		80.0
180854	41.3		9.1		4.6		374.4		699		25.0		80.0
181362	41.3		9.3		4.5		382.3		714		25.0		80.0
181870	41.3		9.4		4.4		389.9		728		25.0		80.0
182378	41.3		9.6		4.3		397.4		742		25.0		80.0
182886	41.3		9.8		4.2		405.3		757		25.0		80.0
183394	41.3		10.0		4.1		413.5		772		25.0		80.0
183902	41.3		10.2		4.1		421.1		786		25.0		80.0
184410	41.3		10.4		4.0		429.5		802		25.0		80.0
184918	41.3		10.4		4.0		429.5		802		25.0		80.0
185426	41.3		10.4		4.0		428.3		800		25.0		79.5
185934	41.3		10.4		4.0		428.3		800		25.0		79.0
186442	41.3		10.4		4.0		428.3		800		25.0		78.5
186950	41.3		10.4		4.0		428.3		800		25.0		78.0
187458	41.3		10.4		4.0		428.3		800		25.0		77.5
187966	41.3		10.4		4.0		428.3		800		25.0		77.0
188474	41.3		10.4		4.0		428.3		800		25.0		76.5
188982	41.3		10.4		4.0		428.3		800		25.0		76.0
189490	41.3		10.4		4.0		428.3		800		25.0		75.5
189998	41.3		10.4		4.0		428.3		800		25.0		75.0
190506	41.3		10.4		4.0		428.3		800		25.0		74.5
191014	41.3		10.4		4.0		428.3		800		25.0		74.0
191522	41.3		10.4		4.0		428.3		800		25.0		73.5
192030	41.3		10.4		4.0		428.3		800		25.0		73.0
192538	41.3		10.4		4.0		428.3		800		25.0		72.5
193046	41.3		10.4		4.0		428.3		800		25.0		72.0
193554	41.3		10.4		4.0		428.3		800		25.0		71.5
194062	41.3		10.4		4.0		428.3		800		25.0		71.0
194570	41.3		10.4		4.0		428.3		800		25.0		70.5
195078	41.3		10.4		4.0		428.3		800		25.0		70.0
195586	41.3		10.4		4.0		428.3		800		25.0		69.5
196094	41.3		10.4		4.0		428.3		800		25.0		69.0
196602	41.3		10.4		4.0		428.3		800		25.0		68.5
197110	41.3		10.4		4.0		428.3		800		25.0		68.0
197618	41.3		10.4		4.0		428.3		800		25.0		67.5
198126	41.3		10.4		4.0		428.3		800		25.0		67.0
198634	41.3		10.4		4.0		428.3		800		25.0		66.5
199142	41.3		10.4		4.0		428.3		800		25.0		66.0
199650	41.3		10.4		4.0		428.3		800		25.0		65.5
200158	41.3		10.4		4.0		428.3		800		25.0		65.0
200666	41.3		10.4		4.0		428.3		800		25.0		64.5
201174	41.3		10.4		4.0		428.3		800		25.0		64.0
201682	41.3		10.4		4.0		428.3		800		25.0		63.5
202190	41.3		10.4		4.0		428.3		800		25.0		63.0
202698	41.3		10.4		4.0		428.3		800		25.0		62.5
203206	41.3		10.4		4.0		428.3		800		25.0		62.0
203714	41.3		10.4		4.0		428.3		800		25.0		61.5
204222	41.3		10.4		4.0		428.3		800		25.0		61.0
204730	41.3		10.4		4.0		428.3		800		25.0		60.5
205238	41.3		10.4		4.0		428.3		800		25.0		60.0
205746	41.3		10.4		4.0		428.3		800		25.0		59.5
206254	41.3		10.4		4.0		428.3		800		25.0		59.0
206762	41.3		10.4		4.0		428.3		800		25.0		58.5
207270	41.3		10.4		4.0		428.3		800		25.0		58.0
207778	41.3		10.4		4.0		428.3		800		25.0		57.5
208286	41.3		10.4		4.0		428.3		800		25.0		57.0
208794	41.3		10.4		4.0		428.3		800		25.0		56.5
209302	41.3		10.4		4.0		428.3		800		25.0		56.0
209810	41.3		10.4		4.0		428.3		800		25.0		55.5
210318	41.3		10.4		4.0		428.3		800		25.0		55.0
210826	41.3		10.4		4.0		428.3		800		25.0		54.5
211334	41.3		10.4		4.0		428.3		800		25.0		54.0
211842	41.3		10.4		4.0		428.3		800		25.0		53.5
212350	41.3		10.4		4.0		428.3		800		25.0		53.0
212858	41.3		10.4		4.0		428.3		800		25.0		52.5
213366	41.3		10.4		4.0		428.3		800		25.0		52.0
213874	41.3		10.4		4.0		428.3		800		25.0		51.5
214382	41.3		10.4		4.0		428.3		800		25.0		51.0
214890	41.3		10.4		4.0		428.3		800		25.0		50.5
215398	41.3		10.4		4.0		428.3		800		25.0		50.0
215906	41.3		10.4		4.0		428.3		800		25.0		49.5
216414	41.3		10.4		4.0		428.3		800		25.0		49.0
216922	41.3		10.4		4.0		428.3		800		25.0		48.5
217430	41.3		10.4		4.0		428.3		800		25.0		48.0
217938	41.3		10.4		4.0		428.3		800		25.0		47.5
218446	41.3		10.4		4.0		428.3		800		25.0		47.0
218954	41.3		10.4		4.0		428.3		800		25.0		46.5
219462	41.3		10.4		4.0		428.3		800		25.0		46.0
219970	41.3		10.4		4.0		428.3		800		25.0		45.5
220478	41.3		10.4		4.0		428.3		800		25.0		45.0
220986	41.3		10.4		4.0		428.3		800		25.0		44.5
221494	41.3		10.4		4.0		428.0		799		25.0		45.0
222002	41.3		10.3		4.0		425.6		794		25.0		44.5
222510	41.3		10.1		4.1		416.5		778		25.0		45.0
223018	41.3		9.9		4.2		409.3		764		25.0		44.5
223526	41.3		9.7		4.3		401.1		749		25.0		45.0
224034	41.3		9.5		4.3		393.5		735		25.0		44.5
224542	41.3		9.3		4.4		386.2		721		25.0		45.0
225050	41.3		9.2		4.5		378.1		706		25.0		44.5
225558	41.3		8.9		4.6		369.6		690		25.0		45.0
226066	41.3		8.7		4.7		361.4		675		25.0		44.5
226574	41.3		8.6		4.8		353.9		661		25.0		45.0
227082	41.3		8.4		4.9		346.6		647		25.0		44.5
227590	41.3		8.2		5.0		339.0		633		25.0		45.0
228098	41.3		8.0		5.2		330.9		618		25.0		44.5
228606	41.3		7.8		5.3		323.0		603		25.0		45.0
229114	41.3		7.6		5.4		314.8		588		25.0		44.5
229622	41.3		7.4		5.6		306.9		573		25.0		45.0
230130	41.3		7.2		5.7		299.4		559		25.0		44.5
230638	41.3		7.0		5.9		291.2		544		25.0		45.0
231146	41.3		6.9		6.0		283.9		530		25.0		44.5
231654	41.3		6.7		6.2		275.2		514		25.0		45.0
232162	41.3		6.5		6.4		267.9		500		25.0		44.5
232670	41.3		6.3		6.6		259.7		485		25.0		45.0
233178	41.3		6.1		6.8		252.1		471		25.0		44.5
233686	41.3		5.9		7.0		244.3		456		25.0		45.0
234194	41.3		5.7		7.2		236.1		441		25.0		44.5
234702	41.3		5.5		7.5		228.5		426		25.0		45.0
235210	41.3		5.3		7.8		220.1		411		25.0		44.5
235718	41.3		5.1		8.0		212.5		397		25.0		45.0
236226	41.3		5.0		8.3		204.6		382		25.0		44.5
236734	41.3		4.9		8.4		202.5		378		25.0		45.0
237242	41.3		4.9		8.4		202.5		378		25.0		45.5
237750	41.3		4.9		8.5		201.9		377		25.0		45.0
238258	41.3		4.7		8.8		194.9		364		25.0		45.5
238766	41.3		4.5		9.1		186.8		349		25.0		45.0
239274	41.3		4.3		9.5		179.5		335		25.0		45.5
239782	41.3		4.1		10.0		171.3		320		25.0		45.0
240290	41.3		4.1		10.1		169.2		316		25.0		45.5
240798	41.3		4.1		10.1		168.6		315		25.0		45.0
241306	41.3		4.0		10.4		164.4		307		25.0		45.5
241814	41.3		4.0		10.4		163.5		305		25.0		45.0
242322	41.3		3.9		10.5		162.9		304		25.0		45.5
242830	41.3		3.9		10.6		161.6		302		25.0		45.0
243338	41.3		3.9		10.6		161.3		301		25.0		45.5
243846	41.3		3.9		10.6		160.7		300		25.0		45.0
244354	41.3		3.9		10.6		160.7		300		25.0		44.5
244862	41.3		3.9		10.6		160.7		300		25.0		44.0
245370	41.3		3.9		10.6		160.7		300		25.0		43.5
245878	41.3		3.9		10.6		160.7		300		25.0		43.0
246386	41.3		3.9		10.6		160.7		300		25.0		42.5
246894	41.3		3.9		10.6		160.7		300		25.0		42.0
247402	41.3		3.9		10.6		160.7		300		25.0		41.5
247910	41.3		3.9		10.6		160.7		300		25.0		41.0
248418	41.3		3.9		10.6		160.7		300		25.0		40.5
248926	41.3		3.9		10.6		160.7		300		25.0		40.0
249434	41.3		3.9		10.6		160.7		300		25.0		39.5
249942	41.3		3.9		10.6		160.7		300		25.0		39.0
250450	41.3		3.9		10.6		160.7		300		25.0		38.5
250958	41.3		3.9		10.6		160.7		300		25.0		38.0
251466	41.3		3.9		10.6		160.7		300		25.0		37.5
251974	41.3		3.9		10.6		160.7		300		25.0		37.0
252482	41.3		3.9		10.6		160.7		300		25.0		36.5
252990	41.3		3.9		10.6		160.7		300		25.0		36.0
253498	41.3		3.9		10.6		160.7		300		25.0		35.5
254006	41.3		3.9		10.6		160.7		300		25.0		35.0
254514	41.3		3.9		10.6		160.7		300		25.0		34.5
255022	41.3		3.9		10.6		160.7		300		25.0		34.0
255530	41.3		3.9		10.6		160.7		300		25.0		33.5
256038	41.3		3.9		10.6		160.7		300		25.0		33.0
256546	41.3		3.9		10.6		160.7		300		25.0		32.5
257054	41.3		3.9		10.6		160.7		300		25.0		32.0
257562	41.3		3.9		10.6		160.7		300		25.0		31.5
258070	41.3		3.9		10.6		160.7		300		25.0		31.0
258578	41.3		3.9		10.6		160.7		300		25.0		30.5
259086	41.3		3.9		10.6		160.7		300		25.0		30.0
259594	41.3		3.9		10.6		160.7		300		25.0		29.5
260102	41.3		3.9		10.6		160.7		300		25.0		29.0
260610	41.3		3.9		10.6		160.7		300		25.0		28.5
261118	41.3		3.9		10.6		160.7		300		25.0		28.0
261626	41.3		3.9		10.6		160.7		300		25.0		27.5
262134	41.3		3.9		10.6		160.7		300		25.0		27.0
262642	41.3		3.9		10.6		160.7		300		25.0		26.5
263150	41.3		3.9		10.6		160.7		300		25.0		26.0
263658	41.3		3.9		10.6		160.7		300		25.0		25.5
264166	41.3		3.9		10.6		160.7		300		25.0		25.0
264674	41.3		3.9		10.6		160.7		300		25.0		24.5
265182	41.3		3.9		10.6		160.7		300		25.0		24.0
265690	41.3		3.9		10.6		160.7		300		25.0		23.5
266198	41.3		3.9		10.6		160.7		300		25.0		23.0
266706	41.3		3.9		10.6		160.7		300		25.0		22.5
267214	41.3		3.9		10.6		160.7		300		25.0		22.0
267722	41.3		3.9		10.6		160.7		300		25.0		21.5
268230	41.3		3.9		10.6		160.7		300		25.0		21.0
268738	41.3		3.9		10.6		160.7		300		25.0		20.5
269246	41.3		3.8		10.7		158.9		297		25.0		21.0
269754	41.3		3.8		10.7		158.9		297		25.0		21.5
270262	41.3		3.8		10.7		158.9		297		25.0		22.0
270770	41.3		3.8		10.7		158.9		297		25.0		22.5
271278	41.3		3.8		10.7		158.9		297		25.0		23.0
271786	41.3		3.8		10.7		158.9		297		25.0		23.5
272294	41.3		3.8		10.7		158.9		297		25.0		24.0
272802	41.3		3.8		10.7		158.9		297		25.0		24.5
273310	41.3		3.8		10.7		158.9		297		25.0		25.0
273818	41.3		3.8		10.7		158.9		297		25.0		25.5
274326	41.3		3.8		10.7		158.9		297		25.0		26.0
274834	41.3		3.8		10.7		158.9		297		25.0		26.5
275342	41.3		3.8		10.7		158.9		297		25.0		27.0
275850	41.3		3.8		10.7		158.9		297		25.0		27.5
276358	41.3		3.8		10.7		158.9		297		25.0		28.0
276866	41.3		3.8		10.7		158.9		297		25.0		28.5
277374	41.3		3.8		10.7		158.9		297		25.0		29.0
277882	41.3		3.8		10.7		158.9		297		25.0		29.5
278390	41.3		3.8		10.7		158.9		297		25.0		30.0
278898	41.3		3.8		10.7		158.9		297		25.0		30.5
279406	41.3		3.8		10.7		158.9		297		25.0		31.0
279914	41.3		3.8		10.7		158.9		297		25.0		31.5
280422	41.3		3.8		10.7		158.9		297		25.0		32.0
280930	41.3		3.9		10.7		159.5		298		25.0		32.5
281438	41.3		3.9		10.7		160.1		299		25.0		33.0
281946	41.3		4.1		10.1		168.3		314		25.0		33.5
282454	41.3		4.3		9.7		176.1		329		25.0		34.0
282962	41.3		4.5		9.3		184.3		344		25.0		34.5
283470	41.3		4.6		8.9		191.6		358		25.0		35.0
283978	41.3		4.8		8.6		199.2		372		25.0		35.5
284486	41.3		5.0		8.2		207.4		387		25.0		36.0
284994	41.3		5.2		8.0		214.6		401		25.0		36.5
285502	41.3		5.4		7.7		222.8		416		25.0		37.0
286010	41.3		5.6		7.4		230.7		431		25.0		37.5
286518	41.3		5.8		7.1		238.8		446		25.0		38.0
287026	41.3		6.0		6.9		246.4		460		25.0		38.5
287534	41.3		6.2		6.7		254.3		475		25.0		39.0
288042	41.3		6.3		6.5		261.8		489		25.0		39.5
288550	41.3		6.5		6.3		270.0		504		25.0		40.0
289058	41.3		6.7		6.1		278.5		520		25.0		40.5
289566	41.3		6.9		6.0		286.1		534		25.0		41.0
290074	41.3		7.1		5.8		293.3		548		25.0		41.5
290582	41.3		7.3		5.7		300.9		562		25.0		42.0
291090	41.3		7.5		5.5		309.1		577		25.0		42.5
291598	41.3		7.7		5.4		316.9		592		25.0		43.0
292106	41.3		7.9		5.3		325.1		607		25.0		43.5
292614	41.3		8.1		5.1		333.0		622		25.0		44.0
293122	41.3		8.2		5.0		340.5		636		25.0		44.5
293630	41.3		8.4		4.9		348.7		651		25.0		45.0
294138	41.3		8.6		4.8		356.0		665		25.0		45.5
294646	41.3		8.8		4.7		364.1		680		25.0		46.0
295154	41.3		9.0		4.6		372.3		695		25.0		46.5
295662	41.3		9.2		4.5		380.2		710		25.0		47.0
296170	41.3		9.2		4.5		381.7		713		25.0		47.5
296678	41.3		9.3		4.5		383.5		716		25.0		48.0
297186	41.3		9.3		4.4		385.0		719		25.0		48.5
297694	41.3		9.4		4.4		386.5		722		25.0		49.0
298202	41.3		9.4		4.4		388.4		725		25.0		49.5
298710	41.3		9.4		4.4		388.7		726		25.0		50.0
299218	41.3		9.6		4.3		394.7		737		25.0		50.5
299726	41.3		9.7		4.2		402.3		751		25.0		51.0
300234	41.3		9.9		4.2		410.2		766		25.0		51.5
300742	41.3		10.1		4.1		418.3		781		25.0		52.0
301250	41.3		10.2		4.1		421.4		787		25.0		52.5
301758	41.3		10.2		4.0		422.6		789		25.0		53.0
302266	41.3		10.3		4.0		427.4		798		25.0		53.5
302774	41.3		10.4		4.0		428.3		800		25.0		54.0
303282	41.3		10.5		3.9		432.3		807		25.0		54.5
303790	41.3		10.5		3.9		432.3		807		25.0		55.0
304298	41.3		10.5		3.9		432.3		807		25.0		55.5
304806	41.3		10.4		4.0		431.7		806		25.0		55.0
305314	41.3		10.4		4.0		430.4		804		25.0		55.5
305822	41.3		10.4		4.0		430.1		803		25.0		55.0
306330	41.3		10.4		4.0		429.5		802		25.0		55.5
306838	41.3		10.4		4.0		428.9		801		25.0		55.0
307346	41.3		10.4		4.0		428.3		800		25.0		55.5
307854	41.3		10.4		4.0		428.3		800		25.0		56.0
308362	41.3		10.4		4.0		428.3		800		25.0		56.5
308870	41.3		10.4		4.0		428.3		800		25.0		57.0
309378	41.3		10.4		4.0		428.3		800		25.0		57.5
309886	41.3		10.4		4.0		428.3		800		25.0		58.0
310394	41.3		10.4		4.0		428.3		800		25.0		58.5
310902	41.3		10.4		4.0		428.3		800		25.0		59.0
311410	41.3		10.4		4.0		428.3		800		25.0		59.5
311918	41.3		10.4		4.0		428.3		800		25.0		60.0
312426	41.3		10.4		4.0		428.3		800		25.0		60.5
312934	41.3		10.4		4.0		428.3		800		25.0		61.0
313442	41.3		10.4		4.0		428.3		800		25.0		61.5
313950	41.3		10.4		4.0		428.3		800		25.0		62.0
314458	41.3		10.4		4.0		428.3		800		25.0		62.5
314966	41.3		10.4		4.0		428.3		800		25.0		63.0
315474	41.3		10.4		4.0		428.3		800		25.0		63.5
315982	41.3		10.4		4.0		428.3		800		25.0		64.0
316490	41.3		10.4		4.0		428.3		800		25.0		64.5
316998	41.3		10.4		4.0		428.3		800		25.0		65.0
317506	41.3		10.4		4.0		428.3		800		25.0		65.5
318014	41.3		10.4		4.0		428.3		800		25.0		66.0
318522	41.3		10.4		4.0		428.3		800		25.0		66.5
319030	41.3		10.4		4.0		428.3		800		25.0		67.0
319538	41.3		10.4		4.0		428.3		800		25.0		67.5
320046	41.3		10.4		4.0		428.3		800		25.0		68.0
320554	41.3		10.4		4.0		428.3		800		25.0		68.5
321062	41.3		10.4		4.0		428.3		800		25.0		69.0
321570	41.3		10.4		4.0		428.3		800		25.0		69.5
322078	41.3		10.4		4.0		428.3		800		25.0		70.0
322586	41.3		10.4		4.0		428.3		800		25.0		70.5
323094	41.3		10.4		4.0		428.3		800		25.0		71.0
323602	41.3		10.4		4.0		428.3		800		25.0		71.5
324110	41.3		10.4		4.0		428.3		800		25.0		72.0
324618	41.3		10.4		4.0		428.3		800		25.0		72.5
325126	41.3		10.4		4.0		428.3		800		25.0		73.0
325634	41.3		10.4		4.0		428.3		800		25.0		73.5
326142	41.3		10.4		4.0		428.3		800		25.0		74.0
326650	41.3		10.4		4.0		428.3		800		25.0		74.5
327158	41.3		10.4		4.0		428.3		800		25.0		75.0
327666	41.3		10.4		4.0		428.3		800		25.0		75.5
328174	41.3		10.4		4.0		428.3		800		25.0		76.0
328682	41.3		10.4		4.0		428.3		800		25.0		76.5
329190	41.3		10.4		4.0		428.3		800		25.0		77.0
329698	41.3		10.4		4.0		428.3		800		25.0		77.5
330206	41.3		10.4		4.0		428.3		800		25.0		78.0
330714	41.3		10.4		4.0		428.3		800		25.0		78.5
331222	41.3		10.4		4.0		428.3		800		25.0		79.0
331730	41.3		10.4		4.0		428.3		800		25.0		79.5
332238	41.3		10.4		4.0		428.3		800		25.0		80.0
332746	41.3		10.4		4.0		428.3		800		25.0		80.0
333254	41.3		10.4		4.0		428.3		800		25.0		80.0
333762	41.3		10.4		4.0		428.3		800		25.0		80.0
334270	41.3		10.4		4.0		428.3		800		25.0		80.0
334778	41.3		10.4		4.0		428.3		800		25.0		80.0
335286	41.3		10.4		4.0		428.3		800		25.0		80.0
335794	41.3		10.4		4.0		428.3		800		25.0		80.0
336302	41.3		10.4		4.0		428.3		800		25.0		80.0
336810	41.3		10.4		4.0		428.3		800		25.0		80.0
337318	41.3		10.4		4.0		428.3		800		25.0		80.0
337826	41.3		10.4		4.0		428.3		800		25.0		80.0
338334	41.3		10.4		4.0		428.3		800		25.0		80.0
338842	41.3		10.4		4.0		428.3		800		25.0		80.0
339350	41.3		10.4		4.0		428.3		800		25.0		80.0
339858	41.3		10.4		4.0		428.3		800		25.0		80.0
340366	41.3		10.4		4.0		428.3		800		25.0		80.0
340874	41.2		10.4		4.0		427.1		800		26.0		79.5
341382	40.7		10.4		3.9		422.8		800		29.0		80.0
341890	39.1		10.4		3.7		408.1		800		43.0		79.5
342398	38.5		10.4		3.7		402.6		800		47.0		80.0
342906	38.1		10.5		3.6		398.5		800		51.0		79.5
343414	37.9		10.5		3.6		397.3		800		52.0		80.0
343922	37.5		10.5		3.6		393.2		800		56.0		79.5
344430	37.1		10.5		3.5		388.9		800		59.0		80.0
344938	36.9		10.5		3.5		387.4		800		60.0		79.5
345446	36.9		10.5		3.5		387.4		800		60.0		79.0
345954	36.9		10.5		3.5		387.4		800		60.0		78.5
346462	36.9		10.5		3.5		387.4		800		60.0		78.0
346970	36.9		10.5		3.5		387.4		800		60.0		77.5
347478	36.9		10.5		3.5		387.4		800		60.0		77.0
347986	36.9		10.5		3.5		387.4		800		60.0		76.5
348494	36.9		10.5		3.5		387.4		800		60.0		76.0
349002	36.9		10.5		3.5		387.4		800		60.0		75.5
349510	36.9		10.5		3.5		387.4		800		60.0		75.0
350018	36.9		10.5		3.5		387.4		800		60.0		74.5
350526	36.9		10.5		3.5		387.4		800		60.0		74.0
351034	36.9		10.5		3.5		387.4		800		60.0		73.5
351542	36.9		10.5		3.5		387.4		800		60.0		73.0
352050	36.9		10.5		3.5		387.4		800		60.0		72.5
352558	36.9		10.5		3.5		387.4		800		60.0		72.0
353066	36.9		10.5		3.5		387.4		800		60.0		71.5
353574	36.9		10.5		3.5		387.4		800		60.0		71.0
354082	36.9		10.5		3.5		387.4		800		60.0		70.5
354590	36.9		10.5		3.5		387.4		800		60.0		70.0
355098	36.9		10.5		3.5		387.4		800		60.0		69.5
355606	36.9		10.5		3.5		387.4		800		60.0		69.0
356114	36.9		10.5		3.5		387.4		800		60.0		68.5
356622	36.9		10.5		3.5		387.4		800		60.0		68.0
357130	36.9		10.5		3.5		387.4		800		60.0		67.5
357638	36.9		10.5		3.5		387.4		800		60.0		67.0
358146	36.9		10.5		3.5		387.4		800		60.0		66.5
358654	36.9		10.5		3.5		387.4		800		60.0		66.0
359162	36.9		10.5		3.5		387.4		800		60.0		65.5
359670	36.9		10.5		3.5		387.4		800		60.0		65.0
360178	36.9		10.5		3.5		387.4		800		60.0		64.5
360686	36.9		10.5		3.5		387.4		800		60.0		64.0
361194	36.9		10.5		3.5		387.4		800		60.0		63.5
361702	36.9		10.5		3.5		387.4		800		60.0		63.0
362210	36.9		10.5		3.5		387.4		800		60.0		62.5
362718	36.9		10.5		3.5		387.4		800		60.0		62.0
363226	36.9		10.5		3.5		387.4		800		60.0		61.5
363734	36.9		10.5		3.5		387.4		800		60.0		61.0
364242	36.9		10.5		3.5		387.4		800		60.0		60.5
364750	36.9		10.5		3.5		387.4		800		60.0		60.0
365258	36.9		10.5		3.5		387.4		800		60.0		59.5
365766	36.9		10.5		3.5		387.4		800		60.0		59.0
366274	36.9		10.5		3.5		387.4		800		60.0		58.5
366782	36.9		10.5		3.5		387.4		800		60.0		58.0
367290	36.9		10.5		3.5		387.4		800		60.0		57.5
367798	36.9		10.5		3.5		387.4		800		60.0		57.0
368306	36.9		10.5		3.5		387.4		800		60.0		56.5
368814	36.9		10.5		3.5		387.4		800		60.0		56.0
369322	36.9		10.5		3.5		387.4		800		60.0		55.5
369830	36.9		10.5		3.5		387.4		800		60.0		55.0
370338	36.9		10.5		3.5		387.4		800		60.0		54.5
370846	36.9		10.5		3.5		387.4		800		60.0		54.0
371354	36.9		10.5		3.5		387.4		800		60.0		53.5
371862	36.9		10.5		3.5		387.4		800		60.0		53.0
372370	36.9		10.5		3.5		387.4		800		60.0		52.5
372878	36.9		10.5		3.5		387.4		800		60.0		52.0
373386	36.9		10.5		3.5		387.4		800		60.0		51.5
373894	36.9		10.5		3.5		387.4		800		60.0		51.0
374402	36.9		10.5		3.5		387.4		800		60.0		50.5
374910	36.9		10.5		3.5		387.4		800		60.0		50.0
375418	36.9		10.5		3.5		387.4		800		60.0		49.5
375926	36.9		10.5		3.5		387.4		800		60.0		49.0
376434	36.9		10.5		3.5		387.4		800		60.0		48.5
376942	36.9		10.9		3.4		401.1		828		60.0		48.0
377450	36.9		10.9		3.4		401.1		828		60.0		47.5
377958	36.9		10.9		3.4		401.1		828		60.0		47.0
378466	36.9		10.9		3.4		401.1		828		60.0		46.5
378974	36.9		10.9		3.4		401.1		828		60.0		46.0
379482	36.9		10.8		3.4		399.0		824		60.0		46.5
379990	36.9		10.8		3.4		397.1		820		60.0		46.0
380498	36.9		10.7		3.4		395.2		816		60.0		46.5
381006	36.9		10.7		3.5		393.3		812		60.0		46.0
381514	36.9		10.6		3.5		392.0		809		60.0		46.5
382022	36.9		10.6		3.5		390.9		807		60.0		46.0
382530	36.9		10.5		3.5		389.5		804		60.0		46.5
383038	36.9		10.5		3.5		387.9		801		60.0		46.0
383546	36.9		10.5		3.5		387.4		800		60.0		46.5
384054	36.9		10.5		3.5		387.4		800		60.0		47.0
384562	36.9		10.5		3.5		387.4		800		60.0		47.5
385070	36.9		10.5		3.5		387.4		800		60.0		48.0
385578	36.9		10.5		3.5		387.4		800		60.0		48.5
386086	36.9		10.5		3.5		387.4		800		60.0		49.0
386594	36.9		10.5		3.5		387.4		800		60.0		49.5
387102	36.9		10.5		3.5		387.4		800		60.0		50.0
387610	36.9		10.5		3.5		387.4		800		60.0		50.5
388118	36.9		10.5		3.5		387.4		800		60.0		51.0
388626	36.9		10.5		3.5		387.4		800		60.0		51.5
389134	36.9		10.5		3.5		387.4		800		60.0		52.0
389642	36.9		10.5		3.5		387.4		800		60.0		52.5
390150	36.9		10.5		3.5		387.4		800		60.0		53.0
390658	36.9		10.5		3.5		387.4		800		60.0		53.5
391166	36.9		10.5		3.5		387.4		800		60.0		54.0
391674	36.9		10.5		3.5		387.4		800		60.0		54.5
392182	36.9		10.5		3.5		387.4		800		60.0		55.0
392690	36.9		10.5		3.5		387.4		800		60.0		55.5
393198	36.9		10.5		3.5		387.4		800		60.0		56.0
393706	36.9		10.5		3.5		387.4		800		60.0		56.5
394214	36.9		10.5		3.5		387.4		800		60.0		57.0
394722	36.9		10.5		3.5		387.4		800		60.0		57.5
395230	36.9		10.5		3.5		387.4		800		60.0		58.0
395738	36.9		10.5		3.5		387.4		800		60.0		58.5
396246	36.9		10.5		3.5		387.4		800		60.0		59.0
396754	36.9		10.5		3.5		387.4		800		60.0		59.5
397262	36.9		10.5		3.5		387.4		800		60.0		60.0
397770	36.9		10.5		3.5		387.4		800		60.0		60.5
398278	36.9		10.5		3.5		387.4		800		60.0		61.0
398786	36.9		10.5		3.5		387.4		800		60.0		61.5
399294	36.9		10.5		3.5		387.4		800		60.0		62.0
399802	36.9		10.5		3.5		387.4		800		60.0		62.5
400310	36.9		10.5		3.5		387.4		800		60.0		63.0
400818	37.1		10.5		3.5		388.9		800		59.0		63.5
401326	37.1		10.5		3.5		388.9		800		59.0		64.0
401834	38.7		10.4		3.7		404.1		800		46.0		64.5
402342	40.6		10.4		3.9		421.6		800		31.0		65.0
402850	41.3		10.4		4.0		427.7		800		21.0		65.5
403358	41.3		10.4		4.0		428.0		800		23.0		66.0
403866	41.3		10.4		4.0		428.3		800		25.0		66.5
404374	41.3		10.4		4.0		428.3		800		25.0		67.0
404882	41.3		10.4		4.0		428.3		800		25.0		67.5
405390	41.3		10.4		4.0		428.3		800		25.0		68.0
405898	41.3		10.4		4.0		428.3		800		25.0		68.5
406406	41.3		10.4		4.0		428.3		800		25.0		69.0
406914	41.3		10.4		4.0		428.3		800		25.0		69.5
407422	41.3		10.4		4.0		428.3		800		25.0		70.0
407930	41.3		10.4		4.0		428.3		800		25.0		70.5
408438	41.3		10.4		4.0		428.3		800		25.0		71.0
408946	41.3		10.4		4.0		428.3		800		25.0		71.5
409454	41.3		10.4		4.0		428.3		800		25.0		72.0
409962	41.3		10.4		4.0		428.3		800		25.0		72.5
410470	41.3		10.4		4.0		428.3		800		25.0		73.0
410978	41.3		10.4		4.0		428.3		800		25.0		73.5
411486	41.3		10.4		4.0		428.3		800		25.0		74.0
411994	41.3		10.4		4.0		428.3		800		25.0		74.5
412502	41.3		10.4		4.0		428.3		800		25.0		75.0
413010	41.3		10.4		4.0		428.3		800		25.0		75.5
413518	41.3		10.4		4.0		428.3		800		25.0		76.0
414026	41.3		10.4		4.0		428.3		800		25.0		76.5
414534	41.3		10.4		4.0		428.3		800		25.0		77.0
415042	41.3		10.4		4.0		428.3		800		25.0		77.5
415550	41.3		10.4		4.0		428.3		800		25.0		78.0
416058	41.3		10.4		4.0		428.3		800		25.0		78.5
416566	41.3		10.4		4.0		428.3		800		25.0		79.0
417074	41.3		10.4		4.0		428.3		800		25.0		79.5
417582	41.3		10.4		4.0		428.3		800		25.0		80.0
418090	41.3		10.4		4.0		428.3		800		25.0		80.0
418598	41.3		10.4		4.0		428.3		800		25.0		80.0
419106	41.3		10.4		4.0		428.3		800		25.0		80.0
419614	41.3		10.4		4.0		428.3		800		25.0		80.0
420122	41.3		10.4		4.0		428.3		800		25.0		80.0
420630	41.3		10.4		4.0		428.3		800		25.0		80.0
421138	41.3		10.4		4.0		428.3		800		25.0		80.0
421646	41.3		10.4		4.0		428.3		800		25.0		80.0
422154	41.3		10.4		4.0		428.3		800		25.0		80.0
422662	41.3		10.4		4.0		428.3		800		25.0		80.0
423170	41.3		10.4		4.0		428.3		800		25.0		80.0
423678	41.3		10.4		4.0		428.3		800		25.0		80.0
424186	41.3		10.4		4.0		428.3		800		25.0		80.0
424694	41.3		10.4		4.0		428.3		800		25.0		80.0
425202	41.3		10.4		4.0		428.3		800		25.0		80.0
425710	41.3		10.4		4.0		428.3		800		25.0		80.0
426218	41.3		10.4		4.0		428.3		800		25.0		80.0
426726	41.3		10.4		4.0		428.3		800		25.0		80.0
427234	41.3		10.4		4.0		428.3		800		25.0		80.0
427742	41.3		10.4		4.0		428.3		800		25.0		80.0
428250	41.3		10.4		4.0		428.3		800		25.0		80.0
428758	41.3		10.4		4.0		428.3		800		25.0		80.0
429266	41.3		10.4		4.0		428.3		800		25.0		80.0
429774	41.3		10.4		4.0		428.3		800		25.0		80.0
430282	41.3		10.4		4.0		428.3		800		25.0		80.0
430790	41.3		10.4		4.0		428.3		800		25.0		80.0
431298	41.3		10.4		4.0		428.3		800		25.0		80.0
431806	41.3		10.4		4.0		428.3		800		25.0		80.0
432314	41.3		10.4		4.0		428.3		800		25.0		80.0
432822	41.3		10.4		4.0		428.3		800		25.0		80.0
433330	41.3		10.4		4.0		428.3		800		25.0		80.0
433838	41.3		10.4		4.0		428.3		800		25.0		80.0
434346	41.3		10.4		4.0		428.3		800		25.0		80.0
434854	41.3		10.4		4.0		428.3		800		25.0		80.0
435362	41.3		10.4		4.0		428.3		800		25.0		80.0
435870	41.3		10.4		4.0		428.3		800		25.0		80.0
436378	41.3		10.4		4.0		428.3		800		25.0		80.0
436886	41.3		10.4		4.0		428.3		800		25.0		80.0
437394	41.3		10.4		4.0		428.3		800		25.0		80.0
437902	41.3		10.4		4.0		428.3		800		25.0		80.0
438410	41.3		10.4		4.0		428.3		800		25.0		80.0
438918	41.3		10.4		4.0		428.3		800		25.0		80.0
439426	41.3		10.4		4.0		428.3		800		25.0		80.0
439934	41.3		10.4		4.0		428.3		800		25.0		80.0
440442	41.3		10.4		4.0		428.3		800		25.0		80.0
440950	41.3		10.4		4.0		428.3		800		25.0		80.0
441458	41.3		10.4		4.0		428.3		800		25.0		80.0
441966	41.3		10.4		4.0		428.3		800		25.0		80.0
442474	41.3		10.4		4.0		428.3		800		25.0		80.0
442982	41.3		10.4		4.0		428.3		800		25.0		80.0
443490	41.3		10.4		4.0		428.3		800		25.0		80.0
443998	41.3		10.4		4.0		428.3		800		25.0		80.0
444506	41.3		10.4		4.0		428.3		800		25.0		80.0
445014	41.3		10.4		4.0		428.3		800		25.0		80.0
445522	41.3		10.4		4.0		428.3		800		25.0		80.0
446030	41.3		10.4		4.0		428.3		800		25.0		80.0
446538	41.3		10.4		4.0		428.3		800		25.0		80.0
447046	41.3		10.4		4.0		428.3		800		25.0		80.0
447554	41.3		10.4		4.0		428.3		800		25.0		80.0
448062	41.3		10.4		4.0		428.3		800		25.0		80.0
448570	41.3		10.4		4.0		428.3		800		25.0		80.0
449078	41.3		10.4		4.0		428.3		800		25.0		80.0
449586	41.3		10.4		4.0		428.3		800		25.0		80.0
450094	41.3		10.4		4.0		428.3		800		25.0		80.0
450602	41.3		10.4		4.0		428.3		800		25.0		80.0
451110	41.3		10.4		4.0		428.3		800		25.0		80.0
451618	41.3		10.4		4.0		428.3		800		25.0		80.0
452126	41.3		10.4		4.0		428.3		800		25.0		80.0
452634	41.3		10.4		4.0		428.3		800		25.0		80.0
453142	41.3		10.4		4.0		428.3		800		25.0		80.0
453650	41.3		10.4		4.0		428.3		800		25.0		80.0
454158	41.3		10.4		4.0		428.3		800		25.0		80.0
454666	41.3		10.4		4.0		428.3		800		25.0		80.0
455174	41.3		10.4		4.0		428.3		800		25.0		80.0
455682	41.3		10.4		4.0		428.3		800		25.0		80.0
456190	41.3		10.4		4.0		428.3		800		25.0		80.0
456698	41.3		10.4		4.0		428.3		800		25.0		80.0
457206	41.3		10.4		4.0		428.3		800		25.0		80.0
457714	41.3		10.4		4.0		428.3		800		25.0		80.0
458222	41.3		10.4		4.0		428.3		800		25.0		80.0
458730	41.3		10.4		4.0		428.3		800		25.0		80.0
459238	41.3		10.4		4.0		428.3		800		25.0		80.0
459746	41.3		10.4		4.0		428.3		800		25.0		80.0
460254	41.3		10.4		4.0		428.3		800		25.0		80.0
460762	41.3		10.4		4.0		428.3		800		25.0		80.0
461270	41.3		10.4		4.0		428.3		800		25.0		80.0
461778	41.3		10.4		4.0		428.3		800		25.0		80.0
462286	41.3		10.4		4.0		428.3		800		25.0		80.0
462794	41.3		10.4		4.0		428.3		800		25.0		80.0
463302	41.3		10.4		4.0		428.3		800		25.0		80.0
463810	41.3		10.4		4.0		428.3		800		25.0		80.0
464318	41.3		10.4		4.0		428.3		800		25.0		80.0
464826	41.3		10.4		4.0		428.3		800		25.0		80.0
465334	41.3		10.4		4.0		428.3		800		25.0		80.0
465842	41.3		10.4		4.0		428.3		800		25.0		80.0
466350	41.3		10.4		4.0		428.3		800		25.0		80.0
466858	41.3		10.4		4.0		428.3		800		25.0		80.0
467366	41.3		10.4		4.0		428.3		800		25.0		80.0
467874	41.3		10.4		4.0		428.3		800		25.0		80.0
468382	41.3		10.4		4.0		428.3		800		25.0		80.0
468890	41.3		10.4		4.0		428.3		800		25.0		80.0
469398	41.3		10.4		4.0		428.3		800		25.0		80.0
469906	41.3		10.4		4.0		428.3		800		25.0		80.0
470414	41.3		10.4		4.0		428.3		800		25.0		80.0
470922	41.3		10.4		4.0		428.3		800		25.0		80.0
471430	41.3		10.4		4.0		428.3		800		25.0		80.0
471938	41.3		10.4		4.0		428.3		800		25.0		80.0
472446	41.3		10.4		4.0		428.3		800		25.0		80.0
472954	41.3		10.4		4.0		428.3		800		25.0		80.0
473462	41.3		10.4		4.0		428.3		800		25.0		80.0
473970	41.3		10.4		4.0		428.3		800		25.0		80.0
474478	41.3		10.4		4.0		428.3		800		25.0		80.0
474986	41.3		10.4		4.0		428.3		800		25.0		80.0
475494	41.3		10.4		4.0		428.3		800		25.0		80.0
476002	41.3		10.4		4.0		428.3		800		25.0		80.0
476510	41.3		10.4		4.0		428.3		800		25.0		80.0
477018	41.3		10.4		4.0		428.3		800		25.0		80.0
477526	41.3		10.4		4.0		428.3		800		25.0		80.0
478034	41.3		10.4		4.0		428.3		800		25.0		80.0
478542	41.3		10.4		4.0		428.3		800		25.0		80.0
479050	41.3		10.4		4.0		428.3		800		25.0		80.0
479558	41.3		10.4		4.0		428.3		800		25.0		80.0
480066	41.3		10.4		4.0		428.3		800		25.0		80.0