tiempo[ms]V_Panel[V]	I_Panel[A]	R_Carga[Ohms]	P_Panel[W]	G[W/m2]	T[°C]	Load[%]
539	41.5		10.4		4.0		429.8		800		25.0		52.0
2042	41.6		10.4		4.0		431.7		800		25.0		52.5
2549	41.6		10.4		4.0		432.0		800		25.0		53.0
3057	41.5		10.4		4.0		430.1		800		25.0		52.5
3565	41.6		10.4		4.0		432.0		800		25.0		52.0
4073	41.5		10.4		4.0		429.8		800		25.0		52.5
4581	41.5		10.4		4.0		430.1		800		25.0		53.0
5089	41.6		10.4		4.0		431.7		800		25.0		53.5
5597	41.6		10.4		4.0		431.4		800		25.0		53.0
6105	41.3		10.4		4.0		428.9		800		25.0		53.5
6613	41.6		10.4		4.0		431.7		800		25.0		54.0
7121	41.6		10.4		4.0		432.0		800		25.0		54.5
7629	41.6		10.4		4.0		432.0		800		25.0		55.0
8137	41.6		10.4		4.0		431.4		800		25.0		54.5
8645	41.6		10.4		4.0		431.4		800		25.0		54.0
9153	41.6		10.4		4.0		431.8		800		25.0		53.5
9661	41.6		10.4		4.0		431.7		800		25.0		54.0
10169	41.8		10.4		4.0		433.2		800		25.0		54.5
10677	41.6		10.4		4.0		431.7		800		25.0		54.0
11185	41.6		10.4		4.0		432.0		800		25.0		53.5
11693	41.5		10.4		4.0		430.1		800		25.0		54.0
12201	41.5		10.4		4.0		430.4		800		25.0		54.5
12709	41.8		10.4		4.0		433.5		800		25.0		55.0
13217	41.5		10.4		4.0		430.4		800		25.0		54.5
13725	42.1		10.4		4.1		436.2		800		25.0		54.0
14233	41.6		10.4		4.0		431.4		800		25.0		54.5
14741	41.8		10.4		4.0		433.2		800		25.0		55.0
15249	41.6		10.4		4.0		431.7		800		25.0		54.5
15757	41.8		10.4		4.0		433.2		800		25.0		54.0
16265	41.8		10.4		4.0		433.2		800		25.0		53.5
16773	41.9		10.4		4.0		435.0		800		25.0		53.0
17281	41.6		10.4		4.0		431.4		800		25.0		53.5
17789	41.5		10.4		4.0		430.8		800		25.0		53.0
18297	41.6		10.4		4.0		432.6		800		25.0		52.5
18805	41.3		10.4		4.0		428.6		800		25.0		53.0
19313	41.5		10.4		4.0		430.4		800		25.0		53.5
19821	41.5		10.4		4.0		430.1		800		25.0		53.0
20329	41.5		10.4		4.0		429.8		800		25.0		53.5
20837	41.5		10.4		4.0		429.8		800		25.0		54.0
21345	41.5		10.4		4.0		430.1		800		25.0		54.5
21853	41.6		10.4		4.0		431.8		800		25.0		55.0
22361	41.5		10.4		4.0		430.1		800		25.0		54.5
22869	41.8		10.4		4.0		432.6		800		25.0		54.0
23377	41.9		10.4		4.0		434.7		800		25.0		53.5
23885	41.6		10.4		4.0		432.0		800		25.0		54.0
24393	41.6		10.4		4.0		431.7		800		25.0		53.5
24901	41.6		10.4		4.0		431.4		800		25.0		54.0
25409	41.8		10.4		4.0		433.8		800		25.0		54.5
25917	41.6		10.4		4.0		431.7		800		25.0		54.0
26425	41.6		10.4		4.0		431.7		800		25.0		53.5
26933	41.6		10.4		4.0		431.4		800		25.0		54.0
27441	41.2		10.4		4.0		427.1		800		25.0		53.5
27949	41.5		10.4		4.0		430.4		800		25.0		53.0
28457	41.5		10.4		4.0		430.1		800		25.0		53.5
28965	41.6		10.4		4.0		432.0		800		25.0		54.0
29473	41.6		10.4		4.0		432.0		800		25.0		54.5
29981	41.5		10.4		4.0		429.5		800		25.0		54.0
30489	41.5		10.4		4.0		429.8		800		25.0		53.5
30997	41.5		10.4		4.0		430.4		800		25.0		53.0
31505	41.5		10.4		4.0		430.4		800		25.0		52.5
32013	41.5		10.4		4.0		430.1		800		25.0		53.0
32521	41.5		10.4		4.0		430.1		800		25.0		53.5
33029	41.5		10.4		4.0		430.1		800		25.0		54.0
33537	41.5		10.4		4.0		430.1		800		25.0		54.5
34045	41.6		10.4		4.0		431.7		800		25.0		55.0
34553	41.5		10.4		4.0		430.4		800		25.0		54.5
35061	41.6		10.4		4.0		431.7		800		25.0		54.0
35569	41.5		10.4		4.0		430.1		800		25.0		54.5
36077	41.5		10.4		4.0		430.4		800		25.0		55.0
36585	41.3		10.4		4.0		428.6		800		25.0		54.5
37093	41.5		10.4		4.0		430.4		800		25.0		54.0
37601	41.6		10.4		4.0		431.4		800		25.0		53.5
38109	41.5		10.4		4.0		430.1		800		25.0		54.0
38617	41.3		10.4		4.0		428.3		800		25.0		53.5
39125	41.6		10.4		4.0		432.3		800		25.0		53.0
39633	41.6		10.4		4.0		431.4		800		25.0		53.5
40141	41.8		10.4		4.0		433.5		800		25.0		54.0
40649	41.3		10.4		4.0		428.9		800		25.0		53.5
41157	41.6		10.4		4.0		431.4		800		25.0		53.0
41665	41.3		10.4		4.0		428.3		800		25.0		53.5
42173	41.5		10.4		4.0		430.1		800		25.0		54.0
42681	41.3		10.4		4.0		428.6		800		25.0		53.5
43189	41.5		10.4		4.0		430.1		800		25.0		53.0
43697	41.5		10.4		4.0		430.4		800		25.0		52.5
44205	41.3		10.4		4.0		428.3		800		25.0		53.0
44713	41.3		10.4		4.0		428.6		800		25.0		53.5
45221	41.3		10.4		4.0		428.6		800		25.0		54.0
45729	41.6		10.4		4.0		431.7		800		25.0		54.5
46237	41.5		10.4		4.0		430.1		800		25.0		54.0
46745	41.3		10.4		4.0		428.3		800		25.0		54.5
47253	41.3		10.4		4.0		428.9		800		25.0		55.0
47761	41.3		10.4		4.0		428.9		800		25.0		55.5
48269	41.6		10.4		4.0		431.4		800		25.0		56.0
48777	41.5		10.4		4.0		430.4		800		25.0		55.5
49285	41.5		10.4		4.0		430.1		800		25.0		56.0
49793	41.5		10.4		4.0		429.8		800		25.0		55.5
50301	41.0		10.4		4.0		425.6		800		25.0		56.0
50809	41.6		10.4		4.0		431.1		800		25.0		56.5
51317	41.6		10.4		4.0		431.4		800		25.0		57.0
51825	41.6		10.4		4.0		431.7		800		25.0		57.5
52333	41.3		10.4		4.0		428.6		800		25.0		57.0
52841	41.5		10.4		4.0		430.1		800		25.0		56.5
53349	41.3		10.4		4.0		428.3		800		25.0		57.0
53857	41.5		10.4		4.0		430.8		800		25.0		57.5
54365	41.6		10.4		4.0		431.4		800		25.0		58.0
54873	41.5		10.4		4.0		430.4		800		25.0		57.5
55381	41.3		10.4		4.0		428.6		800		25.0		58.0
55889	41.2		10.4		4.0		427.4		800		25.0		57.5
56397	41.3		10.4		4.0		428.3		800		25.0		57.0
56905	41.5		10.4		4.0		429.8		800		25.0		56.5
57413	41.5		10.4		4.0		430.4		800		25.0		56.0
57921	41.3		10.4		4.0		427.7		800		25.0		56.5
58429	41.2		10.4		4.0		427.1		800		25.0		56.0
58937	41.5		10.4		4.0		429.8		800		25.0		55.5
59445	41.5		10.4		4.0		430.1		800		25.0		55.0
59953	41.3		10.4		4.0		428.6		800		25.0		55.5
60461	41.6		10.4		4.0		431.7		800		25.0		56.0
60969	41.5		10.4		4.0		429.8		800		25.0		55.5
61477	41.5		10.4		4.0		429.8		800		25.0		55.0
61985	41.6		10.4		4.0		431.4		800		25.0		54.5
62493	41.3		10.4		4.0		428.3		800		25.0		55.0
63001	41.3		10.4		4.0		428.9		800		25.0		55.5
63509	41.2		10.4		4.0		426.8		800		25.0		55.0
64017	41.5		10.4		4.0		429.8		800		25.0		54.5
64525	41.3		10.4		4.0		428.9		800		25.0		55.0
65033	41.3		10.4		4.0		428.6		800		25.0		54.5
65541	41.5		10.4		4.0		430.1		800		25.0		54.0
66049	41.3		10.4		4.0		428.9		800		25.0		54.5
66557	41.3		10.4		4.0		428.0		800		25.0		54.0
67065	41.3		10.4		4.0		428.0		800		25.0		53.5
67573	41.0		10.4		4.0		425.6		800		25.0		54.0
68081	41.3		10.4		4.0		428.6		800		25.0		54.5
68589	41.3		10.4		4.0		428.9		800		25.0		55.0
69097	41.3		10.4		4.0		428.3		800		25.0		54.5
69605	41.3		10.4		4.0		428.9		800		25.0		54.0
70113	41.3		10.4		4.0		428.3		800		25.0		54.5
70621	41.3		10.4		4.0		428.3		800		25.0		55.0
71129	41.3		10.4		4.0		428.6		800		25.0		55.5
71637	41.3		10.4		4.0		428.3		800		25.0		55.0
72145	41.3		10.4		4.0		428.0		800		25.0		55.5
72653	41.2		10.4		4.0		426.8		800		25.0		55.0
73161	41.2		10.4		4.0		427.4		800		25.0		54.5
73669	41.3		10.4		4.0		428.0		800		25.0		54.0
74177	41.3		10.4		4.0		428.3		800		25.0		53.5
74685	41.2		10.4		4.0		426.8		800		25.0		54.0
75193	41.5		10.4		4.0		430.1		800		25.0		54.5
75701	41.3		10.4		4.0		428.6		800		25.0		54.0
76209	41.3		10.4		4.0		428.6		800		25.0		53.5
76717	41.2		10.4		4.0		427.1		800		25.0		54.0
77225	41.3		10.4		4.0		428.6		800		25.0		54.5
77733	41.3		10.4		4.0		428.3		800		25.0		54.0
78241	41.5		10.4		4.0		429.8		800		25.0		53.5
78749	41.3		10.4		4.0		428.6		800		25.0		54.0
79257	41.2		10.4		4.0		426.8		800		25.0		53.5
79765	41.0		10.4		4.0		425.6		800		25.0		54.0
80273	41.2		10.4		4.0		426.5		800		25.0		54.5
80781	41.3		10.4		4.0		428.6		800		25.0		55.0
81289	41.3		10.4		4.0		428.3		800		25.0		54.5
81797	41.3		10.4		4.0		428.9		800		25.0		54.0
82305	41.3		10.4		4.0		428.3		800		25.0		54.5
82813	41.5		10.4		4.0		429.8		800		25.0		55.0
83321	41.5		10.4		4.0		429.8		800		25.0		55.5
83829	41.3		10.4		4.0		428.9		800		25.0		55.0
84337	41.3		10.4		4.0		428.9		800		25.0		54.5
84845	41.3		10.4		4.0		428.3		800		25.0		55.0
85353	41.2		10.4		4.0		426.9		800		25.0		54.5
85861	41.3		10.4		4.0		428.0		800		25.0		54.0
86369	41.5		10.4		4.0		429.8		800		25.0		53.5
86877	41.5		10.4		4.0		430.1		800		25.0		53.0
87385	41.5		10.4		4.0		429.8		800		25.0		53.5
87893	41.3		10.4		4.0		428.6		800		25.0		53.0
88401	41.3		10.4		4.0		428.6		800		25.0		52.5
88909	41.3		10.4		4.0		428.6		800		25.0		52.0
89417	41.6		10.4		4.0		431.7		800		25.0		51.5
89925	41.2		10.4		4.0		426.8		800		25.0		52.0
90433	41.5		10.4		4.0		429.5		800		25.0		52.5
90941	41.5		10.4		4.0		429.8		800		25.0		53.0
91449	41.5		10.4		4.0		429.8		800		25.0		53.5
91957	41.3		10.4		4.0		428.3		800		25.0		53.0
92465	41.3		10.4		4.0		428.3		800		25.0		52.5
92973	41.2		10.4		4.0		427.4		800		25.0		53.0
93481	41.2		10.4		4.0		426.8		800		25.0		52.5
93989	41.2		10.4		4.0		426.8		800		25.0		52.0
94497	41.3		10.4		4.0		428.6		800		25.0		51.5
95005	41.2		10.4		4.0		427.4		800		25.0		52.0
95513	41.5		10.4		4.0		429.8		800		25.0		52.5
96021	41.3		10.4		4.0		428.3		800		25.0		52.0
96529	41.5		10.4		4.0		430.1		800		25.0		51.5
97037	41.2		10.4		4.0		427.1		800		25.0		52.0
97545	41.5		10.4		4.0		429.8		800		25.0		52.5
98053	41.3		10.4		4.0		428.3		800		25.0		52.0
98561	41.5		10.4		4.0		429.5		800		25.0		51.5
99069	41.3		10.4		4.0		428.3		800		25.0		52.0
99577	41.0		10.4		4.0		425.3		800		25.0		51.5
100085	41.5		10.4		4.0		429.8		800		25.0		51.0
100593	41.3		10.4		4.0		428.6		801		25.0		51.5
101101	41.2		10.4		4.0		427.7		801		25.0		51.0
101609	41.3		10.4		4.0		428.3		801		25.0		50.5
102117	41.3		10.4		4.0		428.3		800		25.0		50.0
102625	41.3		10.4		4.0		428.3		800		25.0		49.5
103133	41.5		10.4		4.0		429.5		800		25.0		49.0
103641	41.3		10.4		4.0		428.6		800		25.0		49.5
104149	41.3		10.4		4.0		428.3		800		25.0		49.0
104657	41.2		10.4		4.0		426.8		800		25.0		49.5
105165	41.2		10.4		4.0		426.5		800		25.0		49.0
105673	41.3		10.4		4.0		428.6		800		25.0		48.5
106181	41.5		10.4		4.0		429.8		800		25.0		48.0
106689	41.5		10.4		4.0		430.4		800		25.0		47.5
107197	41.2		10.4		4.0		426.8		800		25.0		48.0
107705	41.3		10.4		4.0		428.3		800		25.0		48.5
108213	41.5		10.4		4.0		429.5		800		25.0		49.0
108721	41.3		10.4		4.0		428.6		800		25.0		48.5
109229	41.5		10.4		4.0		429.8		800		25.0		48.0
109737	41.3		10.4		4.0		428.3		800		25.0		48.5
110245	41.3		10.4		4.0		428.6		800		25.0		49.0
110753	41.2		10.4		4.0		426.5		800		25.0		48.5
111261	41.5		10.4		4.0		430.1		800		25.0		48.0
111769	41.2		10.4		4.0		427.1		800		25.0		48.5
112277	41.6		10.4		4.0		431.7		800		25.0		49.0
112785	41.0		10.4		4.0		425.3		800		25.0		48.5
113293	41.5		10.4		4.0		430.1		800		25.0		48.0
113801	41.3		10.4		4.0		428.3		800		25.0		48.5
114309	41.2		10.4		4.0		426.8		800		25.0		48.0
114817	41.2		10.4		4.0		426.8		800		25.0		47.5
115325	41.3		10.4		4.0		428.9		800		25.0		47.0
115833	41.5		10.4		4.0		430.1		800		25.0		46.5
116341	41.3		10.4		4.0		428.0		800		25.0		47.0
116849	41.2		10.4		4.0		427.4		800		25.0		46.5
117357	41.2		10.4		4.0		427.1		800		25.0		47.0
117865	41.3		10.4		4.0		428.3		800		25.0		47.5
118373	41.3		10.4		4.0		428.3		800		25.0		48.0
118881	41.3		10.4		4.0		428.3		800		25.0		48.5
119389	41.2		10.4		4.0		427.1		800		25.0		48.0
119897	41.2		10.4		4.0		427.1		800		25.0		47.5
120405	41.5		10.4		4.0		429.5		799		25.0		47.0
120913	41.5		10.3		4.0		425.6		793		25.0		47.5
121421	41.3		10.1		4.1		417.4		779		25.0		47.0
121929	41.5		9.9		4.2		411.0		765		25.0		47.5
122437	41.3		9.7		4.2		402.0		750		25.0		47.0
122945	41.3		9.5		4.3		394.4		736		25.0		47.5
123453	41.2		9.3		4.4		384.3		720		25.0		47.0
123961	41.3		9.1		4.5		377.8		706		25.0		47.5
124469	41.5		9.0		4.6		371.2		691		25.0		47.0
124977	41.3		8.8		4.7		362.0		677		25.0		47.5
125485	41.5		8.6		4.8		355.7		662		25.0		47.0
125993	41.2		8.4		4.9		346.3		648		25.0		47.5
126501	41.5		8.2		5.1		339.9		633		25.0		47.0
127009	41.3		8.0		5.2		330.5		617		25.0		47.5
127517	41.5		7.8		5.3		324.1		603		25.0		47.0
128025	41.3		7.6		5.4		314.5		588		25.0		47.5
128533	41.2		7.4		5.5		306.5		574		25.0		47.0
129041	41.3		7.2		5.7		299.4		559		25.0		47.5
129549	41.3		7.1		5.9		291.8		545		25.0		47.0
130057	41.0		6.9		6.0		281.3		529		25.0		47.5
130565	41.5		6.7		6.2		277.3		515		25.0		47.0
131073	41.3		6.5		6.4		267.6		500		25.0		47.5
131581	41.3		6.3		6.6		260.0		486		25.0		47.0
132089	41.3		6.1		6.8		252.5		471		25.0		47.5
132597	41.5		5.9		7.0		245.1		456		25.0		47.0
133105	41.5		5.7		7.2		237.2		441		25.0		47.5
133613	41.5		5.5		7.5		229.0		426		25.0		47.0
134121	41.5		5.3		7.8		221.5		412		25.0		47.5
134629	41.3		5.2		8.0		212.8		397		25.0		47.0
135137	41.3		5.1		8.1		211.0		394		25.0		47.5
135645	41.5		5.1		8.1		212.6		396		25.0		48.0
136153	41.5		5.2		8.0		214.8		399		25.0		48.5
136661	41.3		5.2		7.9		214.9		400		25.0		49.0
137169	41.6		5.2		8.0		215.8		400		25.0		49.5
137677	41.5		5.2		8.0		214.8		400		25.0		49.0
138185	41.3		5.2		8.0		214.3		400		25.0		49.5
138693	41.3		5.2		8.0		214.3		400		25.0		50.0
139201	41.3		5.2		8.0		214.3		400		25.0		50.5
139709	41.2		5.2		8.0		212.9		400		25.0		50.0
140217	41.5		5.2		8.0		214.8		400		25.0		49.5
140725	41.5		5.2		8.0		214.8		400		25.0		49.0
141233	41.3		5.2		8.0		213.4		400		25.0		49.5
141741	41.3		5.2		8.0		214.0		400		25.0		50.0
142249	41.3		5.2		8.0		214.6		400		25.0		50.5
142757	41.3		5.2		8.0		214.0		400		25.0		50.0
143265	41.5		5.2		8.0		215.4		400		25.0		49.5
143773	41.3		5.2		8.0		214.0		400		25.0		50.0
144281	41.5		5.2		8.0		215.4		400		25.0		50.5
144789	41.3		5.2		8.0		214.0		400		25.0		50.0
145297	41.2		5.2		7.9		213.9		400		25.0		50.5
145805	41.6		5.2		8.0		215.5		400		25.0		51.0
146313	41.3		5.2		8.0		214.3		400		25.0		50.5
146821	41.5		5.2		8.0		215.4		400		25.0		50.0
147329	41.3		5.1		8.2		208.9		390		25.0		50.5
147837	41.5		5.1		8.2		209.6		390		25.0		51.0
148345	41.3		5.1		8.2		209.5		391		25.0		50.5
148853	41.5		5.1		8.1		211.4		394		25.0		50.0
149361	41.5		5.1		8.1		212.6		396		25.0		49.5
149869	41.0		5.2		7.9		211.9		398		25.0		50.0
150377	41.6		5.2		8.0		215.2		399		25.0		50.5
150885	41.2		5.2		7.9		213.6		400		25.0		50.0
151393	41.3		5.2		8.0		214.0		400		25.0		49.5
151901	41.5		5.2		8.0		215.1		400		25.0		49.0
152409	41.3		5.2		8.0		214.0		400		25.0		49.5
152917	41.3		5.2		8.0		214.0		400		25.0		50.0
153425	41.6		5.2		8.0		215.8		400		25.0		50.5
153933	41.5		5.2		8.0		215.1		400		25.0		50.0
154441	41.3		5.2		8.0		214.6		400		25.0		50.5
154949	41.5		5.2		8.0		215.1		400		25.0		51.0
155457	41.3		5.2		8.0		214.3		400		25.0		50.5
155965	41.5		5.2		8.0		215.1		400		25.0		50.0
156473	41.5		5.2		8.0		215.4		400		25.0		49.5
156981	41.5		5.2		8.0		215.4		400		25.0		49.0
157489	41.3		5.2		8.0		214.0		400		25.0		49.5
157997	41.3		5.2		8.0		214.3		400		25.0		50.0
158505	41.6		5.2		8.0		215.5		400		25.0		50.5
159013	41.5		5.2		8.0		215.1		400		25.0		50.0
159521	41.6		5.2		8.0		216.1		400		25.0		49.5
160029	41.5		5.2		8.0		215.1		400		25.0		50.0
160537	41.5		5.2		8.0		215.1		400		25.0		50.5
161045	41.6		5.2		8.0		216.1		400		25.0		51.0
161553	41.5		5.2		8.0		215.0		400		25.0		50.5
162061	41.5		5.2		8.0		215.1		400		25.0		50.0
162569	41.6		5.2		8.0		215.8		400		25.0		49.5
163077	41.8		5.2		8.0		216.9		400		25.0		49.0
163585	41.5		5.2		8.0		214.8		400		25.0		49.5
164093	41.5		5.2		8.0		215.7		400		25.0		50.0
164601	41.5		5.2		8.0		215.1		400		25.0		49.5
165109	41.5		5.2		8.0		214.8		400		25.0		50.0
165617	41.5		5.2		8.0		215.4		400		25.0		50.5
166125	41.6		5.2		8.0		215.5		400		25.0		51.0
166633	41.5		5.2		8.0		215.4		400		25.0		50.5
167141	41.5		5.2		8.0		215.1		400		25.0		51.0
167649	41.5		5.2		8.0		214.5		400		25.0		50.5
168157	41.5		5.2		8.0		215.4		400		25.0		50.0
168665	41.6		5.2		8.0		215.5		400		25.0		49.5
169173	41.5		5.2		8.0		215.1		400		25.0		50.0
169681	41.3		5.2		8.0		214.3		400		25.0		49.5
170189	41.5		5.2		8.0		215.4		400		25.0		49.0
170697	41.6		5.2		8.0		216.4		400		25.0		48.5
171205	41.6		5.2		8.0		216.4		400		25.0		48.0
171713	41.6		5.2		8.0		216.4		400		25.0		47.5
172221	41.6		5.2		8.0		216.4		400		25.0		47.0
172729	41.6		5.2		8.0		216.1		400		25.0		47.5
173237	41.5		5.2		8.0		215.4		400		25.0		47.0
173745	41.8		5.2		8.1		216.6		400		25.0		46.5
174253	41.6		5.2		8.0		216.1		400		25.0		47.0
174761	41.8		5.2		8.0		216.9		400		25.0		47.5
175269	41.3		5.2		8.0		214.3		400		25.0		47.0
175777	41.5		5.2		8.0		215.1		400		25.0		46.5
176285	41.6		5.2		8.0		216.1		400		25.0		46.0
176793	41.5		5.2		8.0		215.4		400		25.0		46.5
177301	41.6		5.2		8.0		216.7		401		25.0		47.0
177809	41.5		5.3		7.9		217.8		405		25.0		47.5
178317	41.5		5.3		7.9		218.7		406		25.0		48.0
178825	41.5		5.4		7.6		224.8		418		25.0		48.5
179333	41.6		5.6		7.4		233.8		433		25.0		49.0
179841	41.6		5.8		7.2		241.4		447		25.0		49.5
180349	41.6		6.0		7.0		249.1		461		25.0		50.0
180857	41.5		6.2		6.7		256.7		477		25.0		50.5
181365	41.3		6.4		6.5		264.0		492		25.0		51.0
181873	41.5		6.6		6.3		272.2		506		25.0		51.5
182381	41.8		6.7		6.2		279.0		515		25.0		52.0
182889	41.8		6.7		6.2		280.2		517		25.0		52.5
183397	41.5		6.9		6.0		286.2		531		25.0		53.0
183905	41.8		7.1		5.9		296.1		547		25.0		53.5
184413	41.6		7.3		5.7		303.0		561		25.0		54.0
184921	41.5		7.5		5.5		309.8		576		25.0		54.5
185429	41.5		7.6		5.4		317.1		590		25.0		55.0
185937	41.3		7.9		5.3		324.5		604		25.0		55.5
186445	41.5		8.0		5.2		332.9		619		25.0		56.0
186953	41.8		8.2		5.1		343.9		635		25.0		56.5
187461	41.8		8.4		5.0		352.1		650		25.0		57.0
187969	41.8		8.6		4.9		359.5		664		25.0		57.5
188477	41.8		8.8		4.7		367.4		678		25.0		58.0
188985	41.5		9.0		4.6		372.1		692		25.0		58.5
189493	41.6		9.2		4.5		382.0		707		25.0		59.0
190001	41.5		9.4		4.4		388.2		721		25.0		59.5
190509	41.6		9.6		4.4		397.5		737		25.0		60.0
191017	41.3		9.6		4.3		396.2		739		25.0		59.5
191525	41.8		9.7		4.3		405.3		749		25.0		59.0
192033	41.5		9.9		4.2		411.0		764		25.0		58.5
192541	41.6		10.0		4.1		417.3		773		25.0		58.0
193049	41.6		10.1		4.1		418.6		775		25.0		57.5
193557	41.8		10.1		4.1		422.2		779		25.0		57.0
194065	41.6		10.2		4.1		425.0		788		25.0		56.5
194573	41.5		10.3		4.0		425.9		791		25.0		56.0
195081	41.8		10.3		4.1		429.8		793		25.0		55.5
195589	41.6		10.3		4.0		429.8		796		25.0		55.0
196097	41.6		10.4		4.0		431.1		799		25.0		54.5
196605	41.3		10.4		4.0		429.5		801		25.0		55.0
197113	41.8		10.4		4.0		433.5		801		25.0		55.5
197621	41.6		10.4		4.0		431.7		800		25.0		55.0
198129	41.8		10.4		4.0		433.5		800		25.0		54.5
198637	41.8		10.4		4.0		432.9		800		25.0		55.0
199145	41.8		10.4		4.0		433.2		800		25.0		55.5
199653	41.8		10.4		4.0		433.5		800		25.0		56.0
200161	41.6		10.4		4.0		432.0		800		25.0		55.5
200669	41.6		10.4		4.0		431.7		800		25.0		56.0
201177	41.6		10.4		4.0		431.7		800		25.0		56.5
201685	41.6		10.4		4.0		431.4		800		25.0		56.0
202193	41.6		10.4		4.0		431.4		800		25.0		55.5
202701	41.6		10.4		4.0		432.0		800		25.0		55.0
203209	41.8		10.4		4.0		433.5		800		25.0		54.5
203717	41.6		10.4		4.0		431.7		800		25.0		55.0
204225	41.5		10.4		4.0		429.8		800		25.0		54.5
204733	41.6		10.4		4.0		432.0		800		25.0		54.0
205241	41.8		10.4		4.0		432.9		800		25.0		53.5
205749	41.6		10.4		4.0		432.0		800		25.0		54.0
206257	41.6		10.4		4.0		431.7		800		25.0		53.5
206765	41.8		10.4		4.0		433.2		800		25.0		53.0
207273	41.5		10.4		4.0		430.1		800		25.0		53.5
207781	41.6		10.4		4.0		432.0		800		25.0		54.0
208289	41.5		10.4		4.0		430.4		800		25.0		53.5
208797	42.1		10.4		4.1		436.5		800		25.0		53.0
209305	41.5		10.4		4.0		430.4		800		25.0		53.5
209813	41.9		10.4		4.0		435.0		800		25.0		54.0
210321	41.9		10.4		4.0		435.0		800		25.0		54.5
210829	41.6		10.4		4.0		432.0		800		25.0		54.0
211337	41.9		10.4		4.0		435.0		800		25.0		53.5
211845	41.8		10.4		4.0		433.5		800		25.0		54.0
212353	41.8		10.4		4.0		433.2		800		25.0		53.5
212861	41.8		10.4		4.0		433.5		800		25.0		53.0
213369	41.9		10.4		4.0		434.7		800		25.0		52.5
213877	41.8		10.4		4.0		433.2		800		25.0		53.0
214385	41.9		10.4		4.0		434.7		800		25.0		53.5
214893	41.9		10.4		4.0		434.7		800		25.0		54.0
215401	41.5		10.4		4.0		430.1		800		25.0		53.5
215909	41.6		10.4		4.0		432.0		800		25.0		53.0
216417	41.6		10.4		4.0		432.0		800		25.0		52.5
216925	41.8		10.4		4.0		433.8		800		25.0		52.0
217433	41.8		10.4		4.0		433.8		800		25.0		51.5
217941	41.8		10.4		4.0		433.2		800		25.0		52.0
218449	41.8		10.4		4.0		433.2		800		25.0		52.5
218957	41.6		10.4		4.0		432.3		800		25.0		52.0
219465	41.8		10.4		4.0		433.8		800		25.0		51.5
219973	41.8		10.4		4.0		433.5		800		25.0		52.0
220481	41.9		10.4		4.0		435.0		800		25.0		52.5
220989	41.8		10.4		4.0		433.5		800		25.0		52.0
221497	42.1		10.4		4.1		435.6		799		25.0		51.5
222005	41.6		10.3		4.0		428.3		792		25.0		52.0
222513	41.8		10.1		4.1		420.9		777		25.0		51.5
223021	41.6		9.9		4.2		411.8		762		25.0		52.0
223529	41.8		9.7		4.3		405.7		748		25.0		51.5
224037	41.8		9.5		4.4		397.1		733		25.0		52.0
224545	41.8		9.3		4.5		389.4		719		25.0		51.5
225053	41.8		9.1		4.6		381.3		703		25.0		52.0
225561	41.6		8.9		4.7		371.0		688		25.0		51.5
226069	41.8		8.7		4.8		364.7		674		25.0		52.0
226577	41.9		8.6		4.9		358.9		660		25.0		51.5
227085	41.8		8.4		5.0		349.7		645		25.0		52.0
227593	41.8		8.2		5.1		341.4		630		25.0		51.5
228101	41.8		8.0		5.2		333.8		616		25.0		52.0
228609	41.8		7.8		5.4		325.2		600		25.0		51.5
229117	41.9		7.6		5.5		319.0		586		25.0		52.0
229625	41.6		7.4		5.6		308.5		571		25.0		51.5
230133	41.8		7.2		5.8		301.6		557		25.0		52.0
230641	41.9		7.0		6.0		294.7		542		25.0		51.5
231149	41.9		6.8		6.1		286.7		527		25.0		52.0
231657	41.9		6.7		6.3		279.1		512		25.0		51.5
232165	41.6		6.4		6.5		268.0		497		25.0		52.0
232673	41.9		6.3		6.7		262.2		483		25.0		51.5
233181	41.9		6.1		6.9		256.0		469		25.0		52.0
233689	41.9		5.9		7.1		247.1		454		25.0		51.5
234197	41.8		5.7		7.3		238.6		440		25.0		52.0
234705	41.8		5.5		7.6		230.7		424		25.0		51.5
235213	41.8		5.3		7.9		221.5		409		25.0		52.0
235721	41.6		5.1		8.1		213.7		395		25.0		51.5
236229	41.6		5.0		8.4		206.1		381		25.0		52.0
236737	41.6		4.7		8.8		197.5		366		25.0		51.5
237245	41.8		4.6		9.1		191.2		352		25.0		52.0
237753	41.9		4.4		9.6		183.3		336		25.0		51.5
238261	41.5		4.2		9.9		172.8		321		25.0		52.0
238769	41.6		4.0		10.4		166.4		307		25.0		51.5
239277	41.6		3.8		10.9		158.5		293		25.0		52.0
239785	41.5		3.8		10.8		158.6		294		25.0		52.5
240293	41.5		3.8		10.8		159.5		296		25.0		53.0
240801	41.6		3.9		10.7		161.9		299		25.0		53.5
241309	41.9		3.9		10.7		163.6		300		25.0		54.0
241817	41.6		3.9		10.7		162.2		300		25.0		53.5
242325	41.8		3.9		10.7		162.8		300		25.0		53.0
242833	42.1		3.9		10.8		163.9		300		25.0		52.5
243341	41.8		3.9		10.7		162.8		300		25.0		53.0
243849	41.8		3.9		10.7		162.8		300		25.0		53.5
244357	41.8		3.9		10.7		163.1		300		25.0		54.0
244865	41.8		3.9		10.7		162.8		300		25.0		53.5
245373	41.9		3.9		10.8		163.3		300		25.0		53.0
245881	41.6		3.9		10.7		162.2		300		25.0		53.5
246389	41.8		3.9		10.7		162.4		300		25.0		54.0
246897	41.5		3.9		10.6		161.6		300		25.0		53.5
247405	41.8		3.9		10.7		162.8		300		25.0		53.0
247913	41.8		3.9		10.7		162.8		300		25.0		52.5
248421	41.8		3.9		10.7		163.1		300		25.0		52.0
248929	41.8		3.9		10.7		163.4		300		25.0		51.5
249437	41.6		3.9		10.7		162.2		300		25.0		52.0
249945	41.9		3.9		10.7		163.6		300		25.0		52.5
250453	41.9		3.9		10.7		164.1		300		25.0		53.0
250961	41.9		3.9		10.7		163.6		300		25.0		52.5
251469	41.9		3.9		10.7		163.6		300		25.0		52.0
251977	41.9		3.9		10.7		163.6		300		25.0		51.5
252485	41.9		3.9		10.8		163.3		300		25.0		52.0
252993	41.9		3.9		10.7		163.6		300		25.0		52.5
253501	41.9		3.9		10.8		163.3		300		25.0		52.0
254009	41.6		3.9		10.7		162.5		300		25.0		52.5
254517	41.8		3.9		10.7		162.4		300		25.0		52.0
255025	41.9		3.9		10.8		163.3		300		25.0		51.5
255533	41.8		3.9		10.7		162.8		300		25.0		52.0
256041	41.6		3.9		10.7		161.9		300		25.0		51.5
256549	41.8		3.9		10.7		163.1		300		25.0		51.0
257057	41.5		3.9		10.6		161.6		300		25.0		51.5
257565	41.6		3.9		10.7		161.9		300		25.0		52.0
258073	41.9		3.9		10.8		163.3		300		25.0		52.5
258581	41.5		3.9		10.6		161.6		300		25.0		52.0
259089	41.6		3.9		10.7		162.5		300		25.0		51.5
259597	41.9		3.9		10.8		163.3		300		25.0		51.0
260105	41.8		3.9		10.7		162.8		300		25.0		51.5
260613	41.9		3.9		10.8		163.3		300		25.0		52.0
261121	41.8		3.9		10.7		163.1		300		25.0		51.5
261629	41.8		3.9		10.7		162.8		300		25.0		52.0
262137	41.9		3.9		10.7		163.6		300		25.0		52.5
262645	41.6		3.9		10.7		162.5		300		25.0		52.0
263153	41.9		3.9		10.8		163.1		300		25.0		51.5
263661	41.9		3.9		10.8		163.3		300		25.0		51.0
264169	41.8		3.9		10.7		162.4		300		25.0		51.5
264677	41.8		3.9		10.7		163.1		300		25.0		52.0
265185	41.8		3.9		10.7		162.4		300		25.0		51.5
265693	41.9		3.9		10.8		163.0		300		25.0		51.0
266201	41.8		3.9		10.7		163.1		300		25.0		50.5
266709	41.9		3.9		10.8		163.3		300		25.0		50.0
267217	41.8		3.9		10.7		163.1		300		25.0		50.5
267725	41.6		3.9		10.7		162.5		300		25.0		50.0
268233	41.8		3.9		10.7		163.1		300		25.0		49.5
268741	41.8		3.9		10.7		163.1		300		25.0		49.0
269249	41.9		3.9		10.8		163.3		300		25.0		48.5
269757	41.6		3.9		10.7		161.6		300		25.0		49.0
270265	41.9		3.9		10.8		163.0		300		25.0		49.5
270773	41.9		3.9		10.7		163.6		300		25.0		50.0
271281	42.1		3.9		10.8		164.2		300		25.0		50.5
271789	41.6		3.9		10.7		162.5		300		25.0		50.0
272297	41.9		3.9		10.8		163.3		300		25.0		49.5
272805	41.6		3.9		10.7		162.5		300		25.0		50.0
273313	41.8		3.9		10.7		163.4		300		25.0		50.5
273821	41.6		3.9		10.7		162.2		300		25.0		50.0
274329	41.9		3.9		10.7		163.9		300		25.0		49.5
274837	41.8		3.9		10.7		162.4		300		25.0		50.0
275345	41.8		3.9		10.7		162.4		300		25.0		50.5
275853	41.8		3.9		10.7		162.8		300		25.0		51.0
276361	41.5		3.9		10.6		162.2		301		25.0		50.5
276869	41.8		3.9		10.7		163.7		301		25.0		50.0
277377	41.6		3.9		10.6		162.8		301		25.0		50.5
277885	41.8		3.9		10.7		163.1		301		25.0		51.0
278393	41.6		3.9		10.6		162.8		301		25.0		50.5
278901	41.6		3.9		10.6		162.8		301		25.0		50.0
279409	41.9		3.9		10.8		163.3		301		25.0		49.5
279917	41.6		3.9		10.6		162.8		301		25.0		50.0
280425	41.8		3.9		10.7		163.7		302		25.0		50.5
280933	41.5		4.0		10.4		165.9		308		25.0		51.0
281441	41.9		4.2		10.0		175.6		322		25.0		51.5
281949	41.5		4.4		9.5		181.7		337		25.0		52.0
282457	41.5		4.6		9.1		189.9		353		25.0		52.5
282965	41.8		4.8		8.8		199.2		367		25.0		53.0
283473	41.8		5.0		8.4		207.4		382		25.0		53.5
283981	41.8		5.1		8.1		214.8		396		25.0		54.0
284489	41.6		5.3		7.8		221.6		411		25.0		54.5
284997	41.8		5.5		7.6		230.7		425		25.0		55.0
285505	41.6		5.7		7.3		238.1		441		25.0		55.5
286013	41.8		5.9		7.1		246.3		455		25.0		56.0
286521	41.5		6.1		6.8		252.7		470		25.0		56.5
287029	41.9		6.3		6.7		263.7		485		25.0		57.0
287537	41.6		6.5		6.4		269.5		499		25.0		57.5
288045	41.6		6.7		6.2		277.1		513		25.0		58.0
288553	41.6		6.9		6.1		285.3		529		25.0		58.5
289061	41.6		7.1		5.9		293.9		544		25.0		59.0
289569	41.8		7.2		5.8		302.3		558		25.0		59.5
290077	41.8		7.4		5.6		309.9		572		25.0		60.0
290585	41.8		7.6		5.5		318.5		587		25.0		60.5
291093	41.6		7.8		5.3		324.7		601		25.0		61.0
291601	41.5		8.0		5.2		331.4		617		25.0		61.5
292109	41.8		8.2		5.1		342.6		632		25.0		62.0
292617	41.8		8.4		5.0		350.3		647		25.0		62.5
293125	41.6		8.6		4.9		357.0		661		25.0		63.0
293633	41.8		8.8		4.8		365.9		675		25.0		63.5
294141	41.6		8.9		4.7		372.2		689		25.0		64.0
294649	41.6		9.1		4.6		379.5		704		25.0		64.5
295157	41.8		9.3		4.5		389.7		720		25.0		65.0
295665	41.6		9.5		4.4		396.9		735		25.0		65.5
296173	41.8		9.7		4.3		406.3		750		25.0		66.0
296681	41.6		9.9		4.2		412.2		764		25.0		66.5
297189	41.5		10.0		4.1		416.2		774		25.0		67.0
297697	41.5		10.1		4.1		417.7		777		25.0		67.5
298205	41.8		10.1		4.1		421.9		779		25.0		68.0
298713	41.5		10.1		4.1		419.5		780		25.0		67.5
299221	41.6		10.1		4.1		421.0		780		25.0		67.0
299729	41.5		10.1		4.1		420.1		781		25.0		67.5
300237	41.6		10.3		4.1		426.8		791		25.0		68.0
300745	41.6		10.5		4.0		435.0		806		25.0		68.5
301253	41.8		10.5		4.0		438.8		810		25.0		69.0
301761	41.8		10.5		4.0		437.8		808		25.0		68.5
302269	41.8		10.4		4.0		436.2		804		25.0		69.0
302777	41.5		10.4		4.0		431.7		802		25.0		68.5
303285	41.8		10.4		4.0		433.8		800		25.0		68.0
303793	41.8		10.4		4.0		433.2		800		25.0		68.5
304301	41.9		10.4		4.0		435.0		800		25.0		69.0
304809	41.8		10.4		4.0		432.9		800		25.0		68.5
305317	41.8		10.4		4.0		432.6		800		25.0		69.0
305825	41.6		10.4		4.0		432.0		800		25.0		68.5
306333	41.6		10.4		4.0		432.0		800		25.0		68.0
306841	41.8		10.4		4.0		433.8		800		25.0		67.5
307349	41.8		10.4		4.0		433.2		800		25.0		68.0
307857	41.6		10.4		4.0		431.4		800		25.0		67.5
308365	41.6		10.4		4.0		432.3		800		25.0		67.0
308873	41.6		10.4		4.0		431.7		800		25.0		67.5
309381	41.5		10.4		4.0		430.4		800		25.0		67.0
309889	41.6		10.4		4.0		432.0		800		25.0		66.5
310397	41.8		10.4		4.0		432.9		800		25.0		66.0
310905	41.9		10.4		4.0		434.4		800		25.0		65.5
311413	41.5		10.4		4.0		429.8		800		25.0		66.0
311921	41.6		10.4		4.0		432.0		800		25.0		66.5
312429	41.5		10.4		4.0		430.4		800		25.0		66.0
312937	41.8		10.4		4.0		433.5		800		25.0		65.5
313445	41.6		10.4		4.0		431.7		800		25.0		66.0
313953	41.8		10.4		4.0		433.5		800		25.0		66.5
314461	41.8		10.4		4.0		433.2		800		25.0		66.0
314969	41.8		10.4		4.0		433.5		800		25.0		65.5
315477	41.5		10.4		4.0		429.8		800		25.0		66.0
315985	41.6		10.4		4.0		431.4		800		25.0		66.5
316493	41.6		10.4		4.0		431.7		800		25.0		67.0
317001	41.6		10.4		4.0		431.7		800		25.0		67.5
317509	41.6		10.4		4.0		432.0		800		25.0		68.0
318017	41.3		10.4		4.0		428.6		800		25.0		67.5
318525	41.6		10.4		4.0		431.4		800		25.0		67.0
319033	41.8		10.4		4.0		433.5		800		25.0		66.5
319541	41.3		10.4		4.0		428.9		800		25.0		67.0
320049	41.6		10.4		4.0		431.7		800		25.0		67.5
320557	41.5		10.4		4.0		429.8		800		25.0		67.0
321065	41.6		10.4		4.0		431.7		800		25.0		66.5
321573	41.3		10.4		4.0		428.9		800		25.0		67.0
322081	41.5		10.4		4.0		430.1		800		25.0		67.5
322589	41.3		10.4		4.0		428.6		800		25.0		67.0
323097	41.6		10.4		4.0		431.4		800		25.0		66.5
323605	41.6		10.4		4.0		432.0		800		25.0		66.0
324113	41.6		10.4		4.0		431.7		800		25.0		66.5
324621	41.3		10.4		4.0		429.2		800		25.0		66.0
325129	41.6		10.4		4.0		431.7		800		25.0		65.5
325637	41.5		10.4		4.0		430.1		800		25.0		66.0
326145	41.9		10.4		4.0		434.7		800		25.0		66.5
326653	41.5		10.4		4.0		429.7		800		25.0		66.0
327161	41.5		10.4		4.0		429.8		800		25.0		65.5
327669	41.5		10.4		4.0		429.8		800		25.0		65.0
328177	41.5		10.4		4.0		430.1		800		25.0		64.5
328685	41.3		10.4		4.0		428.6		800		25.0		65.0
329193	41.8		10.4		4.0		433.2		800		25.0		65.5
329701	41.6		10.4		4.0		431.4		800		25.0		65.0
330209	41.5		10.4		4.0		430.4		800		25.0		65.5
330717	41.6		10.4		4.0		432.0		800		25.0		66.0
331225	41.5		10.4		4.0		430.1		800		25.0		65.5
331733	41.3		10.4		4.0		428.9		800		25.0		66.0
332241	41.6		10.4		4.0		431.7		800		25.0		66.5
332749	41.8		10.4		4.0		432.9		800		25.0		67.0
333257	41.8		10.4		4.0		432.9		800		25.0		67.5
333765	41.6		10.4		4.0		431.7		800		25.0		67.0
334273	41.5		10.4		4.0		429.8		800		25.0		67.5
334781	41.3		10.4		4.0		428.3		800		25.0		67.0
335289	41.3		10.4		4.0		428.9		800		25.0		66.5
335797	41.3		10.4		4.0		428.6		800		25.0		67.0
336305	41.3		10.4		4.0		428.6		800		25.0		67.5
336813	41.3		10.4		4.0		428.6		800		25.0		68.0
337321	41.5		10.4		4.0		430.1		800		25.0		68.5
337829	41.5		10.4		4.0		430.1		800		25.0		69.0
338337	41.6		10.4		4.0		431.7		800		25.0		69.5
338845	41.3		10.4		4.0		428.6		800		25.0		69.0
339353	41.6		10.4		4.0		431.9		800		25.0		68.5
339861	41.6		10.4		4.0		431.7		800		25.0		69.0
340369	41.5		10.4		4.0		430.1		800		25.0		68.5
340877	41.6		10.4		4.0		432.0		800		25.0		68.0
341385	41.6		10.4		4.0		432.3		800		25.0		67.5
341893	41.9		10.4		4.0		435.0		800		25.0		67.0
342401	41.3		10.4		4.0		428.9		800		26.0		67.5
342909	40.0		10.4		3.8		415.8		800		34.0		67.0
343417	38.8		10.5		3.7		405.9		800		48.0		67.5
343925	38.7		10.5		3.7		404.7		800		51.0		67.0
344433	37.9		10.5		3.6		397.3		800		54.0		67.5
344941	37.5		10.5		3.6		393.2		800		57.0		67.0
345449	37.1		10.5		3.5		389.2		800		59.0		67.5
345957	37.5		10.5		3.6		394.1		800		60.0		68.0
346465	37.4		10.5		3.6		392.0		800		60.0		67.5
346973	37.5		10.5		3.6		393.8		800		60.0		67.0
347481	37.1		10.5		3.5		389.2		800		60.0		67.5
347989	36.9		10.5		3.5		387.4		800		60.0		67.0
348497	37.2		10.5		3.5		390.7		800		60.0		66.5
349005	37.5		10.5		3.6		394.3		800		60.0		66.0
349513	37.5		10.5		3.6		393.8		800		60.0		66.5
350021	36.9		10.5		3.5		387.6		800		60.0		66.0
350529	36.9		10.5		3.5		387.4		800		60.0		66.5
351037	37.2		10.5		3.5		391.0		800		60.0		67.0
351545	37.4		10.5		3.6		392.5		800		60.0		67.5
352053	37.5		10.5		3.6		394.0		800		60.0		68.0
352561	37.1		10.5		3.5		388.9		800		60.0		67.5
353069	37.1		10.5		3.5		389.2		800		60.0		67.0
353577	37.4		10.5		3.6		392.2		800		60.0		66.5
354085	37.5		10.5		3.6		393.8		800		60.0		66.0
354593	37.2		10.5		3.5		391.0		800		60.0		66.5
355101	37.1		10.5		3.5		388.9		800		60.0		66.0
355609	37.1		10.5		3.5		388.9		800		60.0		65.5
356117	37.5		10.5		3.6		393.8		800		60.0		65.0
356625	37.5		10.5		3.6		394.6		800		60.0		64.5
357133	37.5		10.5		3.6		394.1		800		60.0		65.0
357641	37.1		10.5		3.5		388.6		800		60.0		64.5
358149	37.1		10.5		3.5		388.9		800		60.0		64.0
358657	37.2		10.5		3.5		390.7		800		60.0		63.5
359165	37.4		10.5		3.6		392.5		800		60.0		63.0
359673	37.4		10.5		3.6		392.2		800		60.0		63.5
360181	36.9		10.5		3.5		387.4		800		60.0		63.0
360689	36.9		10.5		3.5		387.9		800		60.0		62.5
361197	37.1		10.5		3.5		389.2		800		60.0		62.0
361705	37.7		10.5		3.6		395.9		800		60.0		61.5
362213	37.2		10.5		3.5		390.4		800		60.0		62.0
362721	37.1		10.5		3.5		388.9		800		60.0		61.5
363229	37.1		10.5		3.5		389.2		800		60.0		61.0
363737	37.4		10.5		3.6		392.8		800		60.0		60.5
364245	37.4		10.5		3.6		392.5		800		60.0		61.0
364753	37.4		10.5		3.6		392.1		800		60.0		60.5
365261	36.9		10.5		3.5		387.9		800		60.0		61.0
365769	36.9		10.5		3.5		388.2		800		60.0		61.5
366277	37.1		10.5		3.5		389.4		800		60.0		62.0
366785	37.5		10.5		3.6		394.1		800		60.0		62.5
367293	37.5		10.5		3.6		394.1		800		60.0		63.0
367801	36.9		10.5		3.5		387.4		800		60.0		62.5
368309	37.2		10.5		3.5		391.0		800		60.0		62.0
368817	37.1		10.5		3.5		389.4		800		60.0		62.5
369325	37.5		10.5		3.6		394.3		800		60.0		63.0
369833	37.2		10.5		3.5		391.0		800		60.0		62.5
370341	37.1		10.5		3.5		388.9		800		60.0		63.0
370849	37.1		10.5		3.5		388.9		800		60.0		63.5
371357	37.2		10.5		3.5		390.7		800		60.0		64.0
371865	37.5		10.5		3.6		393.8		800		60.0		64.5
372373	37.4		10.5		3.6		392.5		800		60.0		64.0
372881	37.1		10.5		3.5		388.9		800		60.0		64.5
373389	37.1		10.5		3.5		389.2		800		60.0		65.0
373897	37.2		10.5		3.5		390.7		800		60.0		65.5
374405	37.5		10.5		3.6		393.8		800		60.0		66.0
374913	37.4		10.5		3.6		392.5		800		60.0		65.5
375421	36.9		10.5		3.5		387.4		800		60.0		66.0
375929	36.9		10.5		3.5		387.4		800		60.0		66.5
376437	37.4		10.5		3.6		392.2		800		60.0		67.0
376945	37.5		10.5		3.6		394.3		800		60.0		67.5
377453	37.4		10.5		3.6		392.2		800		60.0		67.0
377961	36.9		10.5		3.5		387.4		800		60.0		67.5
378469	37.1		10.5		3.5		389.2		800		60.0		68.0
378977	37.2		10.5		3.5		390.7		800		60.0		68.5
379485	37.4		10.5		3.6		392.5		800		60.0		69.0
379993	37.1		10.5		3.5		389.4		800		60.0		68.5
380501	37.1		10.5		3.5		389.2		800		60.0		69.0
381009	36.8		10.5		3.5		386.1		800		60.0		68.5
381517	37.4		10.5		3.6		392.5		800		60.0		68.0
382025	37.4		10.5		3.6		392.2		800		60.0		68.5
382533	37.2		10.5		3.5		391.2		800		60.0		68.0
383041	37.1		10.5		3.5		388.9		800		60.0		68.5
383549	36.9		10.5		3.5		387.6		800		60.0		68.0
384057	37.4		10.5		3.6		392.2		800		60.0		67.5
384565	37.4		10.5		3.6		392.5		800		60.0		67.0
385073	37.2		10.5		3.5		390.7		800		60.0		67.5
385581	37.1		10.5		3.5		389.4		800		60.0		67.0
386089	37.2		10.5		3.5		390.2		800		60.0		66.5
386597	37.2		10.5		3.5		391.0		800		60.0		66.0
387105	37.7		10.5		3.6		395.9		800		60.0		65.5
387613	37.4		10.5		3.6		392.2		800		60.0		66.0
388121	36.9		10.5		3.5		387.6		800		60.0		65.5
388629	36.9		10.5		3.5		387.4		800		60.0		66.0
389137	37.2		10.5		3.5		390.7		800		60.0		66.5
389645	37.5		10.5		3.6		393.8		800		60.0		67.0
390153	37.1		10.5		3.5		389.5		800		60.0		66.5
390661	36.9		10.5		3.5		387.4		800		60.0		67.0
391169	37.2		10.5		3.5		390.2		800		60.0		67.5
391677	37.4		10.5		3.6		392.5		800		60.0		68.0
392185	37.4		10.5		3.6		392.8		800		60.0		68.5
392693	37.2		10.5		3.5		391.0		800		60.0		68.0
393201	36.6		10.5		3.5		384.3		800		60.0		68.5
393709	37.1		10.5		3.5		389.4		800		60.0		69.0
394217	37.2		10.5		3.5		390.7		800		60.0		69.5
394725	37.5		10.5		3.6		393.8		800		60.0		70.0
395233	37.2		10.5		3.5		390.7		800		60.0		69.5
395741	36.9		10.5		3.5		387.9		800		60.0		70.0
396249	37.1		10.5		3.5		389.2		800		60.0		70.5
396757	37.4		10.5		3.6		392.2		800		60.0		71.0
397265	37.4		10.5		3.6		392.5		800		60.0		71.5
397773	37.2		10.5		3.5		391.0		800		60.0		71.0
398281	36.9		10.5		3.5		387.6		800		60.0		71.5
398789	36.9		10.5		3.5		387.6		800		60.0		72.0
399297	37.2		10.5		3.5		391.0		800		60.0		72.5
399805	37.4		10.5		3.6		392.8		800		60.0		73.0
400313	37.1		10.5		3.5		388.9		800		60.0		72.5
400821	37.1		10.5		3.5		389.2		800		60.0		72.0
401329	37.4		10.5		3.6		392.2		800		59.0		71.5
401837	38.7		10.5		3.7		404.9		800		50.0		71.0
402345	40.4		10.4		3.9		421.6		800		36.0		70.5
402853	41.0		10.4		3.9		426.3		800		29.0		70.0
403361	41.2		10.4		4.0		427.4		800		28.0		69.5
403869	41.3		10.4		4.0		428.3		800		26.0		69.0
404377	41.8		10.4		4.0		433.5		800		24.0		68.5
404885	41.8		10.4		4.0		433.2		800		24.0		69.0
405393	41.6		10.4		4.0		431.4		800		24.0		68.5
405901	41.3		10.4		4.0		428.3		800		23.0		69.0
406409	41.5		10.4		4.0		429.8		800		23.0		69.5
406917	41.8		10.4		4.0		433.5		800		25.0		70.0
407425	41.9		10.4		4.0		435.0		800		25.0		70.5
407933	41.6		10.4		4.0		431.4		800		25.0		70.0
408441	41.3		10.4		4.0		428.3		800		25.0		70.5
408949	41.0		10.4		4.0		425.3		800		25.0		70.0
409457	41.8		10.4		4.0		433.8		800		25.0		69.5
409965	41.8		10.4		4.0		433.8		800		25.0		69.0
410473	41.5		10.4		4.0		430.1		800		25.0		69.5
410981	41.2		10.4		4.0		426.8		800		25.0		69.0
411489	41.2		10.4		4.0		427.1		800		25.0		68.5
411997	41.8		10.4		4.0		433.2		800		25.0		68.0
412505	41.6		10.4		4.0		432.0		800		25.0		68.5
413013	41.5		10.4		4.0		430.4		800		25.0		68.0
413521	41.3		10.4		4.0		428.0		800		25.0		68.5
414029	41.6		10.4		4.0		431.4		800		25.0		69.0
414537	41.6		10.4		4.0		432.0		800		25.0		69.5
415045	41.6		10.4		4.0		432.3		800		25.0		70.0
415553	41.3		10.4		4.0		428.6		800		25.0		69.5
416061	41.3		10.4		4.0		428.3		800		25.0		70.0
416569	41.5		10.4		4.0		430.1		800		25.0		70.5
417077	41.6		10.4		4.0		432.0		800		25.0		71.0
417585	41.8		10.4		4.0		433.5		800		25.0		71.5
418093	41.5		10.4		4.0		430.1		800		25.0		71.0
418601	41.3		10.4		4.0		428.3		800		25.0		71.5
419109	41.2		10.4		4.0		427.1		800		25.0		71.0
419617	41.8		10.4		4.0		433.2		800		25.0		70.5
420125	41.5		10.4		4.0		430.8		800		25.0		71.0
420633	41.6		10.4		4.0		431.7		800		25.0		71.5
421141	41.2		10.4		4.0		427.1		800		25.0		71.0
421649	41.5		10.4		4.0		430.1		800		25.0		70.5
422157	41.6		10.4		4.0		432.3		800		25.0		70.0
422665	41.8		10.4		4.0		433.8		800		25.0		69.5
423173	41.3		10.4		4.0		428.6		800		25.0		70.0
423681	41.2		10.4		4.0		427.1		800		25.0		69.5
424189	41.6		10.4		4.0		431.7		800		25.0		69.0
424697	41.5		10.4		4.0		430.1		800		25.0		69.5
425205	41.8		10.4		4.0		433.5		800		25.0		70.0
425713	41.6		10.4		4.0		431.7		800		25.0		69.5
426221	41.5		10.4		4.0		429.8		800		25.0		70.0
426729	41.5		10.4		4.0		430.1		800		25.0		70.5
427237	41.9		10.4		4.0		435.0		800		25.0		71.0
427745	41.8		10.4		4.0		433.5		800		25.0		70.5
428253	41.3		10.4		4.0		428.6		800		25.0		71.0
428761	41.5		10.4		4.0		430.1		800		25.0		71.5
429269	41.5		10.4		4.0		430.1		800		25.0		72.0
429777	41.8		10.4		4.0		433.2		800		25.0		72.5
430285	41.9		10.4		4.0		434.7		800		25.0		73.0
430793	41.8		10.4		4.0		433.5		800		25.0		72.5
431301	41.5		10.4		4.0		430.1		800		25.0		73.0
431809	41.5		10.4		4.0		430.4		800		25.0		73.5
432317	41.5		10.4		4.0		430.4		800		25.0		74.0
432825	41.8		10.4		4.0		433.2		800		25.0		74.5
433333	41.5		10.4		4.0		430.4		800		25.0		74.0
433841	41.5		10.4		4.0		429.8		800		25.0		74.5
434349	41.5		10.4		4.0		430.1		800		25.0		75.0
434857	41.8		10.4		4.0		433.8		800		25.0		75.5
435365	41.9		10.4		4.0		435.3		800		25.0		76.0
435873	41.5		10.4		4.0		429.8		800		25.0		75.5
436381	41.5		10.4		4.0		430.1		800		25.0		75.0
436889	41.5		10.4		4.0		429.5		800		25.0		75.5
437397	41.8		10.4		4.0		433.5		800		25.0		76.0
437905	41.6		10.4		4.0		432.0		800		25.0		75.5
438413	41.6		10.4		4.0		431.7		800		25.0		76.0
438921	41.3		10.4		4.0		428.0		800		25.0		75.5
439429	41.6		10.4		4.0		431.4		800		25.0		75.0
439937	41.6		10.4		4.0		432.0		800		25.0		74.5
440445	41.6		10.4		4.0		432.0		800		25.0		74.0
440953	41.3		10.4		4.0		428.1		800		25.0		74.5
441461	41.3		10.4		4.0		428.3		800		25.0		75.0
441969	41.5		10.4		4.0		430.1		800		25.0		75.5
442477	41.8		10.4		4.0		433.2		800		25.0		76.0
442985	41.9		10.4		4.0		435.0		800		25.0		76.5
443493	41.5		10.4		4.0		429.8		800		25.0		76.0
444001	41.5		10.4		4.0		430.1		800		25.0		75.5
444509	41.5		10.4		4.0		429.5		800		25.0		76.0
445017	41.8		10.4		4.0		433.2		800		25.0		76.5
445525	41.5		10.4		4.0		430.8		800		25.0		76.0
446033	41.5		10.4		4.0		430.4		800		25.0		76.5
446541	41.5		10.4		4.0		429.5		800		25.0		76.0
447049	41.5		10.4		4.0		430.1		800		25.0		75.5
447557	41.6		10.4		4.0		432.0		800		25.0		75.0
448065	41.6		10.4		4.0		431.7		800		25.0		75.5
448573	41.5		10.4		4.0		429.8		800		25.0		75.0
449081	41.0		10.4		4.0		425.6		800		25.0		75.5
449589	41.5		10.4		4.0		429.8		800		25.0		76.0
450097	41.8		10.4		4.0		433.5		800		25.0		76.5
450605	41.9		10.4		4.0		435.0		800		25.0		77.0
451113	41.5		10.4		4.0		430.1		800		25.0		76.5
451621	41.2		10.4		4.0		427.1		800		25.0		77.0
452129	41.5		10.4		4.0		430.1		800		25.0		77.5
452637	41.6		10.4		4.0		432.3		800		25.0		78.0
453145	41.6		10.4		4.0		431.7		800		25.0		77.5
453653	41.6		10.4		4.0		431.4		800		25.0		78.0
454161	41.2		10.4		4.0		427.1		800		25.0		77.5
454669	41.5		10.4		4.0		430.4		800		25.0		77.0
455177	41.6		10.4		4.0		432.0		800		25.0		76.5
455685	41.8		10.4		4.0		433.5		800		25.0		76.0
456193	41.5		10.4		4.0		430.1		800		25.0		76.5
456701	41.3		10.4		4.0		428.3		800		25.0		76.0
457209	41.6		10.4		4.0		431.4		800		25.0		75.5
457717	41.6		10.4		4.0		432.0		800		25.0		75.0
458225	41.6		10.4		4.0		432.3		800		25.0		74.5
458733	41.6		10.4		4.0		432.0		800		25.0		75.0
459241	41.3		10.4		4.0		428.6		800		25.0		74.5
459749	41.2		10.4		4.0		426.8		800		25.0		75.0
460257	41.8		10.4		4.0		433.2		800		25.0		75.5
460765	41.9		10.4		4.0		435.0		800		25.0		76.0
461273	41.5		10.4		4.0		430.1		800		25.0		75.5
461781	41.2		10.4		4.0		426.8		800		25.0		76.0
462289	41.3		10.4		4.0		428.6		800		25.0		76.5
462797	41.8		10.4		4.0		433.2		800		25.0		77.0
463305	41.9		10.4		4.0		434.7		800		25.0		77.5
463813	41.5		10.4		4.0		429.8		800		25.0		77.0
464321	41.0		10.4		4.0		424.7		800		25.0		77.5
464829	41.8		10.4		4.0		433.2		800		25.0		78.0
465337	41.6		10.4		4.0		432.3		800		25.0		77.5
465845	41.6		10.4		4.0		432.0		800		25.0		78.0
466353	41.5		10.4		4.0		429.9		800		25.0		77.5
466861	41.0		10.4		4.0		425.0		800		25.0		78.0
467369	41.3		10.4		4.0		428.6		800		25.0		78.5
467877	41.8		10.4		4.0		433.5		800		25.0		79.0
468385	41.6		10.4		4.0		432.0		800		25.0		78.5
468893	41.5		10.4		4.0		430.1		800		25.0		79.0
469401	41.3		10.4		4.0		428.3		800		25.0		78.5
469909	41.5		10.4		4.0		430.1		800		25.0		78.0
470417	41.6		10.4		4.0		432.3		800		25.0		77.5
470925	41.6		10.4		4.0		431.7		800		25.0		78.0
471433	41.5		10.4		4.0		429.8		800		25.0		77.5
471941	41.5		10.4		4.0		429.8		800		25.0		77.0
472449	41.6		10.4		4.0		431.7		800		25.0		76.5
472957	41.9		10.4		4.0		435.3		800		25.0		76.0
473465	41.3		10.4		4.0		429.2		800		25.0		76.5
473973	41.5		10.4		4.0		429.8		800		25.0		77.0
474481	41.5		10.4		4.0		430.1		800		25.0		77.5
474989	41.2		10.4		4.0		427.4		800		25.0		77.0
475497	41.6		10.4		4.0		432.6		800		25.0		76.5
476005	41.6		10.4		4.0		432.0		800		25.0		77.0
476513	41.3		10.4		4.0		428.6		800		25.0		76.5
477021	41.5		10.4		4.0		430.1		800		25.0		76.0
477529	41.6		10.4		4.0		431.7		800		25.0		75.5
478037	41.9		10.4		4.0		434.7		800		25.0		75.0
478545	41.6		10.4		4.0		432.0		800		25.0		75.5
479053	41.5		10.4		4.0		429.7		800		25.0		75.0
479561	41.2		10.4		4.0		427.1		800		25.0		75.5