tiempo[ms]V_Panel[V]	I_Panel[A]	R_Carga[Ohms]	P_Panel[W]	G[W/m2]	T[°C]	Load[%]
538	41.5		10.4		4.0		429.8		800		25.0		52.0
2037	41.6		10.4		4.0		431.7		800		25.0		52.5
2545	41.6		10.4		4.0		432.0		800		25.0		53.0
3053	41.5		10.4		4.0		430.1		800		25.0		52.5
3561	41.6		10.4		4.0		432.0		800		25.0		52.0
4069	41.5		10.4		4.0		429.8		800		25.0		52.5
4577	41.5		10.4		4.0		430.1		800		25.0		53.0
5085	41.6		10.4		4.0		431.7		800		25.0		53.5
5593	41.6		10.4		4.0		431.4		800		25.0		53.0
6101	41.5		10.4		4.0		430.4		800		25.0		53.5
6609	41.6		10.4		4.0		431.7		800		25.0		54.0
7117	41.6		10.4		4.0		432.0		800		25.0		54.5
7625	41.6		10.4		4.0		432.0		800		25.0		55.0
8133	41.6		10.4		4.0		431.4		800		25.0		54.5
8641	41.6		10.4		4.0		431.4		800		25.0		54.0
9149	41.6		10.4		4.0		432.3		800		25.0		53.5
9657	41.6		10.4		4.0		431.7		800		25.0		54.0
10165	41.8		10.4		4.0		433.2		800		25.0		54.5
10673	41.6		10.4		4.0		431.7		800		25.0		54.0
11181	41.6		10.4		4.0		432.0		800		25.0		53.5
11689	41.5		10.4		4.0		430.1		800		25.0		54.0
12197	41.5		10.4		4.0		430.4		800		25.0		54.5
12705	41.8		10.4		4.0		433.5		800		25.0		55.0
13213	41.5		10.4		4.0		430.4		800		25.0		54.5
13721	42.1		10.4		4.1		436.2		800		25.0		54.0
14229	41.6		10.4		4.0		431.4		800		25.0		54.5
14737	41.8		10.4		4.0		433.2		800		25.0		55.0
15245	41.6		10.4		4.0		431.7		800		25.0		54.5
15753	41.6		10.4		4.0		431.8		800		25.0		54.0
16261	41.8		10.4		4.0		433.2		800		25.0		53.5
16769	41.9		10.4		4.0		435.0		800		25.0		53.0
17277	41.6		10.4		4.0		431.4		800		25.0		53.5
17785	41.5		10.4		4.0		430.8		800		25.0		53.0
18293	41.6		10.4		4.0		432.6		800		25.0		52.5
18801	41.5		10.4		4.0		429.8		800		25.0		53.0
19309	41.5		10.4		4.0		430.4		800		25.0		53.5
19817	41.5		10.4		4.0		430.1		800		25.0		53.0
20325	41.5		10.4		4.0		429.8		800		25.0		53.5
20833	41.5		10.4		4.0		429.8		800		25.0		54.0
21341	41.5		10.4		4.0		430.1		800		25.0		54.5
21849	41.6		10.4		4.0		431.4		800		25.0		55.0
22357	41.5		10.4		4.0		430.1		800		25.0		54.5
22865	41.8		10.4		4.0		432.6		800		25.0		54.0
23373	41.9		10.4		4.0		434.7		800		25.0		53.5
23881	41.6		10.4		4.0		432.0		800		25.0		54.0
24389	41.6		10.4		4.0		431.7		800		25.0		53.5
24897	41.6		10.4		4.0		431.4		800		25.0		54.0
25405	41.8		10.4		4.0		433.8		800		25.0		54.5
25913	41.6		10.4		4.0		431.7		800		25.0		54.0
26421	41.6		10.4		4.0		431.7		800		25.0		53.5
26929	41.6		10.4		4.0		431.4		800		25.0		54.0
27437	41.2		10.4		4.0		427.1		800		25.0		53.5
27945	41.5		10.4		4.0		430.4		800		25.0		53.0
28453	41.8		10.4		4.0		433.2		800		25.0		52.5
28961	41.6		10.4		4.0		432.0		800		25.0		53.0
29469	41.6		10.4		4.0		432.0		800		25.0		53.5
29977	41.5		10.4		4.0		429.5		800		25.0		53.0
30485	41.5		10.4		4.0		429.8		800		25.0		52.5
30993	41.5		10.4		4.0		430.4		800		25.0		52.0
31501	41.3		10.4		4.0		428.6		800		25.0		52.5
32009	41.5		10.4		4.0		430.1		800		25.0		53.0
32517	41.5		10.4		4.0		430.1		800		25.0		53.5
33025	41.5		10.4		4.0		430.1		800		25.0		54.0
33533	41.5		10.4		4.0		430.1		800		25.0		54.5
34041	41.6		10.4		4.0		431.7		800		25.0		55.0
34549	41.5		10.4		4.0		430.4		800		25.0		54.5
35057	41.6		10.4		4.0		431.7		800		25.0		54.0
35565	41.5		10.4		4.0		430.1		800		25.0		54.5
36073	41.5		10.4		4.0		430.4		800		25.0		55.0
36581	41.3		10.4		4.0		428.6		800		25.0		54.5
37089	41.5		10.4		4.0		430.4		800		25.0		54.0
37597	41.6		10.4		4.0		431.4		800		25.0		53.5
38105	41.5		10.4		4.0		430.1		800		25.0		54.0
38613	41.3		10.4		4.0		428.3		800		25.0		53.5
39121	41.6		10.4		4.0		432.3		800		25.0		53.0
39629	41.6		10.4		4.0		431.4		800		25.0		53.5
40137	41.8		10.4		4.0		433.5		800		25.0		54.0
40645	41.3		10.4		4.0		428.9		800		25.0		53.5
41153	41.5		10.4		4.0		429.8		800		25.0		53.0
41661	41.3		10.4		4.0		428.3		800		25.0		53.5
42169	41.5		10.4		4.0		430.1		800		25.0		54.0
42677	41.3		10.4		4.0		428.6		800		25.0		53.5
43185	41.5		10.4		4.0		430.1		800		25.0		53.0
43693	41.5		10.4		4.0		430.4		800		25.0		52.5
44201	41.5		10.4		4.0		429.8		800		25.0		53.0
44709	41.3		10.4		4.0		428.6		800		25.0		52.5
45217	41.3		10.4		4.0		428.6		800		25.0		52.0
45725	41.6		10.4		4.0		431.7		800		25.0		51.5
46233	41.5		10.4		4.0		430.1		800		25.0		52.0
46741	41.3		10.4		4.0		428.3		800		25.0		51.5
47249	41.3		10.4		4.0		428.6		800		25.0		51.0
47757	41.3		10.4		4.0		428.9		800		25.0		50.5
48265	41.6		10.4		4.0		431.4		800		25.0		50.0
48773	41.5		10.4		4.0		430.4		800		25.0		50.5
49281	41.5		10.4		4.0		430.1		800		25.0		50.0
49789	41.5		10.4		4.0		429.8		800		25.0		50.5
50297	41.0		10.4		4.0		425.6		800		25.0		50.0
50805	41.6		10.4		4.0		431.1		800		25.0		49.5
51313	41.6		10.4		4.0		431.4		800		25.0		49.0
51821	41.6		10.4		4.0		431.7		800		25.0		48.5
52329	41.3		10.4		4.0		428.6		800		25.0		49.0
52837	41.5		10.4		4.0		430.1		800		25.0		49.5
53345	41.3		10.4		4.0		428.3		800		25.0		49.0
53853	41.3		10.4		4.0		428.9		800		25.0		48.5
54361	41.6		10.4		4.0		431.4		800		25.0		48.0
54869	41.5		10.4		4.0		430.4		800		25.0		48.5
55377	41.3		10.4		4.0		428.6		800		25.0		48.0
55885	41.2		10.4		4.0		427.4		800		25.0		48.5
56393	41.3		10.4		4.0		428.3		800		25.0		49.0
56901	41.3		10.4		4.0		428.6		800		25.0		49.5
57409	41.5		10.4		4.0		430.4		800		25.0		50.0
57917	41.3		10.4		4.0		427.7		800		25.0		49.5
58425	41.2		10.4		4.0		427.1		800		25.0		50.0
58933	41.5		10.4		4.0		429.8		800		25.0		50.5
59441	41.5		10.4		4.0		430.1		800		25.0		51.0
59949	41.3		10.4		4.0		428.6		800		25.0		50.5
60457	41.6		10.4		4.0		431.7		800		25.0		50.0
60965	41.5		10.4		4.0		429.8		800		25.0		50.5
61473	41.5		10.4		4.0		429.8		800		25.0		51.0
61981	41.6		10.4		4.0		431.4		800		25.0		51.5
62489	41.3		10.4		4.0		428.3		800		25.0		51.0
62997	41.3		10.4		4.0		428.9		800		25.0		50.5
63505	41.2		10.4		4.0		426.8		800		25.0		51.0
64013	41.5		10.4		4.0		429.8		800		25.0		51.5
64521	41.3		10.4		4.0		428.9		800		25.0		51.0
65029	41.3		10.4		4.0		428.6		800		25.0		51.5
65537	41.5		10.4		4.0		430.1		800		25.0		52.0
66045	41.3		10.4		4.0		428.9		800		25.0		51.5
66553	41.5		10.4		4.0		429.7		800		25.0		51.0
67061	41.3		10.4		4.0		428.0		800		25.0		51.5
67569	41.0		10.4		4.0		425.6		800		25.0		51.0
68077	41.3		10.4		4.0		428.6		800		25.0		50.5
68585	41.3		10.4		4.0		428.9		800		25.0		50.0
69093	41.3		10.4		4.0		428.3		800		25.0		50.5
69601	41.3		10.4		4.0		428.6		800		25.0		51.0
70109	41.3		10.4		4.0		428.3		800		25.0		50.5
70617	41.3		10.4		4.0		428.3		800		25.0		50.0
71125	41.3		10.4		4.0		428.6		800		25.0		49.5
71633	41.3		10.4		4.0		428.3		800		25.0		50.0
72141	41.3		10.4		4.0		428.0		800		25.0		49.5
72649	41.2		10.4		4.0		426.8		800		25.0		50.0
73157	41.2		10.4		4.0		427.4		800		25.0		50.5
73665	41.3		10.4		4.0		428.0		800		25.0		51.0
74173	41.3		10.4		4.0		428.3		800		25.0		51.5
74681	41.2		10.4		4.0		426.8		800		25.0		51.0
75189	41.5		10.4		4.0		430.1		800		25.0		50.5
75697	41.3		10.4		4.0		428.6		800		25.0		51.0
76205	41.3		10.4		4.0		428.6		800		25.0		51.5
76713	41.2		10.4		4.0		427.1		800		25.0		51.0
77221	41.3		10.4		4.0		428.6		800		25.0		50.5
77729	41.3		10.4		4.0		428.3		800		25.0		51.0
78237	41.5		10.4		4.0		429.8		800		25.0		51.5
78745	41.3		10.4		4.0		428.6		800		25.0		51.0
79253	41.3		10.4		4.0		428.5		800		25.0		51.5
79761	41.0		10.4		4.0		425.6		800		25.0		51.0
80269	41.2		10.4		4.0		426.5		800		25.0		50.5
80777	41.3		10.4		4.0		428.6		800		25.0		50.0
81285	41.3		10.4		4.0		428.3		800		25.0		50.5
81793	41.3		10.4		4.0		428.9		800		25.0		51.0
82301	41.5		10.4		4.0		430.1		800		25.0		51.5
82809	41.5		10.4		4.0		429.8		800		25.0		51.0
83317	41.5		10.4		4.0		429.8		800		25.0		50.5
83825	41.3		10.4		4.0		428.9		800		25.0		51.0
84333	41.3		10.4		4.0		428.9		800		25.0		51.5
84841	41.3		10.4		4.0		428.3		800		25.0		51.0
85349	41.2		10.4		4.0		427.1		800		25.0		51.5
85857	41.3		10.4		4.0		428.0		800		25.0		52.0
86365	41.5		10.4		4.0		429.8		800		25.0		52.5
86873	41.5		10.4		4.0		430.1		800		25.0		53.0
87381	41.5		10.4		4.0		429.8		800		25.0		52.5
87889	41.3		10.4		4.0		428.6		800		25.0		53.0
88397	41.3		10.4		4.0		428.6		800		25.0		53.5
88905	41.3		10.4		4.0		428.6		800		25.0		54.0
89413	41.6		10.4		4.0		431.7		800		25.0		54.5
89921	41.2		10.4		4.0		426.8		800		25.0		54.0
90429	41.5		10.4		4.0		429.5		800		25.0		53.5
90937	41.5		10.4		4.0		429.8		800		25.0		53.0
91445	41.5		10.4		4.0		429.8		800		25.0		52.5
91953	41.2		10.4		4.0		426.8		800		25.0		53.0
92461	41.3		10.4		4.0		428.3		800		25.0		53.5
92969	41.2		10.4		4.0		427.4		800		25.0		53.0
93477	41.2		10.4		4.0		426.8		800		25.0		53.5
93985	41.2		10.4		4.0		426.8		800		25.0		54.0
94493	41.3		10.4		4.0		428.6		800		25.0		54.5
95001	41.2		10.4		4.0		426.5		800		25.0		54.0
95509	41.5		10.4		4.0		429.8		800		25.0		53.5
96017	41.3		10.4		4.0		428.3		800		25.0		54.0
96525	41.5		10.4		4.0		430.1		800		25.0		54.5
97033	41.2		10.4		4.0		427.1		800		25.0		54.0
97541	41.5		10.4		4.0		429.8		800		25.0		53.5
98049	41.3		10.4		4.0		428.3		800		25.0		54.0
98557	41.5		10.4		4.0		429.5		800		25.0		54.5
99065	41.3		10.4		4.0		428.3		800		25.0		54.0
99573	41.0		10.4		4.0		425.3		800		25.0		54.5
100081	41.5		10.4		4.0		429.8		800		25.0		55.0
100589	41.3		10.4		4.0		428.3		800		25.0		54.5
101097	41.2		10.4		4.0		427.1		800		25.0		55.0
101605	41.3		10.2		4.1		421.4		788		25.0		54.5
102113	41.3		10.2		4.0		422.0		788		25.0		54.0
102621	41.3		10.2		4.0		422.0		788		25.0		53.5
103129	41.5		10.2		4.1		423.2		788		25.0		53.0
103637	41.3		10.3		4.0		423.8		791		25.0		52.5
104145	41.3		10.3		4.0		425.0		794		25.0		52.0
104653	41.2		10.3		4.0		425.4		797		25.0		51.5
105161	41.2		10.4		4.0		426.5		800		25.0		51.0
105669	41.3		10.4		4.0		429.2		801		25.0		50.5
106177	41.5		10.4		4.0		429.8		800		25.0		50.0
106685	41.5		10.4		4.0		430.4		800		25.0		49.5
107193	41.2		10.4		4.0		426.8		800		25.0		50.0
107701	41.2		10.4		4.0		426.8		800		25.0		50.5
108209	41.5		10.4		4.0		429.5		800		25.0		51.0
108717	41.3		10.4		4.0		428.6		800		25.0		50.5
109225	41.5		10.4		4.0		429.8		800		25.0		50.0
109733	41.3		10.4		4.0		428.3		800		25.0		50.5
110241	41.3		10.4		4.0		428.6		800		25.0		51.0
110749	41.2		10.4		4.0		426.5		800		25.0		50.5
111257	41.5		10.4		4.0		430.1		800		25.0		50.0
111765	41.2		10.4		4.0		427.1		800		25.0		50.5
112273	41.6		10.4		4.0		431.7		800		25.0		51.0
112781	41.0		10.4		4.0		425.3		800		25.0		50.5
113289	41.5		10.4		4.0		430.1		800		25.0		50.0
113797	41.3		10.4		4.0		428.3		800		25.0		50.5
114305	41.2		10.4		4.0		426.8		800		25.0		50.0
114813	41.2		10.4		4.0		426.8		800		25.0		49.5
115321	41.3		10.4		4.0		428.9		800		25.0		49.0
115829	41.5		10.4		4.0		430.1		800		25.0		48.5
116337	41.3		10.4		4.0		428.0		800		25.0		49.0
116845	41.2		10.4		4.0		427.4		800		25.0		48.5
117353	41.3		10.4		4.0		428.6		800		25.0		48.0
117861	41.3		10.4		4.0		428.3		800		25.0		48.5
118369	41.3		10.4		4.0		428.3		800		25.0		49.0
118877	41.3		10.4		4.0		428.3		800		25.0		49.5
119385	41.2		10.4		4.0		427.1		800		25.0		49.0
119893	41.2		10.4		4.0		427.1		800		25.0		48.5
120401	41.3		10.4		4.0		428.0		800		25.0		48.0
120909	41.5		10.3		4.0		428.9		799		25.0		47.5
121417	41.3		10.3		4.0		427.1		797		25.0		48.0
121925	41.5		10.1		4.1		420.1		782		25.0		47.5
122433	41.3		10.0		4.2		411.4		768		25.0		48.0
122941	41.3		9.8		4.2		403.8		754		25.0		47.5
123449	41.2		9.6		4.3		394.2		739		25.0		48.0
123957	41.3		9.4		4.4		386.9		723		25.0		47.5
124465	41.5		9.2		4.5		380.9		709		25.0		48.0
124973	41.3		9.0		4.6		371.1		694		25.0		47.5
125481	41.5		8.8		4.7		365.4		680		25.0		48.0
125989	41.2		8.6		4.8		355.3		665		25.0		47.5
126497	41.5		8.4		4.9		349.3		651		25.0		48.0
127005	41.3		8.2		5.0		340.2		635		25.0		47.5
127513	41.5		8.0		5.2		333.2		620		25.0		48.0
128021	41.3		7.8		5.3		324.2		606		25.0		47.5
128529	41.2		7.7		5.4		315.8		591		25.0		48.0
129037	41.3		7.5		5.5		309.1		577		25.0		47.5
129545	41.3		7.3		5.7		300.9		562		25.0		48.0
130053	41.5		7.1		5.8		294.1		547		25.0		47.5
130561	41.5		6.9		6.0		286.5		532		25.0		48.0
131069	41.3		6.7		6.2		276.7		517		25.0		47.5
131577	41.3		6.5		6.3		269.1		503		25.0		48.0
132085	41.3		6.3		6.5		261.5		488		25.0		47.5
132593	41.5		6.1		6.7		254.9		474		25.0		48.0
133101	41.3		5.9		6.9		245.8		459		25.0		47.5
133609	41.5		5.8		7.2		238.8		444		25.0		48.0
134117	41.5		5.6		7.4		232.7		433		25.0		47.5
134625	41.3		5.6		7.4		232.2		433		25.0		48.0
135133	41.3		5.4		7.6		224.9		420		25.0		47.5
135641	41.5		5.2		7.9		217.5		405		25.0		48.0
136149	41.5		5.3		7.9		218.4		406		25.0		48.5
136657	41.3		5.3		7.8		217.6		405		25.0		48.0
137165	41.6		5.2		8.0		217.1		402		25.0		48.5
137673	41.5		5.2		8.0		214.8		400		25.0		48.0
138181	41.3		5.2		8.0		214.3		400		25.0		48.5
138689	41.3		5.2		8.0		214.3		400		25.0		49.0
139197	41.3		5.2		8.0		214.3		400		25.0		49.5
139705	41.2		5.2		8.0		212.9		400		25.0		49.0
140213	41.5		5.2		8.0		214.8		400		25.0		48.5
140721	41.5		5.2		8.0		214.8		400		25.0		48.0
141229	41.3		5.2		8.0		213.4		400		25.0		48.5
141737	41.3		5.2		8.0		214.0		400		25.0		49.0
142245	41.3		5.2		8.0		214.6		400		25.0		49.5
142753	41.5		5.2		8.0		214.8		400		25.0		50.0
143261	41.5		5.2		8.0		215.4		400		25.0		50.5
143769	41.3		5.2		8.0		214.0		400		25.0		50.0
144277	41.5		5.2		8.0		215.4		400		25.0		49.5
144785	41.3		5.2		8.0		214.0		400		25.0		50.0
145293	41.2		5.2		7.9		213.9		400		25.0		49.5
145801	41.5		5.2		8.0		215.4		400		25.0		49.0
146309	41.3		5.2		8.0		214.3		400		25.0		49.5
146817	41.5		5.2		8.0		215.4		400		25.0		50.0
147325	41.3		5.2		8.0		214.3		400		25.0		49.5
147833	41.5		5.2		8.0		215.1		400		25.0		49.0
148341	41.3		5.2		8.0		214.3		400		25.0		49.5
148849	41.5		5.2		8.0		214.8		400		25.0		50.0
149357	41.5		5.2		8.0		214.8		400		25.0		50.5
149865	41.0		5.2		7.9		212.8		400		25.0		50.0
150373	41.6		5.2		8.0		215.8		400		25.0		49.5
150881	41.2		5.2		7.9		213.6		400		25.0		50.0
151389	41.3		5.2		8.0		214.0		400		25.0		50.5
151897	41.5		5.2		8.0		215.1		400		25.0		51.0
152405	41.3		5.2		8.0		214.0		400		25.0		50.5
152913	41.3		5.2		8.0		214.0		400		25.0		50.0
153421	41.6		5.2		8.0		215.8		400		25.0		49.5
153929	41.5		5.2		8.0		215.1		400		25.0		50.0
154437	41.3		5.2		8.0		214.6		400		25.0		49.5
154945	41.5		5.2		8.0		215.1		400		25.0		49.0
155453	41.5		5.2		8.0		215.1		400		25.0		48.5
155961	41.5		5.2		8.0		215.1		400		25.0		48.0
156469	41.5		5.2		8.0		215.4		400		25.0		47.5
156977	41.5		5.2		8.0		215.4		400		25.0		47.0
157485	41.3		5.2		8.0		214.0		400		25.0		47.5
157993	41.3		5.2		8.0		214.3		400		25.0		48.0
158501	41.5		5.2		8.0		215.1		400		25.0		48.5
159009	41.5		5.2		8.0		215.1		400		25.0		49.0
159517	41.6		5.2		8.0		216.1		400		25.0		49.5
160025	41.5		5.2		8.0		215.1		400		25.0		49.0
160533	41.5		5.2		8.0		215.1		400		25.0		48.5
161041	41.6		5.2		8.0		216.1		400		25.0		48.0
161549	41.5		5.2		8.0		214.8		400		25.0		48.5
162057	41.5		5.2		8.0		215.1		400		25.0		49.0
162565	41.6		5.2		8.0		215.8		400		25.0		49.5
163073	41.8		5.2		8.0		216.9		400		25.0		50.0
163581	41.5		5.2		8.0		214.8		400		25.0		49.5
164089	41.5		5.2		8.0		215.7		400		25.0		49.0
164597	41.5		5.2		8.0		215.1		400		25.0		49.5
165105	41.5		5.2		8.0		214.8		400		25.0		49.0
165613	41.5		5.2		8.0		215.4		400		25.0		48.5
166121	41.6		5.2		8.0		215.5		400		25.0		48.0
166629	41.5		5.2		8.0		215.4		400		25.0		48.5
167137	41.5		5.2		8.0		215.1		400		25.0		48.0
167645	41.5		5.2		8.0		214.5		400		25.0		48.5
168153	41.5		5.2		8.0		215.3		400		25.0		49.0
168661	41.6		5.2		8.0		215.5		400		25.0		49.5
169169	41.5		5.2		8.0		215.1		400		25.0		49.0
169677	41.3		5.2		8.0		214.3		400		25.0		49.5
170185	41.5		5.2		8.0		215.4		400		25.0		50.0
170693	41.6		5.2		8.0		216.4		400		25.0		50.5
171201	41.6		5.2		8.0		216.4		400		25.0		51.0
171709	41.6		5.2		8.0		216.4		400		25.0		51.5
172217	41.6		5.2		8.0		216.4		400		25.0		52.0
172725	41.6		5.2		8.0		216.1		400		25.0		51.5
173233	41.5		5.2		8.0		215.4		400		25.0		52.0
173741	41.8		5.2		8.1		216.6		400		25.0		52.5
174249	41.6		5.2		8.0		215.8		400		25.0		52.0
174757	41.8		5.2		8.0		216.9		400		25.0		51.5
175265	41.3		5.2		8.0		214.3		400		25.0		52.0
175773	41.5		5.2		8.0		215.1		400		25.0		52.5
176281	41.6		5.2		8.0		216.1		400		25.0		53.0
176789	41.5		5.2		8.0		215.4		400		25.0		52.5
177297	41.6		5.2		8.0		216.1		400		25.0		52.0
177805	41.5		5.2		8.0		215.1		400		25.0		52.5
178313	41.5		5.2		8.0		215.4		400		25.0		53.0
178821	41.5		5.2		8.0		215.1		400		25.0		52.5
179329	41.6		5.2		8.0		216.1		400		25.0		52.0
179837	41.6		5.2		8.0		216.1		400		25.0		51.5
180345	41.6		5.2		8.0		216.1		400		25.0		51.0
180853	41.8		5.2		8.0		217.2		401		25.0		50.5
181361	41.3		5.2		7.9		215.8		402		25.0		51.0
181869	41.5		5.4		7.7		224.5		417		25.0		51.5
182377	41.8		5.6		7.5		233.4		431		25.0		52.0
182885	41.8		5.8		7.2		242.0		446		25.0		52.5
183393	41.5		6.0		6.9		247.9		460		25.0		53.0
183901	41.5		6.2		6.7		255.8		475		25.0		53.5
184409	41.6		6.4		6.5		264.6		490		25.0		54.0
184917	41.5		6.6		6.3		271.9		505		25.0		54.5
185425	41.5		6.7		6.2		279.5		520		25.0		55.0
185933	41.3		6.9		5.9		287.0		534		25.0		55.5
186441	41.5		7.1		5.8		295.3		549		25.0		56.0
186949	41.8		7.3		5.7		305.0		563		25.0		56.5
187457	41.8		7.5		5.6		313.9		579		25.0		57.0
187965	41.8		7.7		5.4		321.8		594		25.0		57.5
188473	41.8		7.9		5.3		329.5		608		25.0		58.0
188981	41.5		8.1		5.1		335.1		623		25.0		58.5
189489	41.6		8.3		5.0		344.2		637		25.0		59.0
189997	41.5		8.5		4.9		350.9		652		25.0		59.5
190505	41.6		8.6		4.8		359.7		667		25.0		60.0
191013	41.3		8.9		4.7		366.0		682		25.0		60.5
191521	41.8		9.0		4.6		376.9		696		25.0		61.0
192029	41.5		9.2		4.5		382.5		711		25.0		61.5
192537	41.6		9.4		4.4		391.4		725		25.0		62.0
193045	41.6		9.5		4.4		394.5		730		25.0		62.5
193553	41.5		9.5		4.4		393.6		732		25.0		62.0
194061	41.6		9.5		4.4		396.0		734		25.0		61.5
194569	41.5		9.6		4.3		396.7		737		25.0		61.0
195077	41.8		9.6		4.4		400.8		739		25.0		60.5
195585	41.6		9.6		4.3		400.3		741		25.0		61.0
196093	41.6		9.6		4.3		400.9		743		25.0		61.5
196601	41.6		9.7		4.3		401.8		744		25.0		62.0
197109	41.8		9.7		4.3		406.6		751		25.0		62.5
197617	41.6		9.9		4.2		410.3		760		25.0		63.0
198125	41.8		9.9		4.2		412.4		761		25.0		63.5
198633	41.8		9.9		4.2		413.9		765		25.0		64.0
199141	41.8		10.0		4.2		416.4		769		25.0		64.5
199649	41.8		10.0		4.2		417.3		770		25.0		65.0
200157	41.6		10.1		4.1		421.6		781		25.0		65.5
200665	41.6		10.1		4.1		422.2		782		25.0		66.0
201173	41.6		10.2		4.1		422.5		783		25.0		66.5
201681	41.6		10.2		4.1		422.8		784		25.0		67.0
202189	41.6		10.3		4.0		428.3		794		25.0		67.5
202697	41.6		10.3		4.0		430.1		797		25.0		68.0
203205	41.8		10.4		4.0		432.3		798		25.0		68.5
203713	41.6		10.4		4.0		431.7		800		25.0		68.0
204221	41.5		10.4		4.0		429.8		800		25.0		68.5
204729	41.6		10.4		4.0		432.0		800		25.0		69.0
205237	41.8		10.4		4.0		432.9		800		25.0		69.5
205745	41.6		10.4		4.0		432.0		800		25.0		69.0
206253	41.8		10.4		4.0		433.2		800		25.0		68.5
206761	41.8		10.4		4.0		433.2		800		25.0		68.0
207269	41.5		10.4		4.0		430.1		800		25.0		68.5
207777	41.6		10.4		4.0		432.0		800		25.0		69.0
208285	41.5		10.4		4.0		430.4		800		25.0		68.5
208793	42.1		10.4		4.1		436.5		800		25.0		68.0
209301	41.6		10.4		4.0		432.3		800		25.0		68.5
209809	41.9		10.4		4.0		435.0		800		25.0		69.0
210317	41.9		10.4		4.0		435.0		800		25.0		69.5
210825	41.6		10.4		4.0		432.0		800		25.0		69.0
211333	41.9		10.4		4.0		435.0		800		25.0		68.5
211841	41.8		10.4		4.0		433.5		800		25.0		69.0
212349	41.8		10.4		4.0		433.5		800		25.0		69.5
212857	41.8		10.4		4.0		433.5		800		25.0		70.0
213365	41.9		10.4		4.0		434.7		800		25.0		70.5
213873	41.8		10.4		4.0		433.2		800		25.0		70.0
214381	41.9		10.4		4.0		434.7		800		25.0		69.5
214889	41.9		10.4		4.0		434.7		800		25.0		69.0
215397	41.5		10.4		4.0		430.1		800		25.0		69.5
215905	41.6		10.4		4.0		432.0		800		25.0		70.0
216413	41.6		10.4		4.0		432.0		800		25.0		70.5
216921	41.8		10.4		4.0		433.8		800		25.0		71.0
217429	41.8		10.4		4.0		433.8		800		25.0		71.5
217937	41.8		10.4		4.0		433.2		800		25.0		71.0
218445	41.8		10.4		4.0		433.2		800		25.0		70.5
218953	41.8		10.4		4.0		433.6		800		25.0		70.0
219461	41.8		10.4		4.0		433.8		800		25.0		69.5
219969	41.8		10.4		4.0		433.5		800		25.0		70.0
220477	41.9		10.4		4.0		435.0		800		25.0		70.5
220985	41.8		10.4		4.0		433.5		800		25.0		70.0
221493	42.1		10.4		4.1		436.2		800		25.0		69.5
222001	41.5		10.4		4.0		430.1		800		25.0		70.0
222509	41.8		10.4		4.0		433.5		800		25.0		70.5
223017	41.6		10.4		4.0		432.3		800		25.0		70.0
223525	41.8		10.4		4.0		433.8		800		25.0		69.5
224033	41.8		10.4		4.0		433.2		800		25.0		70.0
224541	41.8		10.4		4.0		433.2		800		25.0		70.5
225049	41.8		10.4		4.0		433.8		800		25.0		71.0
225557	41.6		10.4		4.0		431.4		800		25.0		70.5
226065	41.8		10.4		4.0		432.9		800		25.0		70.0
226573	41.9		10.6		4.0		442.7		814		25.0		69.5
227081	41.8		10.6		4.0		441.1		814		25.0		70.0
227589	41.8		10.5		4.0		440.5		813		25.0		69.5
228097	41.8		10.5		4.0		438.1		809		25.0		70.0
228605	41.8		10.3		4.1		429.2		792		25.0		69.5
229113	41.9		10.1		4.2		423.0		778		25.0		70.0
229621	41.6		9.9		4.2		412.8		764		25.0		69.5
230129	41.8		9.7		4.3		405.7		749		25.0		70.0
230637	41.9		9.5		4.4		399.7		735		25.0		69.5
231145	41.9		9.4		4.5		392.0		721		25.0		70.0
231653	41.9		9.2		4.6		383.7		705		25.0		69.5
232161	41.6		8.9		4.7		372.2		690		25.0		70.0
232669	41.9		8.8		4.8		367.2		676		25.0		69.5
233177	41.9		8.6		4.9		359.8		660		25.0		70.0
233685	41.9		8.4		5.0		351.8		647		25.0		69.5
234193	41.8		8.2		5.1		342.3		632		25.0		70.0
234701	41.8		8.0		5.2		334.4		617		25.0		69.5
235209	41.8		7.8		5.3		326.1		602		25.0		70.0
235717	41.6		7.6		5.5		317.7		588		25.0		69.5
236225	41.6		7.4		5.6		309.7		573		25.0		70.0
236733	41.6		7.2		5.7		301.2		558		25.0		69.5
237241	41.8		7.1		5.9		294.9		544		25.0		70.0
237749	41.9		6.9		6.1		288.0		529		25.0		69.5
238257	41.5		6.7		6.2		276.4		514		25.0		70.0
238765	41.6		6.5		6.4		270.1		499		25.0		69.5
239273	41.6		6.3		6.6		262.2		485		25.0		70.0
239781	41.5		6.1		6.8		253.3		470		25.0		69.5
240289	41.5		5.9		7.0		244.8		455		25.0		70.0
240797	41.6		5.7		7.3		238.4		441		25.0		69.5
241305	41.9		5.5		7.6		231.5		425		25.0		70.0
241813	41.6		5.3		7.8		221.9		411		25.0		69.5
242321	41.8		5.1		8.1		214.8		396		25.0		70.0
242829	42.1		5.0		8.5		208.6		382		25.0		69.5
243337	41.8		4.8		8.8		198.8		367		25.0		70.0
243845	41.8		4.6		9.1		191.5		353		25.0		69.5
244353	41.8		4.4		9.5		183.1		337		25.0		70.0
244861	41.8		4.2		10.0		174.7		322		25.0		69.5
245369	41.9		4.0		10.5		167.9		308		25.0		70.0
245877	41.6		3.8		10.9		158.5		293		25.0		69.5
246385	41.8		3.7		11.2		155.4		287		25.0		70.0
246893	41.5		3.7		11.1		154.6		287		25.0		69.5
247401	41.9		3.7		11.2		156.6		287		25.0		69.0
247909	41.8		3.7		11.2		155.7		287		25.0		69.5
248417	41.8		3.8		11.1		157.2		289		25.0		70.0
248925	41.8		3.8		11.0		157.9		290		25.0		70.5
249433	41.6		3.9		10.7		161.6		299		25.0		71.0
249941	41.9		3.9		10.7		163.6		300		25.0		71.5
250449	41.9		3.9		10.7		163.6		300		25.0		72.0
250957	41.9		3.9		10.7		163.6		300		25.0		72.5
251465	41.9		3.9		10.7		163.6		300		25.0		73.0
251973	41.9		3.9		10.7		163.6		300		25.0		73.5
252481	41.9		3.9		10.8		163.3		300		25.0		73.0
252989	41.9		3.9		10.7		163.6		300		25.0		72.5
253497	41.9		3.9		10.8		163.3		300		25.0		73.0
254005	41.6		3.9		10.7		162.5		300		25.0		72.5
254513	41.8		3.9		10.7		162.4		300		25.0		73.0
255021	41.9		3.9		10.8		163.3		300		25.0		73.5
255529	41.8		3.9		10.7		162.8		300		25.0		73.0
256037	41.6		3.9		10.7		161.9		300		25.0		73.5
256545	41.8		3.9		10.7		163.1		300		25.0		74.0
257053	41.6		3.9		10.7		162.1		300		25.0		73.5
257561	41.6		3.9		10.7		161.9		300		25.0		74.0
258069	41.9		3.9		10.8		163.3		300		25.0		74.5
258577	41.5		3.9		10.6		161.6		300		25.0		74.0
259085	41.6		3.9		10.7		162.5		300		25.0		73.5
259593	41.9		3.9		10.8		163.3		300		25.0		73.0
260101	41.8		3.9		10.7		162.4		300		25.0		73.5
260609	41.9		3.9		10.8		163.3		300		25.0		74.0
261117	41.8		3.9		10.7		163.1		300		25.0		73.5
261625	41.8		3.9		10.7		162.8		300		25.0		74.0
262133	41.9		3.9		10.7		163.6		300		25.0		74.5
262641	41.6		3.9		10.7		162.5		300		25.0		74.0
263149	41.9		3.9		10.8		163.3		300		25.0		73.5
263657	41.9		3.9		10.8		163.3		300		25.0		73.0
264165	41.8		3.9		10.7		162.4		300		25.0		73.5
264673	41.8		3.9		10.7		163.1		300		25.0		74.0
265181	41.8		3.9		10.7		162.4		300		25.0		73.5
265689	41.9		3.9		10.8		163.0		300		25.0		73.0
266197	41.8		3.9		10.7		163.1		300		25.0		72.5
266705	41.9		3.9		10.8		163.3		300		25.0		72.0
267213	41.8		3.9		10.7		163.1		300		25.0		72.5
267721	41.6		3.9		10.7		162.5		300		25.0		72.0
268229	41.8		3.9		10.7		163.1		300		25.0		71.5
268737	41.8		3.9		10.7		163.1		300		25.0		71.0
269245	41.9		3.9		10.8		163.3		300		25.0		70.5
269753	41.8		3.9		10.7		162.4		300		25.0		71.0
270261	41.9		3.9		10.7		164.2		302		25.0		71.5
270769	41.9		3.9		10.7		164.5		302		25.0		72.0
271277	42.1		3.9		10.7		165.1		302		25.0		72.5
271785	41.6		3.9		10.6		163.7		302		25.0		72.0
272293	41.9		3.9		10.7		164.5		302		25.0		71.5
272801	41.8		3.9		10.7		163.7		302		25.0		72.0
273309	41.8		3.9		10.6		164.3		302		25.0		72.5
273817	41.6		3.9		10.6		163.1		302		25.0		72.0
274325	41.9		3.9		10.7		164.9		302		25.0		71.5
274833	41.8		3.9		10.7		163.4		302		25.0		72.0
275341	41.8		3.9		10.7		163.4		302		25.0		72.5
275849	41.8		3.9		10.6		164.0		302		25.0		73.0
276357	41.5		3.9		10.6		162.8		302		25.0		72.5
276865	41.8		3.9		10.6		164.0		302		25.0		72.0
277373	41.6		3.9		10.6		163.1		302		25.0		72.5
277881	41.8		3.9		10.7		163.7		302		25.0		73.0
278389	41.6		3.9		10.6		163.4		302		25.0		72.5
278897	41.6		3.9		10.6		163.1		302		25.0		73.0
279405	41.9		3.9		10.7		163.9		302		25.0		73.5
279913	41.6		3.9		10.6		163.4		302		25.0		73.0
280421	41.8		3.9		10.7		163.7		302		25.0		72.5
280929	41.5		3.9		10.5		163.4		303		25.0		73.0
281437	41.9		4.0		10.6		165.8		304		25.0		73.5
281945	41.5		4.1		10.0		171.9		319		25.0		74.0
282453	41.6		4.3		9.6		180.7		335		25.0		74.5
282961	41.8		4.5		9.2		189.4		349		25.0		75.0
283469	41.8		4.7		8.8		197.3		363		25.0		75.5
283977	41.8		4.9		8.5		205.3		378		25.0		76.0
284485	41.6		5.1		8.2		211.6		392		25.0		76.5
284993	41.8		5.3		7.9		220.9		407		25.0		77.0
285501	41.9		5.5		7.6		229.9		422		25.0		77.5
286009	41.8		5.7		7.4		236.5		437		25.0		78.0
286517	41.5		5.9		7.1		243.3		453		25.0		78.5
287025	41.9		6.0		6.9		253.3		466		25.0		79.0
287533	41.6		6.2		6.7		259.7		481		25.0		79.5
288041	41.6		6.4		6.5		267.4		495		25.0		80.0
288549	41.6		6.6		6.3		275.0		510		25.0		80.0
289057	41.6		6.8		6.1		284.1		526		25.0		80.0
289565	41.8		7.0		6.0		292.5		540		25.0		80.0
290073	41.8		7.2		5.8		300.7		555		25.0		80.0
290581	41.8		7.4		5.6		309.3		570		25.0		80.0
291089	41.6		7.6		5.5		315.5		584		25.0		80.0
291597	41.5		7.8		5.3		322.3		599		25.0		80.0
292105	41.8		7.9		5.3		329.2		607		25.0		80.0
292613	41.8		7.9		5.3		329.8		609		25.0		80.0
293121	41.6		8.1		5.1		336.9		624		25.0		80.0
293629	41.8		8.3		5.0		345.7		638		25.0		80.0
294137	41.6		8.5		4.9		352.7		653		25.0		80.0
294645	41.6		8.7		4.8		360.0		668		25.0		80.0
295153	41.6		8.8		4.8		364.3		675		25.0		80.0
295661	41.6		8.8		4.7		365.2		676		25.0		80.0
296169	41.8		9.0		4.7		373.8		690		25.0		80.0
296677	41.6		9.1		4.6		380.5		705		25.0		80.0
297185	41.5		9.2		4.5		382.8		712		25.0		80.0
297693	41.5		9.2		4.5		382.8		712		25.0		80.0
298201	41.5		9.4		4.4		390.7		727		25.0		80.0
298709	41.5		9.6		4.3		399.5		743		25.0		80.0
299217	41.6		9.8		4.2		408.5		757		25.0		80.0
299725	41.5		10.0		4.1		415.0		771		25.0		80.0
300233	41.6		10.0		4.1		417.9		775		25.0		80.0
300741	41.6		10.1		4.1		418.9		776		25.0		80.0
301249	41.8		10.1		4.1		420.9		778		25.0		80.0
301757	41.8		10.1		4.1		421.9		779		25.0		80.0
302265	41.8		10.1		4.1		422.5		779		25.0		80.0
302773	41.5		10.1		4.1		419.2		779		25.0		79.5
303281	41.8		10.1		4.1		422.8		780		25.0		79.0
303789	41.8		10.1		4.1		422.2		780		25.0		79.5
304297	41.9		10.1		4.1		424.3		780		25.0		80.0
304805	41.8		10.1		4.1		422.2		780		25.0		79.5
305313	41.8		10.1		4.1		422.5		781		25.0		79.0
305821	41.6		10.1		4.1		421.6		781		25.0		79.5
306329	41.6		10.1		4.1		421.6		781		25.0		80.0
306837	41.8		10.2		4.1		424.0		782		25.0		80.0
307345	41.8		10.1		4.1		423.4		782		25.0		79.5
307853	41.5		10.1		4.1		420.8		783		25.0		80.0
308361	41.6		10.2		4.1		424.7		786		25.0		80.0
308869	41.6		10.2		4.1		425.3		788		25.0		80.0
309377	41.5		10.3		4.0		425.6		791		25.0		80.0
309885	41.6		10.3		4.0		428.0		793		25.0		80.0
310393	41.8		10.3		4.0		430.7		796		25.0		80.0
310901	41.5		10.4		4.0		429.5		798		25.0		79.5
311409	41.5		10.4		4.0		429.8		800		25.0		79.0
311917	41.6		10.4		4.0		432.0		800		25.0		78.5
312425	41.5		10.4		4.0		430.4		800		25.0		79.0
312933	41.8		10.4		4.0		433.5		800		25.0		79.5
313441	41.6		10.4		4.0		431.7		800		25.0		79.0
313949	41.8		10.4		4.0		433.5		800		25.0		78.5
314457	41.8		10.4		4.0		433.2		800		25.0		79.0
314965	41.8		10.4		4.0		433.5		800		25.0		79.5
315473	41.5		10.4		4.0		429.8		800		25.0		79.0
315981	41.6		10.4		4.0		431.4		800		25.0		78.5
316489	41.6		10.4		4.0		431.7		800		25.0		78.0
316997	41.6		10.4		4.0		431.7		800		25.0		77.5
317505	41.6		10.4		4.0		432.0		800		25.0		77.0
318013	41.3		10.4		4.0		428.6		800		25.0		77.5
318521	41.6		10.4		4.0		431.4		800		25.0		78.0
319029	41.8		10.4		4.0		433.5		800		25.0		78.5
319537	41.3		10.4		4.0		428.9		800		25.0		78.0
320045	41.6		10.4		4.0		431.7		800		25.0		77.5
320553	41.5		10.4		4.0		429.9		800		25.0		78.0
321061	41.6		10.4		4.0		431.7		800		25.0		78.5
321569	41.3		10.4		4.0		428.9		800		25.0		78.0
322077	41.5		10.4		4.0		430.1		800		25.0		77.5
322585	41.3		10.4		4.0		428.6		800		25.0		78.0
323093	41.6		10.4		4.0		431.4		800		25.0		78.5
323601	41.5		10.4		4.0		429.8		800		25.0		78.0
324109	41.6		10.4		4.0		431.7		800		25.0		77.5
324617	41.3		10.4		4.0		429.2		800		25.0		78.0
325125	41.6		10.4		4.0		431.7		800		25.0		78.5
325633	41.5		10.4		4.0		430.1		800		25.0		78.0
326141	41.9		10.4		4.0		434.7		800		25.0		77.5
326649	41.5		10.4		4.0		430.1		800		25.0		78.0
327157	41.5		10.4		4.0		429.8		800		25.0		77.5
327665	41.5		10.4		4.0		429.8		800		25.0		77.0
328173	41.5		10.4		4.0		430.1		800		25.0		76.5
328681	41.3		10.4		4.0		428.6		800		25.0		77.0
329189	41.8		10.4		4.0		433.2		800		25.0		77.5
329697	41.6		10.4		4.0		431.4		800		25.0		77.0
330205	41.5		10.4		4.0		430.4		800		25.0		77.5
330713	41.6		10.4		4.0		432.0		800		25.0		78.0
331221	41.5		10.4		4.0		430.1		800		25.0		77.5
331729	41.3		10.4		4.0		428.9		800		25.0		78.0
332237	41.6		10.4		4.0		431.7		800		25.0		78.5
332745	41.8		10.4		4.0		432.9		800		25.0		79.0
333253	41.5		10.4		4.0		430.0		800		25.0		78.5
333761	41.6		10.4		4.0		431.7		800		25.0		78.0
334269	41.5		10.4		4.0		429.8		800		25.0		78.5
334777	41.3		10.4		4.0		428.3		800		25.0		78.0
335285	41.3		10.4		4.0		428.9		800		25.0		77.5
335793	41.3		10.4		4.0		428.6		800		25.0		78.0
336301	41.3		10.4		4.0		428.3		800		25.0		77.5
336809	41.3		10.4		4.0		428.6		800		25.0		77.0
337317	41.5		10.4		4.0		430.1		800		25.0		76.5
337825	41.5		10.4		4.0		430.1		800		25.0		76.0
338333	41.6		10.4		4.0		431.7		800		25.0		75.5
338841	41.3		10.4		4.0		428.6		800		25.0		76.0
339349	41.6		10.4		4.0		431.7		800		25.0		76.5
339857	41.6		10.4		4.0		431.7		800		25.0		77.0
340365	41.5		10.4		4.0		430.1		800		25.0		76.5
340873	41.6		10.4		4.0		432.0		800		25.0		76.0
341381	41.6		10.4		4.0		432.3		800		25.0		75.5
341889	41.9		10.4		4.0		435.0		800		25.0		75.0
342397	41.5		10.4		4.0		430.4		800		25.0		75.5
342905	41.2		10.4		4.0		426.8		800		25.0		75.0
343413	41.6		10.4		4.0		431.7		800		25.0		74.5
343921	41.9		10.4		4.0		434.4		800		25.0		74.0
344429	41.5		10.4		4.0		429.8		800		26.0		74.5
344937	40.9		10.4		3.9		424.7		800		30.0		74.0
345445	39.6		10.4		3.8		412.7		800		39.0		74.5
345953	39.7		10.4		3.8		414.4		800		40.0		75.0
346461	39.4		10.4		3.8		411.2		800		43.0		74.5
346969	39.4		10.4		3.8		411.8		800		45.0		74.0
347477	38.7		10.5		3.7		404.4		800		47.0		74.5
347985	38.2		10.5		3.7		399.8		800		49.0		74.0
348493	38.4		10.5		3.7		401.9		800		51.0		73.5
349001	38.4		10.5		3.7		402.4		800		52.0		73.0
349509	38.2		10.5		3.7		400.6		800		54.0		73.5
350017	37.4		10.5		3.6		391.7		800		56.0		73.0
350525	37.4		10.5		3.6		391.4		800		57.0		73.5
351033	37.4		10.5		3.6		392.5		800		59.0		74.0
351541	37.4		10.5		3.6		392.5		800		60.0		74.5
352049	37.5		10.5		3.6		393.8		800		60.0		75.0
352557	37.1		10.5		3.5		388.9		800		60.0		74.5
353065	37.1		10.5		3.5		389.2		800		60.0		74.0
353573	37.4		10.5		3.6		392.2		800		60.0		73.5
354081	37.5		10.5		3.6		393.8		800		60.0		73.0
354589	37.2		10.5		3.5		391.0		800		60.0		73.5
355097	37.1		10.5		3.5		388.9		800		60.0		73.0
355605	37.1		10.5		3.5		388.9		800		60.0		72.5
356113	37.5		10.5		3.6		393.8		800		60.0		72.0
356621	37.5		10.5		3.6		394.6		800		60.0		71.5
357129	37.5		10.5		3.6		394.1		800		60.0		72.0
357637	37.1		10.5		3.5		388.6		800		60.0		71.5
358145	37.1		10.5		3.5		388.9		800		60.0		71.0
358653	37.1		10.5		3.5		389.2		800		60.0		70.5
359161	37.4		10.5		3.6		392.5		800		60.0		70.0
359669	37.4		10.5		3.6		392.2		800		60.0		70.5
360177	36.9		10.5		3.5		387.4		800		60.0		70.0
360685	36.9		10.5		3.5		387.9		800		60.0		69.5
361193	37.1		10.5		3.5		389.2		800		60.0		69.0
361701	37.4		10.5		3.6		392.5		800		60.0		68.5
362209	37.2		10.5		3.5		390.4		800		60.0		69.0
362717	37.1		10.5		3.5		388.9		800		60.0		68.5
363225	37.1		10.5		3.5		389.2		800		60.0		68.0
363733	37.4		10.5		3.6		392.8		800		60.0		67.5
364241	37.4		10.5		3.6		392.5		800		60.0		68.0
364749	37.4		10.5		3.6		392.5		800		60.0		68.5
365257	36.9		10.5		3.5		387.9		800		60.0		68.0
365765	36.9		10.5		3.5		388.2		800		60.0		67.5
366273	37.1		10.5		3.5		389.4		800		60.0		67.0
366781	37.5		10.5		3.6		394.1		800		60.0		66.5
367289	37.5		10.5		3.6		394.1		800		60.0		66.0
367797	36.9		10.5		3.5		387.4		800		60.0		66.5
368305	37.2		10.5		3.5		391.0		800		60.0		67.0
368813	37.1		10.5		3.5		389.4		800		60.0		66.5
369321	37.5		10.5		3.6		394.3		800		60.0		66.0
369829	37.2		10.5		3.5		391.0		800		60.0		66.5
370337	37.1		10.5		3.5		388.9		800		60.0		66.0
370845	37.1		10.5		3.5		388.9		800		60.0		65.5
371353	37.2		10.5		3.5		390.8		800		60.0		65.0
371861	37.5		10.5		3.6		393.8		800		60.0		64.5
372369	37.4		10.5		3.6		392.5		800		60.0		65.0
372877	37.1		10.5		3.5		388.9		800		60.0		64.5
373385	37.1		10.5		3.5		389.2		800		60.0		64.0
373893	37.2		10.5		3.5		390.7		800		60.0		63.5
374401	37.5		10.5		3.6		394.1		800		60.0		63.0
374909	37.4		10.5		3.6		392.5		800		60.0		63.5
375417	36.9		10.5		3.5		387.4		800		60.0		63.0
375925	36.9		10.5		3.5		387.4		800		60.0		62.5
376433	37.4		10.5		3.6		392.2		800		60.0		62.0
376941	37.5		10.5		3.6		394.3		800		60.0		61.5
377449	37.4		10.5		3.6		392.2		800		60.0		62.0
377957	36.9		10.5		3.5		387.4		800		60.0		61.5
378465	37.1		10.5		3.5		389.2		800		60.0		61.0
378973	37.2		10.5		3.5		390.7		800		60.0		60.5
379481	37.4		10.5		3.6		392.5		800		60.0		60.0
379989	37.1		10.5		3.5		389.4		800		60.0		60.5
380497	37.1		10.5		3.5		389.2		800		60.0		60.0
381005	36.8		10.5		3.5		386.1		800		60.0		60.5
381513	37.4		10.5		3.6		392.5		800		60.0		61.0
382021	37.4		10.5		3.6		392.2		800		60.0		60.5
382529	37.2		10.5		3.5		391.2		800		60.0		61.0
383037	37.1		10.5		3.5		388.9		800		60.0		60.5
383545	36.9		10.5		3.5		387.6		800		60.0		61.0
384053	37.4		10.5		3.6		392.3		800		60.0		61.5
384561	37.4		10.5		3.6		392.5		800		60.0		62.0
385069	37.2		10.5		3.5		390.7		800		60.0		61.5
385577	37.1		10.5		3.5		389.4		800		60.0		62.0
386085	37.2		10.5		3.5		390.2		800		60.0		62.5
386593	37.2		10.5		3.5		391.0		800		60.0		63.0
387101	37.5		10.5		3.6		393.8		800		60.0		63.5
387609	37.4		10.5		3.6		392.2		800		60.0		63.0
388117	36.9		10.5		3.5		387.6		800		60.0		63.5
388625	36.9		10.5		3.5		387.4		800		60.0		63.0
389133	37.2		10.5		3.5		390.7		800		60.0		62.5
389641	37.5		10.5		3.6		393.8		800		60.0		62.0
390149	37.1		10.5		3.5		389.7		800		60.0		62.5
390657	36.9		10.5		3.5		387.4		800		60.0		62.0
391165	37.2		10.5		3.5		390.2		800		60.0		61.5
391673	37.4		10.5		3.6		392.5		800		60.0		61.0
392181	37.4		10.5		3.6		392.8		800		60.0		60.5
392689	37.2		10.5		3.5		391.0		800		60.0		61.0
393197	36.6		10.5		3.5		384.3		800		60.0		60.5
393705	37.1		10.5		3.5		389.4		800		60.0		60.0
394213	37.2		10.5		3.5		390.7		800		60.0		59.5
394721	37.5		10.5		3.6		393.8		800		60.0		59.0
395229	37.2		10.5		3.5		390.7		800		60.0		59.5
395737	36.9		10.5		3.5		387.9		800		60.0		59.0
396245	37.1		10.5		3.5		389.2		800		60.0		58.5
396753	37.4		10.5		3.6		392.2		800		60.0		58.0
397261	37.4		10.5		3.6		392.5		800		60.0		57.5
397769	37.2		10.5		3.5		391.0		800		60.0		58.0
398277	36.9		10.5		3.5		387.6		800		60.0		57.5
398785	36.9		10.5		3.5		387.6		800		60.0		57.0
399293	37.2		10.5		3.5		391.0		800		60.0		56.5
399801	37.7		10.5		3.6		395.6		800		60.0		56.0
400309	37.1		10.5		3.5		388.9		800		60.0		56.5
400817	37.2		10.5		3.5		390.7		800		59.0		57.0
401325	37.5		10.5		3.6		393.5		800		57.0		57.5
401833	38.2		10.5		3.6		400.9		800		54.0		58.0
402341	38.5		10.5		3.7		404.0		800		52.0		58.5
402849	38.5		10.5		3.7		403.4		800		49.0		58.0
403357	38.8		10.4		3.7		405.6		800		47.0		57.5
403865	39.0		10.4		3.7		406.6		800		44.0		57.0
404373	39.6		10.4		3.8		413.3		800		42.0		56.5
404881	39.9		10.4		3.8		415.8		800		41.0		56.0
405389	39.9		10.4		3.8		415.5		800		40.0		56.5
405897	39.9		10.4		3.8		415.2		800		37.0		56.0
406405	40.4		10.4		3.9		421.0		800		34.0		55.5
406913	41.0		10.4		3.9		426.8		800		31.0		55.0
407421	41.3		10.4		4.0		429.5		800		29.0		54.5
407929	41.3		10.4		4.0		428.6		800		27.0		55.0
408437	41.3		10.4		4.0		428.3		800		25.0		54.5
408945	41.0		10.4		4.0		425.0		800		24.0		55.0
409453	41.8		10.4		4.0		433.4		800		24.0		55.5
409961	41.8		10.4		4.0		433.8		800		25.0		56.0
410469	41.5		10.4		4.0		430.1		800		25.0		55.5
410977	41.2		10.4		4.0		426.8		800		25.0		56.0
411485	41.2		10.4		4.0		427.1		800		25.0		56.5
411993	41.8		10.4		4.0		433.2		800		25.0		57.0
412501	41.8		10.4		4.0		433.8		800		25.0		57.5
413009	41.5		10.4		4.0		430.4		800		25.0		57.0
413517	41.3		10.4		4.0		428.0		800		25.0		57.5
414025	41.6		10.4		4.0		431.4		800		25.0		58.0
414533	41.6		10.4		4.0		432.0		800		25.0		58.5
415041	41.6		10.4		4.0		432.3		800		25.0		59.0
415549	41.3		10.4		4.0		428.6		800		25.0		58.5
416057	41.3		10.4		4.0		428.3		800		25.0		59.0
416565	41.5		10.4		4.0		430.1		800		25.0		59.5
417073	41.6		10.4		4.0		432.0		800		25.0		60.0
417581	41.8		10.4		4.0		433.5		800		25.0		60.5
418089	41.5		10.4		4.0		430.1		800		25.0		60.0
418597	41.3		10.4		4.0		428.3		800		25.0		60.5
419105	41.2		10.4		4.0		427.1		800		25.0		60.0
419613	41.8		10.4		4.0		433.2		800		25.0		59.5
420121	41.5		10.4		4.0		430.8		800		25.0		60.0
420629	41.6		10.4		4.0		431.7		800		25.0		60.5
421137	41.2		10.4		4.0		427.1		800		25.0		60.0
421645	41.5		10.4		4.0		430.1		800		25.0		59.5
422153	41.6		10.4		4.0		432.1		800		25.0		59.0
422661	41.8		10.4		4.0		433.8		800		25.0		58.5
423169	41.3		10.4		4.0		428.6		800		25.0		59.0
423677	41.2		10.4		4.0		427.1		800		25.0		58.5
424185	41.6		10.4		4.0		431.7		800		25.0		58.0
424693	41.5		10.4		4.0		430.1		800		25.0		58.5
425201	42.1		10.4		4.1		436.5		800		25.0		59.0
425709	41.6		10.4		4.0		431.7		800		25.0		58.5
426217	41.5		10.4		4.0		429.8		800		25.0		59.0
426725	41.5		10.4		4.0		430.1		800		25.0		59.5
427233	41.9		10.4		4.0		435.0		800		25.0		60.0
427741	41.8		10.4		4.0		433.5		800		25.0		59.5
428249	41.3		10.4		4.0		428.3		800		25.0		60.0
428757	41.5		10.4		4.0		430.1		800		25.0		60.5
429265	41.5		10.4		4.0		430.1		800		25.0		61.0
429773	41.8		10.4		4.0		433.2		800		25.0		61.5
430281	41.9		10.4		4.0		434.7		800		25.0		62.0
430789	41.8		10.4		4.0		433.5		800		25.0		61.5
431297	41.5		10.4		4.0		430.1		800		25.0		62.0
431805	41.5		10.4		4.0		430.4		800		25.0		62.5
432313	41.5		10.4		4.0		430.4		800		25.0		63.0
432821	41.8		10.4		4.0		433.2		800		25.0		63.5
433329	41.5		10.4		4.0		430.4		800		25.0		63.0
433837	41.5		10.4		4.0		429.8		800		25.0		63.5
434345	41.5		10.4		4.0		430.1		800		25.0		64.0
434853	41.8		10.4		4.0		433.7		800		25.0		64.5
435361	41.9		10.4		4.0		435.3		800		25.0		65.0
435869	41.5		10.4		4.0		429.8		800		25.0		64.5
436377	41.5		10.4		4.0		430.1		800		25.0		64.0
436885	41.5		10.4		4.0		429.5		800		25.0		64.5
437393	41.8		10.4		4.0		433.5		800		25.0		65.0
437901	41.8		10.4		4.0		433.2		800		25.0		64.5
438409	41.6		10.4		4.0		431.7		800		25.0		65.0
438917	41.3		10.4		4.0		428.0		800		25.0		64.5
439425	41.6		10.4		4.0		431.4		800		25.0		64.0
439933	41.6		10.4		4.0		432.0		800		25.0		63.5
440441	41.6		10.4		4.0		432.0		800		25.0		63.0
440949	41.3		10.4		4.0		428.6		800		25.0		63.5
441457	41.3		10.4		4.0		428.3		800		25.0		63.0
441965	41.5		10.4		4.0		430.1		800		25.0		62.5
442473	41.8		10.4		4.0		433.2		800		25.0		62.0
442981	41.9		10.4		4.0		435.0		800		25.0		61.5
443489	41.5		10.4		4.0		429.8		800		25.0		62.0
443997	41.5		10.4		4.0		430.1		800		25.0		62.5
444505	41.5		10.4		4.0		429.5		800		25.0		62.0
445013	41.8		10.4		4.0		433.2		800		25.0		61.5
445521	41.5		10.4		4.0		430.8		800		25.0		62.0
446029	41.5		10.4		4.0		430.4		800		25.0		61.5
446537	41.5		10.4		4.0		429.5		800		25.0		62.0
447045	41.5		10.4		4.0		430.1		800		25.0		62.5
447553	41.8		10.4		4.0		433.3		800		25.0		63.0
448061	41.6		10.4		4.0		431.7		800		25.0		62.5
448569	41.5		10.4		4.0		429.8		800		25.0		63.0
449077	41.0		10.4		4.0		425.6		800		25.0		62.5
449585	41.5		10.4		4.0		429.8		800		25.0		62.0
450093	41.8		10.4		4.0		433.5		800		25.0		61.5
450601	41.8		10.4		4.0		433.5		800		25.0		61.0
451109	41.5		10.4		4.0		430.1		800		25.0		61.5
451617	41.2		10.4		4.0		427.1		800		25.0		61.0
452125	41.5		10.4		4.0		430.1		800		25.0		60.5
452633	41.6		10.4		4.0		432.3		800		25.0		60.0
453141	41.6		10.4		4.0		431.7		800		25.0		60.5
453649	41.6		10.4		4.0		431.7		800		25.0		61.0
454157	41.2		10.4		4.0		427.1		800		25.0		60.5
454665	41.5		10.4		4.0		430.4		800		25.0		60.0
455173	41.6		10.4		4.0		432.0		800		25.0		59.5
455681	41.8		10.4		4.0		433.5		800		25.0		59.0
456189	41.5		10.4		4.0		430.1		800		25.0		59.5
456697	41.3		10.4		4.0		428.3		800		25.0		59.0
457205	41.6		10.4		4.0		431.4		800		25.0		58.5
457713	41.6		10.4		4.0		432.0		800		25.0		58.0
458221	41.6		10.4		4.0		432.3		800		25.0		57.5
458729	41.6		10.4		4.0		432.0		800		25.0		58.0
459237	41.3		10.4		4.0		428.6		800		25.0		57.5
459745	41.2		10.4		4.0		426.8		800		25.0		58.0
460253	41.8		10.4		4.0		433.3		800		25.0		58.5
460761	41.9		10.4		4.0		435.0		800		25.0		59.0
461269	41.5		10.4		4.0		430.1		800		25.0		58.5
461777	41.2		10.4		4.0		426.8		800		25.0		59.0
462285	41.3		10.4		4.0		428.6		800		25.0		59.5
462793	41.8		10.4		4.0		433.2		800		25.0		60.0
463301	41.6		10.4		4.0		431.7		800		25.0		59.5
463809	41.5		10.4		4.0		429.8		800		25.0		60.0
464317	41.0		10.4		4.0		424.7		800		25.0		59.5
464825	41.8		10.4		4.0		433.2		800		25.0		59.0
465333	41.6		10.4		4.0		432.3		800		25.0		59.5
465841	41.6		10.4		4.0		432.0		800		25.0		59.0
466349	41.5		10.4		4.0		430.1		800		25.0		59.5
466857	41.0		10.4		4.0		425.0		800		25.0		59.0
467365	41.3		10.4		4.0		428.6		800		25.0		58.5
467873	41.8		10.4		4.0		433.5		800		25.0		58.0
468381	41.6		10.4		4.0		432.0		800		25.0		58.5
468889	41.5		10.4		4.0		430.1		800		25.0		58.0
469397	41.3		10.4		4.0		428.3		800		25.0		58.5
469905	41.5		10.4		4.0		430.1		800		25.0		59.0
470413	41.6		10.4		4.0		432.3		800		25.0		59.5
470921	41.6		10.4		4.0		431.7		800		25.0		59.0
471429	41.5		10.4		4.0		429.8		800		25.0		59.5
471937	41.5		10.4		4.0		429.8		800		25.0		60.0
472445	41.6		10.4		4.0		431.7		800		25.0		60.5
472953	41.8		10.4		4.0		433.6		800		25.0		61.0
473461	41.3		10.4		4.0		429.2		800		25.0		60.5
473969	41.5		10.4		4.0		429.8		800		25.0		60.0
474477	41.5		10.4		4.0		430.1		800		25.0		59.5
474985	41.2		10.4		4.0		427.4		800		25.0		60.0
475493	41.6		10.4		4.0		432.6		800		25.0		60.5
476001	41.8		10.4		4.0		433.2		800		25.0		61.0
476509	41.3		10.4		4.0		428.6		800		25.0		60.5
477017	41.5		10.4		4.0		430.1		800		25.0		60.0
477525	41.6		10.4		4.0		431.7		800		25.0		59.5
478033	41.9		10.4		4.0		434.7		800		25.0		59.0
478541	41.6		10.4		4.0		432.0		800		25.0		59.5
479049	41.5		10.4		4.0		430.1		800		25.0		59.0
479557	41.2		10.4		4.0		427.1		800		25.0		59.5
480065	41.6		10.4		4.0		431.4		800		25.0		60.0
480573	41.8		10.4		4.0		433.2		800		25.0		60.5