tiempo[ms]V_Panel[V]	I_Panel[A]	R_Carga[Ohms]	P_Panel[W]	G[W/m2]	T[°C]	Load[%]
538	42.9		9.9		4.3		424.9		800		25.0		52.0
2037	43.4		9.9		4.4		429.9		800		25.0		52.5
2545	43.2		9.9		4.4		429.4		800		25.0		52.0
3053	42.9		9.9		4.3		425.5		800		25.0		52.5
3561	43.1		9.9		4.3		427.3		800		25.0		53.0
4069	42.6		9.9		4.3		422.3		800		25.0		52.5
4577	42.5		9.9		4.3		421.2		800		25.0		53.0
5085	43.4		9.9		4.4		430.2		800		25.0		53.5
5593	43.5		9.9		4.4		431.0		800		25.0		54.0
6101	42.8		9.9		4.3		424.7		800		25.0		53.5
6609	43.4		9.9		4.4		429.9		800		25.0		53.0
7117	43.2		9.9		4.4		429.1		800		25.0		53.5
7625	43.4		9.9		4.4		430.5		800		25.0		54.0
8133	43.2		9.9		4.4		428.1		800		25.0		53.5
8641	42.9		9.9		4.3		425.2		800		25.0		54.0
9149	43.2		9.9		4.3		429.7		800		25.0		54.5
9657	43.4		9.9		4.4		430.2		800		25.0		55.0
10165	43.7		9.9		4.4		433.1		800		25.0		55.5
10673	42.9		9.9		4.3		425.5		800		25.0		55.0
11181	43.4		9.9		4.4		430.5		800		25.0		54.5
11689	42.3		9.9		4.3		419.7		800		25.0		55.0
12197	42.8		9.9		4.3		425.0		800		25.0		55.5
12705	43.5		9.9		4.4		432.3		800		25.0		56.0
13213	42.9		9.9		4.3		426.2		800		25.0		55.5
13721	44.8		9.9		4.5		444.7		800		25.0		55.0
14229	43.4		9.9		4.4		429.6		800		25.0		55.5
14737	43.5		9.9		4.4		431.3		800		25.0		56.0
15245	43.1		9.9		4.3		427.3		800		25.0		55.5
15753	43.1		9.9		4.3		427.5		800		25.0		55.0
16261	43.7		9.9		4.4		433.1		800		25.0		54.5
16769	44.1		9.9		4.4		437.8		800		25.0		54.0
17277	43.5		9.9		4.4		430.7		800		25.0		54.5
17785	42.9		9.9		4.3		426.8		800		25.0		54.0
18293	43.1		10.0		4.3		428.9		800		25.0		53.5
18801	42.8		9.9		4.3		423.8		800		25.0		54.0
19309	42.6		9.9		4.3		423.6		800		25.0		53.5
19817	42.8		9.9		4.3		424.4		800		25.0		53.0
20325	42.8		9.9		4.3		423.8		800		25.0		53.5
20833	42.5		9.9		4.3		420.9		800		25.0		53.0
21341	42.6		9.9		4.3		422.9		800		25.0		52.5
21849	43.2		9.9		4.4		428.1		800		25.0		52.0
22357	42.5		9.9		4.3		421.5		800		25.0		52.5
22865	44.0		9.9		4.4		434.7		800		25.0		53.0
23373	44.1		9.9		4.4		437.5		800		25.0		53.5
23881	43.2		9.9		4.4		428.8		800		25.0		53.0
24389	42.9		9.9		4.3		425.5		800		25.0		53.5
24897	43.5		9.9		4.4		430.7		800		25.0		54.0
25405	44.1		9.9		4.4		438.4		800		25.0		54.5
25913	43.1		9.9		4.3		427.3		800		25.0		54.0
26421	43.1		9.9		4.3		427.0		800		25.0		54.5
26929	43.4		9.9		4.4		429.6		800		25.0		55.0
27437	41.5		9.9		4.2		411.0		800		25.0		54.5
27945	42.5		9.9		4.3		422.1		800		25.0		54.0
28453	43.7		9.9		4.4		433.0		800		25.0		53.5
28961	43.4		9.9		4.4		430.5		800		25.0		54.0
29469	43.1		9.9		4.3		427.6		800		25.0		53.5
29977	42.9		9.9		4.3		424.3		800		25.0		54.0
30485	42.5		9.9		4.3		420.6		800		25.0		53.5
30993	42.8		9.9		4.3		424.7		800		25.0		53.0
31501	41.9		9.9		4.2		415.7		800		25.0		53.5
32009	42.8		9.9		4.3		424.1		800		25.0		54.0
32517	42.6		9.9		4.3		422.9		800		25.0		53.5
33025	42.6		9.9		4.3		422.9		800		25.0		53.0
33533	42.9		9.9		4.3		425.5		800		25.0		52.5
34041	43.1		9.9		4.3		427.0		800		25.0		52.0
34549	42.5		9.9		4.3		421.5		800		25.0		52.5
35057	43.2		9.9		4.4		428.8		800		25.0		53.0
35565	42.5		9.9		4.3		420.9		800		25.0		52.5
36073	42.9		9.9		4.3		426.2		800		25.0		52.0
36581	42.1		9.9		4.2		417.1		800		25.0		52.5
37089	42.6		9.9		4.3		423.6		800		25.0		53.0
37597	43.4		9.9		4.4		429.3		800		25.0		53.5
38105	42.9		9.9		4.3		425.8		800		25.0		53.0
38613	42.2		9.9		4.3		417.3		800		25.0		53.5
39121	43.4		9.9		4.4		430.8		800		25.0		54.0
39629	43.4		9.9		4.4		429.6		800		25.0		53.5
40137	43.7		9.9		4.4		433.1		800		25.0		53.0
40645	41.9		9.9		4.2		416.3		800		25.0		53.5
41153	42.5		9.9		4.3		420.6		800		25.0		54.0
41661	42.3		9.9		4.3		418.8		800		25.0		53.5
42169	42.8		9.9		4.3		424.1		800		25.0		53.0
42677	41.9		9.9		4.2		415.4		800		25.0		53.5
43185	43.1		9.9		4.3		426.7		800		25.0		54.0
43693	42.9		9.9		4.3		425.8		800		25.0		53.5
44201	42.8		9.9		4.3		423.8		800		25.0		54.0
44709	42.3		9.9		4.3		419.4		800		25.0		53.5
45217	42.1		9.9		4.2		416.8		800		25.0		54.0
45725	43.2		9.9		4.4		428.4		800		25.0		54.5
46233	42.8		9.9		4.3		424.1		800		25.0		54.0
46741	42.2		9.9		4.3		417.3		800		25.0		54.5
47249	42.3		9.9		4.3		419.7		800		25.0		55.0
47757	42.2		9.9		4.3		418.6		800		25.0		54.5
48265	43.2		9.9		4.4		427.8		800		25.0		54.0
48773	42.6		9.9		4.3		423.3		800		25.0		54.5
49281	43.1		9.9		4.3		427.0		800		25.0		55.0
49789	43.1		9.9		4.3		426.7		800		25.0		54.5
50297	41.3		9.9		4.2		409.6		800		25.0		55.0
50805	43.1		9.9		4.4		425.7		800		25.0		55.5
51313	43.1		9.9		4.3		426.7		800		25.0		56.0
51821	43.2		9.9		4.4		428.4		800		25.0		56.5
52329	42.5		9.9		4.3		421.2		800		25.0		56.0
52837	42.8		9.9		4.3		424.1		800		25.0		55.5
53345	42.3		9.9		4.3		419.1		800		25.0		56.0
53853	41.9		9.9		4.2		415.9		800		25.0		55.5
54361	43.4		9.9		4.4		428.9		800		25.0		55.0
54869	42.8		9.9		4.3		424.7		800		25.0		55.5
55377	42.1		9.9		4.2		416.5		800		25.0		55.0
55885	41.9		9.9		4.2		416.0		800		25.0		55.5
56393	42.3		9.9		4.3		419.1		800		25.0		56.0
56901	42.1		9.9		4.2		416.8		800		25.0		55.5
57409	42.8		9.9		4.3		424.4		800		25.0		55.0
57917	42.5		9.9		4.3		419.3		800		25.0		55.5
58425	41.6		9.9		4.2		412.2		800		25.0		55.0
58933	42.6		9.9		4.3		422.0		800		25.0		54.5
59441	42.9		9.9		4.3		425.2		800		25.0		54.0
59949	42.3		9.9		4.3		419.7		800		25.0		54.5
60457	43.2		9.9		4.4		428.4		800		25.0		55.0
60965	42.8		9.9		4.3		423.5		800		25.0		54.5
61473	42.6		9.9		4.3		422.3		800		25.0		55.0
61981	43.2		9.9		4.4		427.8		800		25.0		55.5
62489	42.1		9.9		4.2		416.2		800		25.0		55.0
62997	42.5		9.9		4.3		421.5		800		25.0		54.5
63505	41.8		9.9		4.2		413.3		800		25.0		55.0
64013	42.8		9.9		4.3		423.5		800		25.0		55.5
64521	42.3		9.9		4.3		420.3		800		25.0		55.0
65029	42.2		9.9		4.3		418.0		800		25.0		55.5
65537	42.9		9.9		4.3		425.5		800		25.0		56.0
66045	42.3		9.9		4.3		420.0		800		25.0		55.5
66553	42.6		9.9		4.3		421.7		800		25.0		55.0
67061	42.3		9.9		4.3		418.8		800		25.0		55.5
67569	41.3		9.9		4.2		409.3		800		25.0		55.0
68077	42.2		9.9		4.3		418.0		800		25.0		54.5
68585	42.5		9.9		4.3		421.5		800		25.0		54.0
69093	42.2		9.9		4.3		417.3		800		25.0		54.5
69601	42.5		9.9		4.3		421.2		800		25.0		55.0
70109	42.3		9.9		4.3		418.8		800		25.0		54.5
70617	42.1		9.9		4.3		415.9		800		25.0		55.0
71125	42.5		9.9		4.3		421.2		800		25.0		55.5
71633	42.5		9.9		4.3		420.2		800		25.0		55.0
72141	42.3		9.9		4.3		418.5		800		25.0		55.5
72649	41.8		9.9		4.2		413.3		800		25.0		55.0
73157	41.9		9.9		4.2		415.7		800		25.0		54.5
73665	42.2		9.9		4.3		417.0		800		25.0		54.0
74173	42.6		9.9		4.3		422.0		800		25.0		53.5
74681	41.9		9.9		4.2		414.7		800		25.0		54.0
75189	42.9		9.9		4.3		425.2		800		25.0		54.5
75697	42.5		9.9		4.3		421.2		800		25.0		54.0
76205	42.5		9.9		4.3		421.2		800		25.0		53.5
76713	41.9		9.9		4.2		415.4		800		25.0		54.0
77221	42.1		9.9		4.2		416.8		800		25.0		54.5
77729	42.5		9.9		4.3		420.2		800		25.0		55.0
78237	42.9		9.9		4.3		424.9		800		25.0		55.5
78745	42.5		9.9		4.3		421.2		800		25.0		55.0
79253	42.1		9.9		4.2		416.5		800		25.0		55.5
79761	41.3		9.9		4.2		409.3		800		25.0		55.0
80269	42.1		9.9		4.3		415.3		800		25.0		54.5
80777	42.3		9.9		4.3		419.4		800		25.0		54.0
81285	42.5		9.9		4.3		420.6		800		25.0		53.5
81793	42.2		9.9		4.3		418.6		800		25.0		54.0
82301	42.6		9.9		4.3		422.3		800		25.0		54.5
82809	43.1		9.9		4.4		426.0		800		25.0		55.0
83317	42.9		9.9		4.3		424.9		800		25.0		54.5
83825	42.5		9.9		4.3		421.2		800		25.0		55.0
84333	42.5		9.9		4.3		421.8		800		25.0		55.5
84841	42.3		9.9		4.3		419.1		800		25.0		55.0
85349	41.8		9.9		4.2		413.6		800		25.0		55.5
85857	42.2		9.9		4.3		417.0		800		25.0		56.0
86365	42.6		9.9		4.3		422.0		800		25.0		56.5
86873	42.8		9.9		4.3		424.1		800		25.0		57.0
87381	42.6		9.9		4.3		421.7		800		25.0		56.5
87889	42.5		9.9		4.3		421.2		800		25.0		57.0
88397	42.3		9.9		4.3		419.7		800		25.0		56.5
88905	42.5		9.9		4.3		420.9		800		25.0		56.0
89413	43.2		9.9		4.4		428.4		800		25.0		55.5
89921	41.9		9.9		4.2		414.7		800		25.0		56.0
90429	43.1		9.9		4.4		425.4		800		25.0		56.5
90937	42.6		9.9		4.3		422.0		800		25.0		56.0
91445	42.6		9.9		4.3		421.7		800		25.0		56.5
91953	41.9		9.9		4.2		414.7		800		25.0		56.0
92461	42.1		9.9		4.2		416.2		800		25.0		55.5
92969	41.6		9.9		4.2		412.8		800		25.0		56.0
93477	41.8		9.9		4.2		413.0		800		25.0		56.5
93985	41.9		9.9		4.2		414.7		800		25.0		57.0
94493	42.5		9.9		4.3		420.9		800		25.0		57.5
95001	41.9		9.9		4.2		414.1		800		25.0		57.0
95509	42.6		9.9		4.3		421.7		800		25.0		56.5
96017	42.3		9.9		4.3		418.5		800		25.0		57.0
96525	42.8		9.9		4.3		423.8		800		25.0		57.5
97033	41.8		9.9		4.2		413.6		800		25.0		57.0
97541	42.9		9.9		4.3		424.9		800		25.0		56.5
98049	42.5		9.9		4.3		420.6		800		25.0		57.0
98557	42.8		9.9		4.3		422.8		800		25.0		57.5
99065	42.5		9.9		4.3		420.2		800		25.0		57.0
99573	41.2		9.9		4.2		407.2		800		25.0		57.5
100081	42.6		9.9		4.3		422.0		800		25.0		58.0
100589	42.2		9.9		4.3		417.0		800		25.0		57.5
101097	41.8		9.9		4.2		413.9		800		25.0		58.0
101605	42.1		9.9		4.3		415.3		800		25.0		58.5
102113	42.6		9.9		4.3		422.0		800		25.0		59.0
102621	42.3		9.9		4.3		419.1		800		25.0		58.5
103129	43.1		9.9		4.4		425.7		800		25.0		58.0
103637	42.1		9.9		4.2		416.8		800		25.0		58.5
104145	42.6		9.9		4.3		421.7		800		25.0		59.0
104653	41.9		9.9		4.2		414.7		800		25.0		58.5
105161	41.9		9.9		4.2		414.1		800		25.0		59.0
105669	42.3		9.9		4.3		419.4		800		25.0		59.5
106177	42.6		9.9		4.3		421.7		800		25.0		60.0
106685	42.8		9.9		4.3		424.4		800		25.0		60.5
107193	41.6		9.9		4.2		411.5		800		25.0		60.0
107701	41.9		9.9		4.2		414.7		800		25.0		59.5
108209	42.8		9.9		4.3		422.8		800		25.0		59.0
108717	42.6		9.9		4.3		422.6		800		25.0		59.5
109225	42.8		9.9		4.3		423.5		800		25.0		60.0
109733	42.1		9.9		4.2		416.2		800		25.0		59.5
110241	42.3		9.9		4.3		419.7		800		25.0		59.0
110749	41.6		9.9		4.2		411.2		800		25.0		59.5
111257	42.6		9.9		4.3		422.6		800		25.0		60.0
111765	41.6		9.9		4.2		412.2		800		25.0		59.5
112273	43.2		9.9		4.4		428.1		800		25.0		59.0
112781	41.5		9.9		4.2		410.4		800		25.0		59.5
113289	42.9		9.9		4.3		425.5		800		25.0		60.0
113797	42.3		9.9		4.3		419.1		800		25.0		59.5
114305	41.6		9.9		4.2		411.8		800		25.0		60.0
114813	41.5		9.9		4.2		410.4		800		25.0		59.5
115321	42.2		9.9		4.3		418.6		800		25.0		59.0
115829	42.8		9.9		4.3		424.1		800		25.0		58.5
116337	42.5		9.9		4.3		419.6		800		25.0		59.0
116845	41.6		9.9		4.2		412.8		800		25.0		58.5
117353	42.1		9.9		4.2		416.5		800		25.0		58.0
117861	42.1		9.9		4.2		416.2		800		25.0		58.5
118369	42.5		9.9		4.3		420.6		800		25.0		59.0
118877	42.3		9.9		4.3		418.8		800		25.0		58.5
119385	41.8		9.9		4.2		413.6		800		25.0		59.0
119893	41.8		9.9		4.2		413.9		800		25.0		59.5
120401	42.5		9.9		4.3		419.9		800		25.0		60.0
120909	43.1		9.9		4.4		424.8		799		25.0		60.5
121417	42.5		9.9		4.3		419.0		796		25.0		60.0
121925	42.6		9.7		4.4		412.3		782		25.0		60.5
122433	42.2		9.5		4.4		401.3		768		25.0		60.0
122941	42.1		9.3		4.5		392.5		754		25.0		60.5
123449	41.6		9.1		4.6		380.1		739		25.0		60.0
123957	42.3		8.9		4.7		378.2		723		25.0		60.5
124465	42.9		8.8		4.9		376.5		709		25.0		60.0
124973	42.1		8.6		4.9		360.4		695		25.0		60.5
125481	42.6		8.4		5.1		358.9		680		25.0		60.0
125989	41.6		8.2		5.0		343.0		665		25.0		60.5
126497	42.8		8.0		5.3		343.8		651		25.0		61.0
127005	42.3		7.9		5.4		332.9		635		25.0		60.5
127513	42.8		7.7		5.6		328.5		621		25.0		61.0
128021	42.5		7.5		5.7		318.1		606		25.0		60.5
128529	41.9		7.3		5.7		307.6		592		25.0		61.0
129037	42.3		7.1		5.9		302.5		577		25.0		60.5
129545	42.5		7.0		6.1		296.0		563		25.0		61.0
130053	42.9		6.8		6.3		290.9		547		25.0		60.5
130561	42.9		6.6		6.5		283.7		532		25.0		61.0
131069	42.3		6.4		6.6		271.1		518		25.0		60.5
131577	42.5		6.2		6.8		264.0		503		25.0		61.0
132085	42.2		6.1		7.0		256.0		489		25.0		60.5
132593	43.1		5.9		7.3		253.1		474		25.0		61.0
133101	42.5		5.7		7.5		241.9		460		25.0		60.5
133609	42.9		5.5		7.8		236.5		444		25.0		61.0
134117	42.6		5.3		8.0		226.5		429		25.0		60.5
134625	42.5		5.1		8.3		218.5		415		25.0		61.0
135133	42.3		5.0		8.6		209.7		400		25.0		60.5
135641	42.6		4.9		8.6		210.8		400		25.0		60.0
136149	42.6		5.0		8.6		211.8		400		25.0		59.5
136657	42.3		5.0		8.5		210.9		400		25.0		60.0
137165	43.2		5.0		8.7		214.4		400		25.0		60.5
137673	42.8		4.9		8.7		211.6		400		25.0		60.0
138181	42.5		5.0		8.6		210.4		400		25.0		60.5
138689	42.2		5.0		8.5		209.0		400		25.0		60.0
139197	42.2		5.0		8.5		209.3		400		25.0		59.5
139705	41.9		4.9		8.5		206.6		400		25.0		60.0
140213	42.5		4.9		8.6		210.1		400		25.0		60.5
140721	42.8		4.9		8.7		211.6		400		25.0		61.0
141229	42.3		4.9		8.6		208.2		400		25.0		60.5
141737	42.1		4.9		8.5		207.6		400		25.0		61.0
142245	42.3		5.0		8.5		210.3		400		25.0		61.5
142753	42.6		4.9		8.6		210.8		400		25.0		62.0
143261	42.8		5.0		8.6		212.8		400		25.0		62.5
143769	42.5		4.9		8.6		209.8		400		25.0		62.0
144277	42.8		5.0		8.6		212.5		400		25.0		61.5
144785	42.2		4.9		8.5		208.7		400		25.0		62.0
145293	41.8		5.0		8.4		207.7		400		25.0		61.5
145801	42.8		5.0		8.6		212.8		400		25.0		61.0
146309	42.5		5.0		8.6		210.4		400		25.0		61.5
146817	42.9		5.0		8.6		213.2		400		25.0		62.0
147325	42.1		5.0		8.5		208.6		400		25.0		61.5
147833	42.9		5.0		8.7		212.6		400		25.0		61.0
148341	42.2		5.0		8.5		209.3		400		25.0		61.5
148849	42.8		4.9		8.7		211.6		400		25.0		62.0
149357	42.8		4.9		8.7		211.6		400		25.0		62.5
149865	41.0		5.0		8.3		203.5		400		25.0		62.0
150373	43.7		5.0		8.8		216.2		400		25.0		61.5
150881	41.9		5.0		8.4		207.8		400		25.0		62.0
151389	42.1		4.9		8.5		207.6		400		25.0		61.5
151897	42.6		5.0		8.6		211.2		400		25.0		61.0
152405	42.1		5.0		8.5		208.3		400		25.0		61.5
152913	42.1		4.9		8.5		207.9		400		25.0		61.0
153421	43.5		5.0		8.8		215.5		400		25.0		60.5
153929	42.9		5.0		8.7		212.9		400		25.0		61.0
154437	42.3		5.0		8.5		210.3		400		25.0		60.5
154945	42.9		5.0		8.7		212.9		400		25.0		60.0
155453	42.5		5.0		8.6		210.7		400		25.0		60.5
155961	42.9		5.0		8.7		212.6		400		25.0		61.0
156469	42.8		5.0		8.6		213.1		400		25.0		61.5
156977	43.1		5.0		8.7		214.3		400		25.0		62.0
157485	42.2		4.9		8.5		208.7		400		25.0		61.5
157993	42.3		5.0		8.6		209.7		400		25.0		61.0
158501	42.9		5.0		8.7		212.6		400		25.0		60.5
159009	42.9		5.0		8.7		212.9		400		25.0		60.0
159517	43.4		5.0		8.7		215.7		400		25.0		59.5
160025	42.8		5.0		8.6		212.2		400		25.0		60.0
160533	42.9		5.0		8.7		212.6		400		25.0		60.5
161041	43.2		5.0		8.7		215.0		400		25.0		61.0
161549	42.5		4.9		8.6		210.1		400		25.0		60.5
162057	42.5		5.0		8.6		211.1		400		25.0		60.0
162565	43.1		5.0		8.7		213.6		400		25.0		59.5
163073	43.7		5.0		8.8		216.9		400		25.0		59.0
163581	42.8		5.0		8.6		211.9		400		25.0		59.5
164089	42.5		5.0		8.5		211.7		400		25.0		59.0
164597	42.3		5.0		8.5		210.0		400		25.0		59.5
165105	42.8		5.0		8.6		211.9		400		25.0		60.0
165613	42.9		5.0		8.6		213.2		400		25.0		60.5
166121	43.1		4.9		8.7		213.0		400		25.0		60.0
166629	42.3		5.0		8.5		210.6		400		25.0		60.5
167137	42.8		5.0		8.6		212.2		400		25.0		61.0
167645	42.9		4.9		8.7		212.0		400		25.0		60.5
168153	42.5		5.0		8.5		211.2		400		25.0		61.0
168661	43.1		4.9		8.7		213.0		400		25.0		61.5
169169	42.9		5.0		8.6		213.2		400		25.0		62.0
169677	42.1		5.0		8.5		208.9		400		25.0		61.5
170185	42.8		5.0		8.6		212.5		400		25.0		61.0
170693	43.2		5.0		8.7		215.6		400		25.0		60.5
171201	43.1		5.0		8.6		215.2		401		25.0		61.0
171709	43.1		5.1		8.5		218.4		406		25.0		61.5
172217	43.4		5.2		8.3		227.2		420		25.0		62.0
172725	43.1		5.4		8.0		232.9		435		25.0		62.5
173233	42.8		5.6		7.6		239.5		450		25.0		63.0
173741	43.5		5.8		7.6		250.6		464		25.0		63.5
174249	43.5		5.9		7.3		258.5		479		25.0		64.0
174757	44.1		6.1		7.2		270.8		494		25.0		64.5
175265	42.2		6.3		6.7		266.2		509		25.0		64.0
175773	42.6		6.5		6.6		276.1		523		25.0		63.5
176281	43.5		6.7		6.5		290.7		538		25.0		63.0
176789	42.8		6.9		6.2		293.4		552		25.0		62.5
177297	42.9		7.0		6.1		301.6		566		25.0		62.0
177805	42.8		7.2		5.9		309.0		583		25.0		61.5
178313	42.6		7.4		5.8		316.1		597		25.0		61.0
178821	42.8		7.6		5.6		324.4		612		25.0		60.5
179329	43.4		7.8		5.6		337.1		626		25.0		60.0
179837	43.4		7.9		5.5		344.7		641		25.0		59.5
180345	43.1		8.1		5.3		350.3		655		25.0		59.0
180853	43.5		8.3		5.2		361.7		671		25.0		58.5
181361	41.9		8.5		4.9		357.0		686		25.0		59.0
181869	42.3		8.7		4.9		367.9		700		25.0		59.5
182377	43.8		8.8		5.0		387.7		714		25.0		60.0
182885	43.7		9.0		4.8		394.7		728		25.0		60.5
183393	42.6		9.2		4.6		393.6		743		25.0		60.0
183901	42.5		9.4		4.5		399.1		758		25.0		59.5
184409	43.2		9.6		4.5		415.1		774		25.0		59.0
184917	42.8		9.8		4.4		418.1		788		25.0		58.5
185425	42.8		9.9		4.3		425.0		802		25.0		58.0
185933	42.2		10.0		4.2		420.7		802		25.0		58.5
186441	42.5		9.9		4.3		421.2		800		25.0		59.0
186949	43.5		9.9		4.4		431.7		800		25.0		59.5
187457	43.5		9.9		4.4		432.0		800		25.0		60.0
187965	44.0		9.9		4.4		436.0		800		25.0		60.5
188473	43.7		9.9		4.4		433.4		800		25.0		60.0
188981	42.8		9.9		4.3		424.4		800		25.0		60.5
189489	43.1		9.9		4.3		428.2		800		25.0		61.0
189997	42.8		9.9		4.3		425.0		800		25.0		60.5
190505	42.9		9.9		4.3		425.5		800		25.0		60.0
191013	42.1		9.9		4.2		417.7		800		25.0		60.5
191521	43.8		9.9		4.4		434.2		800		25.0		61.0
192029	42.8		9.9		4.3		424.4		800		25.0		60.5
192537	43.4		9.9		4.4		430.5		800		25.0		60.0
193045	43.2		9.9		4.4		429.4		800		25.0		60.5
193553	42.6		9.9		4.3		423.0		800		25.0		60.0
194061	43.4		9.9		4.4		429.9		800		25.0		59.5
194569	42.8		9.9		4.3		425.3		800		25.0		60.0
195077	43.8		9.9		4.4		435.5		800		25.0		60.5
195585	43.1		9.9		4.3		427.6		800		25.0		60.0
196093	43.1		9.9		4.3		427.0		800		25.0		60.5
196601	43.1		9.9		4.3		427.6		800		25.0		61.0
197109	43.7		9.9		4.4		432.8		800		25.0		61.5
197617	43.4		9.9		4.4		430.2		800		25.0		61.0
198125	44.0		9.9		4.4		436.3		800		25.0		60.5
198633	43.5		9.9		4.4		431.0		800		25.0		61.0
199141	43.7		9.9		4.4		432.8		800		25.0		61.5
199649	43.4		9.9		4.4		430.5		800		25.0		61.0
200157	43.1		9.9		4.3		427.9		800		25.0		61.5
200665	42.8		9.9		4.3		424.7		800		25.0		61.0
201173	43.2		9.9		4.4		428.8		800		25.0		60.5
201681	43.2		9.9		4.4		428.1		800		25.0		61.0
202189	43.1		9.9		4.3		426.7		800		25.0		60.5
202697	43.4		9.9		4.4		430.5		800		25.0		60.0
203205	43.8		9.9		4.4		434.9		800		25.0		59.5
203713	43.2		9.9		4.4		428.8		800		25.0		60.0
204221	42.6		9.9		4.3		422.3		800		25.0		59.5
204729	43.4		9.9		4.4		430.8		800		25.0		59.0
205237	43.8		9.9		4.4		433.9		800		25.0		58.5
205745	43.1		9.9		4.3		427.9		800		25.0		59.0
206253	43.5		9.9		4.4		431.9		800		25.0		59.5
206761	43.4		9.9		4.4		430.2		800		25.0		59.0
207269	42.6		9.9		4.3		422.9		800		25.0		59.5
207777	43.2		9.9		4.4		429.1		800		25.0		60.0
208285	42.8		9.9		4.3		425.0		800		25.0		59.5
208793	44.7		9.9		4.5		443.9		800		25.0		59.0
209301	42.9		9.9		4.3		427.1		800		25.0		59.5
209809	44.2		9.9		4.5		439.6		800		25.0		60.0
210317	44.2		9.9		4.5		439.2		800		25.0		59.5
210825	43.1		9.9		4.3		427.9		800		25.0		60.0
211333	44.2		9.9		4.5		439.2		800		25.0		60.5
211841	44.0		9.9		4.4		436.7		800		25.0		60.0
212349	43.8		9.9		4.4		434.9		800		25.0		60.5
212857	43.7		9.9		4.4		433.8		800		25.0		60.0
213365	44.4		9.9		4.5		440.4		800		25.0		59.5
213873	43.8		9.9		4.4		434.6		800		25.0		60.0
214381	44.1		9.9		4.4		437.5		800		25.0		60.5
214889	44.5		9.9		4.5		441.8		800		25.0		61.0
215397	42.6		9.9		4.3		423.3		800		25.0		60.5
215905	43.1		9.9		4.3		427.9		800		25.0		60.0
216413	43.4		9.9		4.4		430.8		800		25.0		59.5
216921	43.5		9.9		4.4		432.9		800		25.0		59.0
217429	43.7		9.9		4.4		434.4		800		25.0		58.5
217937	43.4		9.9		4.4		430.5		800		25.0		59.0
218445	44.0		9.9		4.4		436.0		800		25.0		59.5
218953	43.8		9.9		4.4		435.5		800		25.0		59.0
219461	43.8		9.9		4.4		435.5		800		25.0		58.5
219969	43.7		9.9		4.4		433.8		800		25.0		59.0
220477	44.1		9.9		4.4		438.1		800		25.0		59.5
220985	43.4		9.9		4.4		430.2		799		25.0		59.0
221493	44.7		9.9		4.5		442.6		799		25.0		58.5
222001	42.6		9.8		4.4		417.3		788		25.0		60.5
222509	43.5		9.6		4.5		417.3		772		25.0		60.0
223017	43.2		9.4		4.6		407.9		759		25.0		60.5
223525	44.0		9.3		4.7		407.0		744		25.0		60.0
224033	43.5		9.0		4.8		393.7		729		25.0		60.5
224541	43.8		8.9		4.9		388.3		715		25.0		60.0
225049	43.8		8.7		5.0		381.6		700		25.0		60.5
225557	42.8		8.5		5.0		363.0		685		25.0		60.0
226065	43.5		8.3		5.2		360.9		670		25.0		60.5
226573	44.0		8.2		5.4		358.4		656		25.0		60.0
227081	43.8		8.0		5.5		348.9		641		25.0		60.5
227589	43.8		7.8		5.6		340.8		626		25.0		60.0
228097	43.8		7.6		5.8		332.8		612		25.0		60.5
228605	43.5		7.4		5.9		322.3		596		25.0		60.0
229113	44.4		7.2		6.1		320.7		581		25.0		60.5
229621	43.2		7.1		6.1		304.9		567		25.0		60.0
230129	43.7		6.9		6.4		299.7		553		25.0		60.5
230637	44.4		6.7		6.6		296.9		538		25.0		60.0
231145	44.1		6.5		6.8		287.6		524		25.0		60.5
231653	44.1		6.3		7.0		279.6		508		25.0		60.0
232161	42.9		6.1		7.0		262.6		493		25.0		60.5
232669	44.2		5.9		7.5		262.6		479		25.0		60.0
233177	44.1		5.8		7.6		256.2		464		25.0		60.5
233685	44.4		5.6		7.9		248.8		450		25.0		60.0
234193	43.8		5.4		8.1		237.2		435		25.0		60.5
234701	43.4		5.2		8.3		226.2		421		25.0		60.0
235209	43.7		5.0		8.7		219.8		405		25.0		60.5
235717	43.2		4.9		8.9		210.9		391		25.0		60.0
236225	43.4		4.7		9.3		203.3		376		25.0		60.5
236733	42.9		4.5		9.6		192.8		361		25.0		60.0
237241	43.8		4.3		10.1		189.7		347		25.0		60.5
237749	44.1		4.1		10.6		182.9		332		25.0		60.0
238257	42.5		3.9		10.8		167.8		317		25.0		60.5
238765	43.1		3.8		11.4		163.5		302		25.0		60.0
239273	42.9		3.7		11.6		158.5		295		25.0		60.5
239781	42.6		3.7		11.5		158.1		296		25.0		60.0
240289	42.6		3.7		11.4		159.3		299		25.0		59.5
240797	43.2		3.8		11.5		162.8		301		25.0		59.0
241305	44.0		3.8		11.7		164.9		300		25.0		58.5
241813	43.1		3.7		11.5		160.9		300		25.0		59.0
242321	43.7		3.7		11.7		163.5		300		25.0		59.5
242829	44.5		3.7		11.9		166.7		300		25.0		60.0
243337	43.8		3.7		11.7		163.7		300		25.0		59.5
243845	43.5		3.7		11.6		162.9		300		25.0		60.0
244353	43.8		3.8		11.7		164.3		300		25.0		60.5
244861	43.8		3.7		11.7		163.7		300		25.0		60.0
245369	44.0		3.8		11.7		164.9		300		25.0		59.5
245877	43.2		3.7		11.5		161.8		300		25.0		60.0
246385	43.5		3.7		11.6		162.6		300		25.0		60.5
246893	42.6		3.8		11.4		159.9		300		25.0		60.0
247401	44.0		3.8		11.7		164.9		300		25.0		59.5
247909	43.4		3.7		11.6		162.4		300		25.0		60.0
248417	43.4		3.8		11.5		163.0		300		25.0		60.5
248925	43.5		3.8		11.6		163.9		300		25.0		61.0
249433	43.2		3.7		11.6		161.5		300		25.0		60.5
249941	44.0		3.8		11.7		164.9		300		25.0		60.0
250449	44.4		3.8		11.8		166.5		300		25.0		59.5
250957	44.1		3.8		11.8		165.4		300		25.0		60.0
251465	44.0		3.8		11.7		165.2		300		25.0		59.5
251973	44.2		3.8		11.8		166.0		300		25.0		59.0
252481	44.2		3.7		11.8		165.7		300		25.0		59.5
252989	44.2		3.8		11.8		166.3		300		25.0		60.0
253497	44.0		3.8		11.7		164.9		300		25.0		59.5
254005	43.2		3.8		11.5		162.4		300		25.0		60.0
254513	43.8		3.7		11.7		163.4		300		25.0		60.5
255021	44.1		3.8		11.8		165.4		300		25.0		61.0
255529	43.8		3.7		11.7		163.7		300		25.0		60.5
256037	43.2		3.7		11.6		161.2		300		25.0		61.0
256545	43.8		3.8		11.7		164.3		300		25.0		61.5
257053	43.1		3.7		11.5		160.9		300		25.0		61.0
257561	43.2		3.7		11.6		161.2		300		25.0		60.5
258069	44.1		3.7		11.8		164.8		300		25.0		60.0
258577	42.2		3.7		11.3		158.0		300		25.0		60.5
259085	43.2		3.8		11.5		162.8		300		25.0		61.0
259593	44.0		3.7		11.8		164.2		300		25.0		61.5
260101	43.4		3.7		11.6		162.0		300		25.0		61.0
260609	44.0		3.7		11.7		164.6		300		25.0		60.5
261117	43.5		3.8		11.6		163.5		300		25.0		61.0
261625	43.7		3.8		11.6		163.8		300		25.0		61.5
262133	44.0		3.8		11.7		165.2		300		25.0		62.0
262641	42.8		3.8		11.4		160.8		300		25.0		61.5
263149	44.0		3.7		11.8		164.2		300		25.0		61.0
263657	44.2		3.7		11.8		165.7		300		25.0		60.5
264165	43.5		3.7		11.7		162.3		300		25.0		61.0
264673	43.4		3.8		11.6		162.7		300		25.0		61.5
265181	43.7		3.7		11.7		162.5		300		25.0		61.0
265689	44.1		3.7		11.8		164.5		300		25.0		60.5
266197	43.5		3.8		11.6		163.5		300		25.0		61.0
266705	44.2		3.7		11.8		165.7		300		25.0		61.5
267213	43.7		3.8		11.6		163.8		300		25.0		61.0
267721	43.4		3.8		11.5		163.3		300		25.0		61.5
268229	43.8		3.8		11.7		164.3		300		25.0		62.0
268737	43.4		3.8		11.6		162.7		300		25.0		61.5
269245	44.2		3.7		11.8		165.7		300		25.0		61.0
269753	43.7		3.7		11.7		162.8		300		25.0		61.5
270261	44.2		3.7		11.9		165.0		300		25.0		62.0
270769	44.4		3.8		11.8		166.5		300		25.0		62.5
271277	44.7		3.8		11.9		168.0		300		25.0		63.0
271785	42.9		3.8		11.4		161.3		300		25.0		62.5
272293	44.2		3.7		11.8		165.7		300		25.0		62.0
272801	43.5		3.7		11.6		162.9		300		25.0		62.5
273309	43.7		3.8		11.6		164.4		300		25.0		63.0
273817	43.2		3.7		11.6		161.5		300		25.0		62.5
274325	44.0		3.8		11.7		165.5		300		25.0		62.0
274833	43.8		3.7		11.8		163.0		300		25.0		62.5
275341	43.8		3.7		11.8		163.0		300		25.0		63.0
275849	43.4		3.8		11.6		162.7		300		25.0		62.5
276357	42.5		3.7		11.4		159.1		300		25.0		63.0
276865	43.7		3.8		11.6		163.8		300		25.0		63.5
277373	42.9		3.7		11.5		160.4		300		25.0		63.0
277881	43.7		3.7		11.7		163.1		300		25.0		62.5
278389	42.9		3.8		11.4		161.0		300		25.0		63.0
278897	42.9		3.7		11.5		160.4		300		25.0		62.5
279405	44.1		3.7		11.9		164.1		300		25.0		62.0
279913	43.1		3.8		11.5		161.6		300		25.0		62.5
280421	44.0		3.7		11.8		164.2		300		25.0		63.0
280929	42.6		3.8		11.3		160.2		301		25.0		62.5
281437	44.2		3.8		11.8		166.6		301		25.0		62.0
281945	42.8		3.9		10.9		167.7		314		25.0		61.5
282453	43.1		4.1		10.5		176.2		329		25.0		61.0
282961	43.5		4.3		10.1		186.8		344		25.0		60.5
283469	43.7		4.5		9.7		196.1		359		25.0		60.0
283977	43.7		4.7		9.4		203.1		373		25.0		59.5
284485	43.4		4.8		9.0		208.7		388		25.0		59.0
284993	43.7		5.0		8.7		218.8		402		25.0		58.5
285501	44.2		5.2		8.5		229.8		417		25.0		58.0
286009	43.5		5.4		8.1		233.4		432		25.0		57.5
286517	42.6		5.5		7.7		236.1		447		25.0		57.0
287025	44.2		5.7		7.7		253.2		461		25.0		56.5
287533	43.4		5.9		7.4		255.8		475		25.0		56.0
288041	43.4		6.1		7.1		264.4		490		25.0		55.5
288549	43.4		6.2		6.9		270.7		504		25.0		55.0
289057	43.1		6.5		6.7		278.7		520		25.0		54.5
289565	43.8		6.6		6.6		290.5		534		25.0		54.0
290073	43.7		6.8		6.4		297.8		549		25.0		53.5
290581	43.5		7.0		6.2		305.1		563		25.0		53.0
291089	43.1		7.2		6.0		309.6		578		25.0		52.5
291597	42.8		7.4		5.8		315.0		593		25.0		52.0
292105	43.5		7.6		5.8		329.0		608		25.0		51.5
292613	43.8		7.7		5.7		338.6		623		25.0		51.0
293121	43.1		7.9		5.4		340.8		637		25.0		50.5
293629	43.7		8.1		5.4		353.5		652		25.0		50.0
294137	42.9		8.3		5.2		355.4		666		25.0		49.5
294645	42.9		8.4		5.1		361.7		681		25.0		49.0
295153	43.1		8.6		5.0		371.7		696		25.0		48.5
295661	43.4		8.8		4.9		383.2		711		25.0		48.0
296169	43.5		8.9		4.9		386.1		715		25.0		47.5
296677	42.9		8.9		4.8		380.6		715		25.0		48.0
297185	42.6		9.0		4.7		383.9		726		25.0		48.5
297693	42.5		9.2		4.6		390.4		741		25.0		49.0
298201	42.8		9.4		4.6		400.9		756		25.0		49.5
298709	42.5		9.5		4.5		402.5		764		25.0		50.0
299217	43.4		9.5		4.6		411.5		765		25.0		50.5
299725	42.8		9.5		4.5		408.4		769		25.0		50.0
300233	43.4		9.6		4.5		415.9		774		25.0		49.5
300741	43.2		9.6		4.5		415.1		775		25.0		50.0
301249	43.8		9.6		4.5		422.7		779		25.0		50.5
301757	43.5		9.8		4.5		425.3		788		25.0		51.0
302265	43.7		9.8		4.4		429.6		791		25.0		51.5
302773	42.5		9.8		4.3		418.4		793		25.0		51.0
303281	43.8		9.9		4.4		432.3		794		25.0		50.5
303789	43.8		9.9		4.4		431.7		795		25.0		51.0
304297	44.1		9.9		4.5		436.8		798		25.0		51.5
304805	43.5		9.9		4.4		431.0		800		25.0		51.0
305313	43.8		9.9		4.4		433.3		800		25.0		50.5
305821	43.4		9.9		4.4		430.8		800		25.0		51.0
306329	43.1		9.9		4.3		427.6		800		25.0		50.5
306837	43.7		9.9		4.4		434.1		800		25.0		50.0
307345	43.5		9.9		4.4		431.3		800		25.0		50.5
307853	42.6		9.9		4.3		422.4		800		25.0		50.0
308361	43.4		9.9		4.4		431.2		800		25.0		49.5
308869	43.2		9.9		4.4		428.4		800		25.0		50.0
309377	42.6		9.9		4.3		422.9		800		25.0		49.5
309885	43.2		9.9		4.4		429.1		800		25.0		49.0
310393	43.5		9.9		4.4		431.0		800		25.0		48.5
310901	42.8		9.9		4.3		425.0		800		25.0		49.0
311409	42.3		9.9		4.3		418.8		800		25.0		48.5
311917	43.4		9.9		4.4		430.8		800		25.0		48.0
312425	42.8		9.9		4.3		425.0		800		25.0		48.5
312933	43.8		9.9		4.4		435.2		800		25.0		49.0
313441	42.9		9.9		4.3		425.2		800		25.0		48.5
313949	43.8		9.9		4.4		434.9		800		25.0		48.0
314457	43.5		9.9		4.4		431.3		800		25.0		48.5
314965	43.8		9.9		4.4		434.9		800		25.0		49.0
315473	42.8		9.9		4.3		423.8		800		25.0		48.5
315981	43.4		9.9		4.4		429.3		800		25.0		48.0
316489	43.4		9.9		4.4		429.9		800		25.0		47.5
316997	43.2		9.9		4.4		428.4		800		25.0		48.0
317505	42.9		9.9		4.3		426.2		800		25.0		47.5
318013	42.3		9.9		4.3		419.7		800		25.0		48.0
318521	43.5		9.9		4.4		431.0		800		25.0		48.5
319029	43.7		9.9		4.4		433.4		800		25.0		49.0
319537	42.1		9.9		4.2		417.4		800		25.0		48.5
320045	43.2		9.9		4.4		428.4		800		25.0		48.0
320553	42.5		9.9		4.3		420.7		800		25.0		48.5
321061	43.1		9.9		4.3		427.3		800		25.0		49.0
321569	42.2		9.9		4.3		418.9		800		25.0		48.5
322077	42.8		9.9		4.3		424.1		800		25.0		48.0
322585	41.9		9.9		4.2		415.4		800		25.0		48.5
323093	43.5		9.9		4.4		431.0		800		25.0		49.0
323601	42.6		9.9		4.3		422.0		800		25.0		48.5
324109	43.2		9.9		4.4		428.4		800		25.0		48.0
324617	42.1		9.9		4.2		418.4		800		25.0		48.5
325125	43.1		9.9		4.3		427.0		800		25.0		49.0
325633	42.9		9.9		4.3		425.5		800		25.0		48.5
326141	44.5		9.9		4.5		441.8		800		25.0		48.0
326649	42.5		9.9		4.3		421.5		800		25.0		48.5
327157	42.8		9.9		4.3		423.8		800		25.0		49.0
327665	42.9		9.9		4.3		425.2		800		25.0		49.5
328173	42.5		9.9		4.3		421.2		800		25.0		49.0
328681	42.3		9.9		4.3		419.7		800		25.0		49.5
329189	43.7		9.9		4.4		432.8		800		25.0		50.0
329697	43.1		9.9		4.4		426.4		800		25.0		49.5
330205	42.9		9.9		4.3		426.2		800		25.0		50.0
330713	43.1		9.9		4.3		427.3		800		25.0		50.5
331221	42.8		9.9		4.3		424.1		800		25.0		50.0
331729	42.3		9.9		4.3		420.3		800		25.0		50.5
332237	43.1		9.9		4.3		427.0		800		25.0		51.0
332745	43.7		9.9		4.4		432.2		800		25.0		51.5
333253	42.6		9.9		4.3		422.3		800		25.0		51.0
333761	43.1		9.9		4.3		427.3		800		25.0		50.5
334269	42.8		9.9		4.3		423.5		800		25.0		51.0
334777	42.3		9.9		4.3		419.4		800		25.0		50.5
335285	42.2		9.9		4.2		419.2		800		25.0		51.0
335793	42.1		9.9		4.2		416.8		800		25.0		50.5
336301	42.2		9.9		4.3		417.7		800		25.0		50.0
336809	42.2		9.9		4.3		418.3		800		25.0		49.5
337317	42.8		9.9		4.3		423.8		800		25.0		49.0
337825	42.8		9.9		4.3		423.8		800		25.0		48.5
338333	43.2		9.9		4.4		428.4		800		25.0		48.0
338841	42.2		9.9		4.3		418.3		800		25.0		48.5
339349	43.4		9.9		4.4		429.9		800		25.0		49.0
339857	43.5		9.9		4.4		431.7		800		25.0		49.5
340365	42.5		9.9		4.3		420.9		800		25.0		49.0
340873	43.1		9.9		4.3		427.6		800		26.0		48.5
341381	42.8		9.9		4.3		425.6		800		26.0		49.0
341889	42.6		10.0		4.3		425.7		800		41.0		49.5
342397	39.6		10.0		4.0		395.9		800		52.0		47.5
342905	37.7		10.0		3.8		376.3		800		55.0		48.0
343413	39.0		10.0		3.9		390.6		800		58.0		48.5
343921	39.7		10.0		4.0		398.2		800		60.0		49.0
344429	38.5		10.0		3.8		385.9		800		60.0		48.5
344937	38.4		10.0		3.8		384.4		800		60.0		49.0
345445	37.8		10.0		3.8		379.4		800		60.0		48.5
345953	38.8		10.0		3.9		390.1		800		60.0		48.0
346461	38.8		10.0		3.9		389.1		800		60.0		48.5
346969	39.7		10.0		4.0		398.2		800		60.0		49.0
347477	38.1		10.0		3.8		381.8		800		60.0		48.5
347985	37.7		10.0		3.8		376.8		800		60.0		49.0
348493	38.7		10.0		3.9		388.2		800		60.0		49.5
349001	39.3		10.1		3.9		395.0		800		60.0		50.0
349509	39.7		10.0		4.0		398.5		800		60.0		50.5
350017	37.7		10.0		3.8		377.7		800		60.0		50.0
350525	37.7		10.0		3.8		376.8		800		60.0		50.5
351033	38.4		10.1		3.8		385.9		800		60.0		51.0
351541	38.8		10.1		3.9		390.3		800		60.0		51.5
352049	39.7		10.0		4.0		398.5		800		60.0		52.0
352557	38.4		10.0		3.8		384.4		800		60.0		51.5
353065	38.4		10.0		3.8		384.7		800		60.0		51.0
353573	39.1		10.0		3.9		392.6		800		60.0		50.5
354081	39.3		10.0		3.9		393.8		800		60.0		50.0
354589	38.5		10.1		3.8		387.3		800		60.0		50.5
355097	38.2		10.0		3.8		382.7		800		60.0		50.0
355605	38.1		10.0		3.8		381.5		800		60.0		50.5
356113	39.4		10.0		3.9		395.6		800		60.0		51.0
356621	39.4		10.1		3.9		397.0		800		60.0		51.5
357129	39.7		10.1		4.0		399.1		800		60.0		52.0
357637	38.4		10.0		3.8		383.9		800		60.0		51.5
358145	38.4		10.0		3.8		384.4		800		60.0		51.0
358653	37.9		10.0		3.8		380.6		800		60.0		51.5
359161	39.1		10.1		3.9		393.2		800		60.0		52.0
359669	38.8		10.0		3.9		389.4		800		60.0		51.5
360177	37.5		10.0		3.7		375.4		800		60.0		52.0
360685	37.5		10.0		3.7		376.5		800		60.0		52.5
361193	37.8		10.0		3.8		379.1		800		60.0		53.0
361701	39.3		10.1		3.9		394.7		800		60.0		53.5
362209	38.5		10.0		3.8		386.2		800		60.0		53.0
362717	38.2		10.0		3.8		383.0		800		60.0		53.5
363225	38.4		10.0		3.8		384.7		800		60.0		54.0
363733	39.3		10.1		3.9		395.3		800		60.0		54.5
364241	39.1		10.1		3.9		393.5		800		60.0		54.0
364749	39.0		10.0		3.9		391.5		800		60.0		54.5
365257	37.7		10.0		3.8		377.9		800		60.0		54.0
365765	37.7		10.1		3.7		378.5		800		60.0		53.5
366273	37.9		10.1		3.8		381.4		800		60.0		53.0
366781	39.3		10.1		3.9		394.7		800		60.0		52.5
367289	39.6		10.0		3.9		397.3		800		60.0		52.0
367797	37.4		10.0		3.7		374.2		800		60.0		52.5
368305	38.5		10.0		3.8		387.0		800		60.0		53.0
368813	37.8		10.1		3.8		380.0		800		60.0		52.5
369321	39.4		10.1		3.9		396.4		800		60.0		52.0
369829	38.2		10.1		3.8		384.4		800		60.0		52.5
370337	38.2		10.0		3.8		383.0		800		60.0		52.0
370845	38.1		10.0		3.8		381.5		800		60.0		52.5
371353	38.4		10.0		3.8		385.5		800		60.0		53.0
371861	39.3		10.0		3.9		394.1		800		60.0		53.5
372369	39.1		10.1		3.9		393.2		800		60.0		53.0
372877	38.2		10.0		3.8		383.0		800		60.0		53.5
373385	38.2		10.0		3.8		383.5		800		60.0		54.0
373893	38.5		10.0		3.8		386.5		800		60.0		54.5
374401	39.7		10.1		4.0		399.1		800		60.0		55.0
374909	39.1		10.0		3.9		392.9		800		60.0		54.5
375417	37.8		10.0		3.8		378.3		800		60.0		55.0
375925	37.4		10.0		3.7		373.9		800		60.0		54.5
376433	39.1		10.0		3.9		392.6		800		60.0		54.0
376941	39.3		10.1		3.9		395.3		800		60.0		53.5
377449	39.1		10.0		3.9		392.6		800		60.0		54.0
377957	37.9		10.0		3.8		380.0		800		60.0		53.5
378465	38.1		10.0		3.8		382.1		800		60.0		53.0
378973	38.7		10.0		3.9		388.2		800		60.0		52.5
379481	38.8		10.1		3.9		390.3		800		60.0		52.0
379989	38.1		10.1		3.8		382.9		800		60.0		52.5
380497	38.2		10.0		3.8		383.3		800		60.0		53.0
381005	37.2		10.0		3.7		373.0		800		60.0		52.5
381513	38.8		10.1		3.9		390.3		800		60.0		52.0
382021	39.0		10.0		3.9		391.5		800		60.0		51.5
382529	38.5		10.1		3.8		387.6		800		60.0		52.0
383037	38.4		10.0		3.8		384.4		800		60.0		51.5
383545	37.4		10.0		3.7		374.7		800		60.0		52.0
384053	39.0		10.0		3.9		391.3		800		60.0		52.5
384561	39.1		10.1		3.9		393.2		800		60.0		53.0
385069	38.4		10.0		3.8		385.0		800		60.0		52.5
385577	38.4		10.0		3.8		385.3		800		60.0		52.0
386085	38.8		10.0		3.9		388.3		800		60.0		51.5
386593	38.4		10.0		3.8		385.6		800		60.0		52.0
387101	39.6		10.0		3.9		397.1		800		60.0		52.5
387609	39.1		10.0		3.9		392.1		800		60.0		52.0
388117	37.8		10.0		3.8		378.9		800		60.0		52.5
388625	37.8		10.0		3.8		378.6		800		60.0		52.0
389133	38.5		10.0		3.8		387.0		800		60.0		51.5
389641	39.6		10.0		3.9		397.3		800		60.0		51.0
390149	38.2		10.1		3.8		384.7		800		60.0		51.5
390657	37.8		10.0		3.8		378.6		800		60.0		51.0
391165	38.5		10.0		3.9		385.3		800		60.0		50.5
391673	39.0		10.1		3.9		391.7		800		60.0		50.0
392181	39.0		10.1		3.9		392.6		800		60.0		49.5
392689	38.5		10.0		3.8		387.0		800		60.0		50.0
393197	36.6		10.0		3.7		366.8		800		60.0		49.5
393705	38.2		10.0		3.8		383.8		800		60.0		49.0
394213	38.4		10.0		3.8		385.3		800		60.0		48.5
394721	39.7		10.0		4.0		398.8		800		60.0		48.0
395229	38.8		10.0		3.9		389.4		800		60.0		48.5
395737	37.4		10.0		3.7		375.0		800		60.0		48.0
396245	38.4		10.0		3.8		385.0		800		60.0		47.5
396753	38.8		10.0		3.9		389.7		800		60.0		47.0
397261	38.8		10.1		3.9		390.3		800		60.0		46.5
397769	38.5		10.1		3.8		387.3		800		60.0		47.0
398277	37.5		10.0		3.7		375.9		800		60.0		46.5
398785	37.8		10.0		3.8		378.9		800		60.0		46.0
399293	38.7		10.0		3.9		388.5		800		60.0		45.5
399801	39.9		10.1		4.0		400.6		800		60.0		45.0
400309	38.2		10.0		3.8		383.3		800		60.0		45.5
400817	38.4		10.0		3.8		385.0		800		59.0		46.0
401325	38.7		10.0		3.9		388.2		800		59.0		46.5
401833	41.2		10.0		4.1		411.4		800		45.0		47.0
402341	43.1		10.0		4.3		429.2		800		31.0		47.5
402849	42.2		9.9		4.2		419.8		800		28.0		47.0
403357	42.9		9.9		4.3		425.2		800		26.0		46.5
403865	42.5		9.9		4.3		420.2		800		25.0		47.0
404373	43.5		9.9		4.4		432.6		800		25.0		47.5
404881	43.8		9.9		4.4		434.6		800		25.0		48.0
405389	43.4		9.9		4.4		429.6		800		25.0		47.5
405897	42.3		9.9		4.3		419.7		800		25.0		48.0
406405	43.1		9.9		4.3		427.0		800		25.0		48.5
406913	43.8		9.9		4.4		435.5		800		25.0		49.0
407421	44.1		9.9		4.4		438.1		800		25.0		49.5
407929	43.1		9.9		4.3		426.7		800		25.0		49.0
408437	42.3		9.9		4.3		418.8		800		25.0		49.5
408945	41.3		9.9		4.2		408.6		800		25.0		49.0
409453	43.8		9.9		4.4		435.3		800		25.0		47.0
409961	43.8		9.9		4.4		435.8		800		25.0		46.5
410469	42.6		9.9		4.3		422.9		800		25.0		47.0
410977	41.9		9.9		4.2		414.4		800		25.0		46.5
411485	41.3		9.9		4.2		409.3		800		25.0		47.0
411993	43.5		9.9		4.4		431.3		800		25.0		47.5
412501	43.5		9.9		4.4		432.6		800		25.0		48.0
413009	42.5		9.9		4.3		422.1		800		25.0		47.5
413517	42.3		9.9		4.3		418.2		800		25.0		48.0
414025	43.4		9.9		4.4		429.3		800		25.0		48.5
414533	43.1		9.9		4.3		427.9		800		25.0		48.0
415041	42.8		9.9		4.3		425.3		800		25.0		48.5
415549	42.2		9.9		4.3		418.3		800		25.0		48.0
416057	42.2		9.9		4.3		417.3		800		25.0		48.5
416565	42.6		9.9		4.3		422.3		800		25.0		49.0
417073	42.9		9.9		4.3		426.2		800		25.0		49.5
417581	44.0		9.9		4.4		436.7		800		25.0		50.0
418089	42.9		9.9		4.3		425.5		800		25.0		49.5
418597	42.2		9.9		4.3		417.3		800		25.0		50.0
419105	41.6		9.9		4.2		412.5		800		25.0		49.5
419613	43.8		9.9		4.4		434.6		800		25.0		49.0
420121	42.8		9.9		4.3		425.6		800		25.0		49.5
420629	42.9		9.9		4.3		425.8		800		25.0		50.0
421137	41.9		9.9		4.2		415.4		800		25.0		49.5
421645	42.8		9.9		4.3		424.4		800		25.0		49.0
422153	43.4		9.9		4.4		430.9		800		25.0		48.5
422661	43.5		9.9		4.4		432.9		800		25.0		48.0
423169	42.1		9.9		4.2		417.1		800		25.0		48.5
423677	41.9		9.9		4.2		415.1		800		25.0		48.0
424185	43.4		9.9		4.4		429.6		800		25.0		47.5
424693	42.5		9.9		4.3		421.5		800		25.0		48.0
425201	44.7		9.9		4.5		443.6		800		25.0		48.5
425709	43.1		9.9		4.3		427.0		800		25.0		48.0
426217	42.8		9.9		4.3		423.1		800		25.0		48.5
426725	42.6		9.9		4.3		422.6		800		25.0		48.0
427233	44.4		9.9		4.5		441.0		800		25.0		47.5
427741	43.7		9.9		4.4		433.8		800		25.0		48.0
428249	42.2		9.9		4.3		417.7		800		25.0		47.5
428757	42.9		9.9		4.3		425.5		800		25.0		47.0
429265	42.6		9.9		4.3		422.9		800		25.0		47.5
429773	44.0		9.9		4.4		436.0		800		25.0		48.0
430281	44.0		9.9		4.4		436.3		800		25.0		48.5
430789	43.7		9.9		4.4		433.8		800		25.0		48.0
431297	42.8		9.9		4.3		423.8		800		25.0		48.5
431805	42.6		9.9		4.3		423.3		800		25.0		48.0
432313	42.8		9.9		4.3		424.7		800		25.0		47.5
432821	43.4		9.9		4.4		430.5		800		25.0		47.0
433329	42.8		9.9		4.3		424.7		800		25.0		47.5
433837	42.6		9.9		4.3		421.7		800		25.0		47.0
434345	42.8		9.9		4.3		423.8		800		25.0		46.5
434853	43.7		9.9		4.4		433.9		800		25.0		46.0
435361	44.1		9.9		4.4		438.4		800		25.0		45.5
435869	42.6		9.9		4.3		422.3		800		25.0		46.0
436377	42.6		9.9		4.3		422.3		800		25.0		46.5
436885	42.6		9.9		4.3		421.4		800		25.0		46.0
437393	43.4		9.9		4.4		430.5		800		25.0		45.5
437901	43.7		9.9		4.4		433.1		800		25.0		45.0
438409	43.4		9.9		4.4		430.2		800		25.0		45.5
438917	42.5		9.9		4.3		419.6		800		25.0		45.0
439425	43.2		9.9		4.4		427.8		800		25.0		44.5
439933	43.1		9.9		4.3		427.9		800		25.0		44.0
440441	43.1		9.9		4.3		427.6		800		25.0		44.5
440949	42.3		9.9		4.3		420.0		800		25.0		44.0
441457	42.2		9.9		4.3		417.3		800		25.0		44.5
441965	42.6		9.9		4.3		422.6		800		25.0		45.0
442473	43.5		9.9		4.4		432.0		800		25.0		45.5
442981	44.0		9.9		4.4		436.3		800		25.0		46.0
443489	42.9		9.9		4.3		424.6		800		25.0		45.5
443997	42.6		9.9		4.3		422.0		800		25.0		46.0
444505	42.6		9.9		4.3		421.4		800		25.0		45.5
445013	43.7		9.9		4.4		433.1		800		25.0		45.0
445521	42.6		9.9		4.3		424.2		800		25.0		45.5
446029	42.6		9.9		4.3		423.3		800		25.0		45.0
446537	43.1		9.9		4.4		425.4		800		25.0		44.5
447045	42.8		9.9		4.3		424.4		800		25.0		45.0
447553	43.8		9.9		4.4		434.9		800		25.0		45.5
448061	43.4		9.9		4.4		429.9		800		25.0		45.0
448569	42.9		9.9		4.3		425.2		800		25.0		45.5
449077	41.0		9.9		4.1		406.6		800		25.0		45.0
449585	43.1		9.9		4.4		426.4		800		25.0		44.5
450093	43.5		9.9		4.4		432.0		800		25.0		44.0
450601	43.4		9.9		4.4		430.5		800		25.0		44.5
451109	43.1		9.9		4.3		427.0		800		25.0		44.0
451617	41.8		9.9		4.2		413.6		800		25.0		44.5
452125	42.5		9.9		4.3		421.2		800		25.0		45.0
452633	43.2		9.9		4.3		429.7		800		25.0		45.5
453141	43.2		9.9		4.4		429.1		800		25.0		45.0
453649	43.2		9.9		4.4		428.1		800		25.0		45.5
454157	41.8		9.9		4.2		413.6		800		25.0		45.0
454665	42.6		9.9		4.3		422.9		800		25.0		44.5
455173	43.1		9.9		4.3		427.6		800		25.0		44.0
455681	43.8		9.9		4.4		435.5		800		25.0		43.5
456189	42.5		9.9		4.3		421.2		800		25.0		44.0
456697	42.1		9.9		4.2		416.2		800		25.0		43.5
457205	43.1		9.9		4.4		426.4		800		25.0		43.0
457713	43.1		9.9		4.3		427.9		800		25.0		42.5
458221	42.9		9.9		4.3		426.8		800		25.0		43.0
458729	43.5		9.9		4.4		432.0		800		25.0		43.5
459237	42.2		9.9		4.3		418.0		800		25.0		43.0
459745	41.9		9.9		4.2		414.4		800		25.0		43.5
460253	43.8		9.9		4.4		434.5		800		25.0		44.0
460761	44.0		9.9		4.4		436.3		800		25.0		44.5
461269	42.6		9.9		4.3		422.9		800		25.0		44.0
461777	41.9		9.9		4.2		414.7		800		25.0		44.5
462285	42.3		9.9		4.3		419.4		800		25.0		45.0
462793	43.4		9.9		4.4		430.2		800		25.0		45.5
463301	43.2		9.9		4.4		429.1		800		25.0		45.0
463809	42.5		9.9		4.3		420.6		800		25.0		45.5
464317	41.5		9.9		4.2		409.2		800		25.0		45.0
464825	43.7		9.9		4.4		432.8		800		25.0		44.5
465333	43.2		9.9		4.3		430.0		800		25.0		45.0
465841	43.1		9.9		4.3		427.6		800		25.0		44.5
466349	42.8		9.9		4.3		423.8		800		25.0		45.0
466857	40.9		9.9		4.1		403.7		800		25.0		44.5
467365	42.2		9.9		4.3		418.0		800		25.0		44.0
467873	43.8		9.9		4.4		435.5		800		25.0		43.5
468381	43.4		9.9		4.4		430.8		800		25.0		44.0
468889	42.8		9.9		4.3		423.8		800		25.0		43.5
469397	42.2		9.9		4.3		417.7		800		25.0		44.0
469905	42.6		9.9		4.3		422.6		800		25.0		44.5
470413	43.1		9.9		4.3		428.6		800		25.0		45.0
470921	43.1		9.9		4.3		427.0		800		25.0		44.5
471429	42.8		9.9		4.3		423.5		800		25.0		45.0
471937	42.8		9.9		4.3		423.1		800		25.0		44.5
472445	43.2		9.9		4.4		428.1		800		25.0		44.0
472953	43.7		9.9		4.4		433.8		800		25.0		43.5
473461	42.1		9.9		4.2		418.0		800		25.0		44.0
473969	42.6		9.9		4.3		422.0		800		25.0		44.5
474477	42.6		9.9		4.3		422.3		800		25.0		45.0
474985	41.8		9.9		4.2		414.2		800		25.0		44.5
475493	43.1		10.0		4.3		429.2		800		25.0		44.0
476001	43.4		9.9		4.4		430.2		800		25.0		43.5
476509	42.3		9.9		4.3		419.7		800		25.0		44.0
477017	43.1		9.9		4.3		427.0		800		25.0		44.5
477525	43.2		9.9		4.4		428.8		800		25.0		45.0
478033	44.5		9.9		4.5		442.2		800		25.0		45.5
478541	43.1		9.9		4.3		427.9		800		25.0		45.0
479049	42.6		9.9		4.3		422.9		800		25.0		45.5
479557	41.8		9.9		4.2		413.6		800		25.0		45.0
480065	43.4		9.9		4.4		429.3		800		25.0		44.5
480573	43.5		9.9		4.4		431.7		800		25.0		44.0
481081	43.1		9.9		4.3		427.6		800		25.0		44.5
481589	42.3		9.9		4.3		420.0		800		25.0		44.0