tiempo[ms]V_Panel[V]	I_Panel[A]	R_Carga[Ohms]	P_Panel[W]	G[W/m2]	T[°C]	Load[%]
load=50.83
537	41.5		10.4		4.0		429.8		800		25.0		50.8
load=51.83
2040	41.6		10.4		4.0		431.7		800		25.0		51.8
load=52.03
2548	41.6		10.4		4.0		432.0		800		25.0		52.0
load=51.03
3056	41.5		10.4		4.0		430.1		800		25.0		51.0
load=50.03
3564	41.6		10.4		4.0		432.0		800		25.0		50.0
load=51.19
4072	41.5		10.4		4.0		429.8		800		25.0		51.2
load=51.39
4580	41.5		10.4		4.0		430.1		800		25.0		51.4
load=52.22
5088	41.6		10.4		4.0		431.7		800		25.0		52.2
load=52.02
5596	41.6		10.4		4.0		431.4		800		25.0		52.0
load=52.69
6104	41.3		10.4		4.0		428.9		800		25.0		52.7
load=53.44
6612	41.6		10.4		4.0		431.7		800		25.0		53.4
load=53.64
7120	41.6		10.4		4.0		432.0		800		25.0		53.6
load=53.84
7628	41.6		10.4		4.0		432.0		800		25.0		53.8
load=53.64
8136	41.6		10.4		4.0		431.4		800		25.0		53.6
load=53.44
8644	41.6		10.4		4.0		431.4		800		25.0		53.4
load=54.14
9152	41.4		10.4		4.0		429.7		800		25.0		54.1
load=54.97
9660	41.6		10.4		4.0		431.7		800		25.0		55.0
load=55.80
10168	41.8		10.4		4.0		433.2		800		25.0		55.8
load=54.97
10676	41.6		10.4		4.0		431.7		800		25.0		55.0
load=54.77
11184	41.6		10.4		4.0		432.0		800		25.0		54.8
load=55.76
11692	41.5		10.4		4.0		430.1		800		25.0		55.8
load=55.96
12200	41.5		10.4		4.0		430.4		800		25.0		56.0
load=56.81
12708	41.8		10.4		4.0		433.5		800		25.0		56.8
load=55.98
13216	41.5		10.4		4.0		430.4		800		25.0		56.0
load=55.19
13724	42.1		10.4		4.1		436.2		800		25.0		55.2
load=56.08
14232	41.6		10.4		4.0		431.4		800		25.0		56.1
load=57.07
14740	41.8		10.4		4.0		433.2		800		25.0		57.1
load=56.24
15248	41.6		10.4		4.0		431.7		800		25.0		56.2
load=55.41
15756	41.8		10.4		4.0		433.2		800		25.0		55.4
load=55.21
16264	41.8		10.4		4.0		433.2		800		25.0		55.2
load=54.22
16772	41.9		10.4		4.0		435.0		800		25.0		54.2
load=55.21
17280	41.6		10.4		4.0		431.4		800		25.0		55.2
load=54.88
17788	41.5		10.4		4.0		430.8		800		25.0		54.9
load=53.88
18296	41.6		10.4		4.0		432.6		800		25.0		53.9
load=54.96
18804	41.3		10.4		4.0		428.6		800		25.0		55.0
load=55.96
19312	41.5		10.4		4.0		430.4		800		25.0		56.0
load=55.76
19820	41.5		10.4		4.0		430.1		800		25.0		55.8
load=55.96
20328	41.5		10.4		4.0		429.8		800		25.0		56.0
load=56.16
20836	41.5		10.4		4.0		429.8		800		25.0		56.2
load=56.36
21344	41.5		10.4		4.0		430.1		800		25.0		56.4
load=57.36
21852	41.6		10.4		4.0		432.0		800		25.0		57.4
load=56.36
22360	41.5		10.4		4.0		430.1		800		25.0		56.4
load=55.70
22868	41.8		10.4		4.0		432.6		800		25.0		55.7
load=54.53
23376	41.9		10.4		4.0		434.7		800		25.0		54.5
load=55.28
23884	41.6		10.4		4.0		432.0		800		25.0		55.3
load=55.08
24392	41.6		10.4		4.0		431.7		800		25.0		55.1
load=55.28
24900	41.6		10.4		4.0		431.5		800		25.0		55.3
load=56.54
25408	41.8		10.4		4.0		433.8		800		25.0		56.5
load=55.38
25916	41.6		10.4		4.0		431.7		800		25.0		55.4
load=55.18
26424	41.6		10.4		4.0		431.7		800		25.0		55.2
load=55.38
26932	41.6		10.4		4.0		431.4		800		25.0		55.4
load=54.60
27440	41.2		10.4		4.0		427.1		800		25.0		54.6
load=53.69
27948	41.5		10.4		4.0		430.4		800		25.0		53.7
load=53.89
28456	41.5		10.4		4.0		430.1		800		25.0		53.9
load=54.89
28964	41.6		10.4		4.0		432.0		800		25.0		54.9
load=55.09
29472	41.6		10.4		4.0		432.0		800		25.0		55.1
load=53.76
29980	41.5		10.4		4.0		429.5		800		25.0		53.8
load=53.56
30488	41.5		10.4		4.0		429.8		800		25.0		53.6
load=53.36
30996	41.5		10.4		4.0		430.4		800		25.0		53.4
load=53.16
31504	41.5		10.4		4.0		430.4		800		25.0		53.2
load=53.36
32012	41.5		10.4		4.0		430.1		800		25.0		53.4
load=53.56
32520	41.5		10.4		4.0		430.1		800		25.0		53.6
load=53.76
33028	41.5		10.4		4.0		430.1		800		25.0		53.8
load=53.96
33536	41.5		10.4		4.0		430.1		800		25.0		54.0
load=54.79
34044	41.6		10.4		4.0		431.7		800		25.0		54.8
load=54.06
34552	41.4		10.4		4.0		429.5		800		25.0		54.1
load=53.33
35060	41.6		10.4		4.0		431.7		800		25.0		53.3
load=54.16
35568	41.5		10.4		4.0		430.1		800		25.0		54.2
load=54.36
36076	41.5		10.4		4.0		430.4		800		25.0		54.4
load=53.37
36584	41.3		10.4		4.0		428.6		800		25.0		53.4
load=52.37
37092	41.5		10.4		4.0		430.4		800		25.0		52.4
load=51.84
37600	41.6		10.4		4.0		431.4		800		25.0		51.8
load=52.54
38108	41.5		10.4		4.0		430.1		800		25.0		52.5
load=51.54
38616	41.3		10.4		4.0		428.3		800		25.0		51.5
load=50.46
39124	41.6		10.4		4.0		432.3		800		25.0		50.5
load=50.66
39632	41.6		10.4		4.0		431.4		800		25.0		50.7
load=51.82
40140	41.8		10.4		4.0		433.5		800		25.0		51.8
load=50.99
40648	41.3		10.4		4.0		428.9		800		25.0		51.0
load=50.33
41156	41.6		10.4		4.0		431.4		800		25.0		50.3
load=51.16
41664	41.3		10.4		4.0		428.3		800		25.0		51.2
load=52.15
42172	41.5		10.4		4.0		430.1		800		25.0		52.2
load=51.32
42680	41.3		10.4		4.0		428.6		800		25.0		51.3
load=50.49
43188	41.5		10.4		4.0		430.1		800		25.0		50.5
load=50.29
43696	41.5		10.4		4.0		430.4		800		25.0		50.3
load=51.46
44204	41.3		10.4		4.0		428.3		800		25.0		51.5
load=51.66
44712	41.3		10.4		4.0		428.6		800		25.0		51.7
load=51.86
45220	41.3		10.4		4.0		428.6		800		25.0		51.9
load=52.69
45728	41.6		10.4		4.0		431.7		800		25.0		52.7
load=51.86
46236	41.5		10.4		4.0		430.1		800		25.0		51.9
load=52.85
46744	41.3		10.4		4.0		428.3		800		25.0		52.9
load=54.19
47252	41.4		10.4		4.0		429.9		800		25.0		54.2
load=53.36
47760	41.3		10.4		4.0		428.9		800		25.0		53.4
load=52.70
48268	41.6		10.4		4.0		431.4		800		25.0		52.7
load=53.19
48776	41.5		10.4		4.0		430.4		800		25.0		53.2
load=52.99
49284	41.5		10.4		4.0		430.1		800		25.0		53.0
load=53.19
49792	41.5		10.4		4.0		429.8		800		25.0		53.2
load=52.42
50300	41.0		10.4		4.0		425.6		800		25.0		52.4
load=51.67
50808	41.6		10.4		4.0		431.1		800		25.0		51.7
load=51.47
51316	41.6		10.4		4.0		431.4		800		25.0		51.5
load=51.27
51824	41.6		10.4		4.0		431.7		800		25.0		51.3
load=52.10
52332	41.3		10.4		4.0		428.6		800		25.0		52.1
load=52.93
52840	41.5		10.4		4.0		430.1		800		25.0		52.9
load=51.94
53348	41.3		10.4		4.0		428.3		800		25.0		51.9
load=50.61
53856	41.5		10.4		4.0		430.8		800		25.0		50.6
load=50.28
54364	41.6		10.4		4.0		431.4		800		25.0		50.3
load=50.78
54872	41.5		10.4		4.0		430.4		800		25.0		50.8
load=49.78
55380	41.3		10.4		4.0		428.6		800		25.0		49.8
load=50.44
55888	41.2		10.4		4.0		427.4		800		25.0		50.4
load=50.94
56396	41.3		10.4		4.0		428.3		800		25.0		50.9
load=51.77
56904	41.5		10.4		4.0		429.8		800		25.0		51.8
load=51.97
57412	41.5		10.4		4.0		430.4		800		25.0		52.0
load=50.48
57920	41.3		10.4		4.0		427.7		800		25.0		50.5
load=50.82
58428	41.2		10.4		4.0		427.1		800		25.0		50.8
load=51.56
58936	41.5		10.4		4.0		429.8		800		25.0		51.6
load=51.76
59444	41.5		10.4		4.0		430.1		800		25.0		51.8
load=50.93
59952	41.3		10.4		4.0		428.6		800		25.0		50.9
load=50.10
60460	41.6		10.4		4.0		431.7		800		25.0		50.1
load=51.10
60968	41.5		10.4		4.0		429.8		800		25.0		51.1
load=51.30
61476	41.5		10.4		4.0		429.8		800		25.0		51.3
load=52.13
61984	41.6		10.4		4.0		431.4		800		25.0		52.1
load=51.30
62492	41.3		10.4		4.0		428.3		800		25.0		51.3
load=51.10
63000	41.3		10.4		4.0		428.9		800		25.0		51.1
load=52.23
63508	41.2		10.4		4.0		426.8		800		25.0		52.2
load=53.06
64016	41.5		10.4		4.0		429.8		800		25.0		53.1
load=52.56
64524	41.3		10.4		4.0		428.9		800		25.0		52.6
load=52.76
65032	41.3		10.4		4.0		428.6		800		25.0		52.8
load=53.59
65540	41.5		10.4		4.0		430.1		800		25.0		53.6
load=52.92
66048	41.3		10.4		4.0		428.9		800		25.0		52.9
load=53.12
66556	41.3		10.4		4.0		428.0		800		25.0		53.1
load=53.32
67064	41.3		10.4		4.0		428.0		800		25.0		53.3
load=52.66
67572	41.0		10.4		4.0		425.6		800		25.0		52.7
load=51.83
68080	41.3		10.4		4.0		428.6		800		25.0		51.8
load=51.63
68588	41.3		10.4		4.0		428.9		800		25.0		51.6
load=51.83
69096	41.3		10.4		4.0		428.3		800		25.0		51.8
load=52.03
69604	41.3		10.4		4.0		428.9		800		25.0		52.0
load=51.83
70112	41.3		10.4		4.0		428.3		800		25.0		51.8
load=51.63
70620	41.3		10.4		4.0		428.3		800		25.0		51.6
load=51.43
71128	41.3		10.4		4.0		428.6		800		25.0		51.4
load=51.63
71636	41.3		10.4		4.0		428.3		800		25.0		51.6
load=51.43
72144	41.3		10.4		4.0		428.0		800		25.0		51.4
load=51.78
72652	41.3		10.4		4.0		427.8		800		25.0		51.8
load=51.46
73160	41.2		10.4		4.0		427.4		800		25.0		51.5
load=51.13
73668	41.3		10.4		4.0		428.0		800		25.0		51.1
load=50.93
74176	41.3		10.4		4.0		428.3		800		25.0		50.9
load=51.76
74684	41.2		10.4		4.0		426.8		800		25.0		51.8
load=52.67
75192	41.5		10.4		4.0		430.1		800		25.0		52.7
load=51.81
75700	41.3		10.4		4.0		428.6		800		25.0		51.8
load=51.61
76208	41.3		10.4		4.0		428.6		800		25.0		51.6
load=52.44
76716	41.2		10.4		4.0		427.1		800		25.0		52.4
load=53.27
77224	41.3		10.4		4.0		428.6		800		25.0		53.3
load=53.07
77732	41.3		10.4		4.0		428.3		800		25.0		53.1
load=52.24
78240	41.5		10.4		4.0		429.8		800		25.0		52.2
load=52.90
78748	41.3		10.4		4.0		428.6		800		25.0		52.9
load=51.91
79256	41.2		10.4		4.0		426.8		800		25.0		51.9
load=52.57
79764	41.0		10.4		4.0		425.6		800		25.0		52.6
load=53.07
80272	41.2		10.4		4.0		426.5		800		25.0		53.1
load=54.23
80780	41.3		10.4		4.0		428.6		800		25.0		54.2
load=54.03
81288	41.3		10.4		4.0		428.3		800		25.0		54.0
load=53.83
81796	41.3		10.4		4.0		428.9		800		25.0		53.8
load=54.03
82304	41.3		10.4		4.0		428.3		800		25.0		54.0
load=54.86
82812	41.5		10.4		4.0		429.8		800		25.0		54.9
load=55.06
83320	41.5		10.4		4.0		429.8		800		25.0		55.1
load=54.56
83828	41.3		10.4		4.0		428.9		800		25.0		54.6
load=54.36
84336	41.3		10.4		4.0		428.9		800		25.0		54.4
load=54.56
84844	41.3		10.4		4.0		428.3		800		25.0		54.6
load=53.73
85352	41.3		10.4		4.0		427.8		800		25.0		53.7
load=53.38
85860	41.3		10.4		4.0		428.0		800		25.0		53.4
load=52.38
86368	41.5		10.4		4.0		429.8		800		25.0		52.4
load=52.18
86876	41.5		10.4		4.0		430.1		800		25.0		52.2
load=52.38
87384	41.5		10.4		4.0		429.8		800		25.0		52.4
load=51.72
87892	41.3		10.4		4.0		428.6		800		25.0		51.7
load=51.92
88400	41.3		10.4		4.0		428.6		800		25.0		51.9
load=52.12
88908	41.3		10.4		4.0		428.6		800		25.0		52.1
load=52.95
89416	41.6		10.4		4.0		431.7		800		25.0		52.9
load=52.06
89924	41.2		10.4		4.0		426.8		800		25.0		52.1
load=51.32
90432	41.5		10.4		4.0		429.5		800		25.0		51.3
load=51.12
90940	41.5		10.4		4.0		429.8		800		25.0		51.1
load=50.92
91448	41.5		10.4		4.0		429.8		800		25.0		50.9
load=51.74
91956	41.3		10.4		4.0		428.3		800		25.0		51.7
load=51.94
92464	41.3		10.4		4.0		428.3		800		25.0		51.9
load=51.44
92972	41.2		10.4		4.0		427.4		800		25.0		51.4
load=51.64
93480	41.2		10.4		4.0		426.8		800		25.0		51.6
load=51.84
93988	41.2		10.4		4.0		426.8		800		25.0		51.8
load=52.84
94496	41.3		10.4		4.0		428.6		800		25.0		52.8
load=52.17
95004	41.2		10.4		4.0		427.4		800		25.0		52.2
load=51.51
95512	41.5		10.4		4.0		429.8		800		25.0		51.5
load=52.34
96020	41.3		10.4		4.0		428.3		800		25.0		52.3
load=53.33
96528	41.5		10.4		4.0		430.1		800		25.0		53.3
load=52.50
97036	41.2		10.4		4.0		427.1		800		25.0		52.5
load=51.76
97544	41.5		10.4		4.0		429.8		800		25.0		51.8
load=52.59
98052	41.2		10.4		4.0		427.3		800		25.0		52.6
load=53.32
98560	41.5		10.4		4.0		429.5		800		25.0		53.3
load=52.65
99068	41.3		10.4		4.0		428.3		800		25.0		52.7
load=53.48
99576	41.0		10.4		4.0		425.3		800		25.0		53.5
load=54.31
100084	41.5		10.4		4.0		429.8		800		25.0		54.3
load=53.48
100592	41.3		10.4		4.0		428.3		800		25.0		53.5
load=54.15
101100	41.2		10.4		4.0		427.1		800		25.0		54.1
load=54.65
101608	41.3		10.4		4.0		428.0		800		25.0		54.6
load=54.85
102116	41.3		10.4		4.0		428.3		800		25.0		54.8
load=55.05
102624	41.3		10.4		4.0		428.3		800		25.0		55.0
load=55.71
103132	41.5		10.4		4.0		429.5		800		25.0		55.7
load=55.21
103640	41.3		10.4		4.0		428.6		800		25.0		55.2
load=55.41
104148	41.3		10.4		4.0		428.3		800		25.0		55.4
load=54.58
104656	41.2		10.4		4.0		426.8		800		25.0		54.6
load=54.78
105164	41.2		10.4		4.0		426.5		800		25.0		54.8
load=55.94
105672	41.3		10.4		4.0		428.6		800		25.0		55.9
load=56.60
106180	41.5		10.4		4.0		429.8		800		25.0		56.6
load=56.80
106688	41.5		10.4		4.0		430.4		800		25.0		56.8
load=55.81
107196	41.2		10.4		4.0		426.8		800		25.0		55.8
load=54.98
107704	41.3		10.4		4.0		428.3		800		25.0		55.0
load=54.32
108212	41.5		10.4		4.0		429.5		800		25.0		54.3
load=54.81
108720	41.3		10.4		4.0		428.6		800		25.0		54.8
load=55.48
109228	41.5		10.4		4.0		429.8		800		25.0		55.5
load=54.65
109736	41.3		10.4		4.0		428.3		800		25.0		54.6
load=54.45
110244	41.3		10.4		4.0		428.6		800		25.0		54.4
load=54.72
110752	41.4		10.4		4.0		428.5		800		25.0		54.7
load=56.02
111260	41.5		10.4		4.0		430.1		800		25.0		56.0
load=55.20
111768	41.2		10.4		4.0		427.1		800		25.0		55.2
load=54.37
112276	41.6		10.4		4.0		431.7		800		25.0		54.4
load=55.24
112784	41.0		10.4		4.0		425.3		800		25.0		55.2
load=56.12
113292	41.5		10.4		4.0		430.1		800		25.0		56.1
load=55.13
113800	41.3		10.4		4.0		428.3		800		25.0		55.1
load=55.95
114308	41.2		10.4		4.0		426.8		800		25.0		56.0
load=56.15
114816	41.2		10.4		4.0		426.8		800		25.0		56.2
load=57.31
115324	41.3		10.4		4.0		428.9		800		25.0		57.3
load=57.98
115832	41.5		10.4		4.0		430.1		800		25.0		58.0
load=56.82
116340	41.3		10.4		4.0		428.0		800		25.0		56.8
load=57.15
116848	41.2		10.4		4.0		427.4		800		25.0		57.2
load=56.95
117356	41.2		10.4		4.0		427.1		800		25.0		57.0
load=56.29
117864	41.3		10.4		4.0		428.3		800		25.0		56.3
load=56.09
118372	41.3		10.4		4.0		428.3		800		25.0		56.1
load=55.89
118880	41.3		10.4		4.0		428.3		800		25.0		55.9
load=56.55
119388	41.2		10.4		4.0		427.1		800		25.0		56.6
load=56.75
119896	41.2		10.4		4.0		427.1		800		25.0		56.8
load=57.50
120404	41.5		10.4		4.0		429.8		800		25.0		57.5
load=57.30
120912	41.5		10.3		4.0		428.9		799		25.0		57.3
load=58.29
121420	41.3		10.3		4.0		427.1		797		25.0		58.3
load=55.29
121928	41.5		10.1		4.1		420.1		782		25.0		55.3
load=58.29
122436	41.3		10.0		4.2		411.4		768		25.0		58.3
load=58.09
122944	41.3		9.8		4.2		403.5		753		25.0		58.1
load=61.09
123452	41.2		9.6		4.3		393.9		738		25.0		61.1
load=58.09
123960	41.3		9.4		4.4		386.9		723		25.0		58.1
load=61.09
124468	41.5		9.2		4.5		380.9		709		25.0		61.1
load=58.09
124976	41.3		9.0		4.6		371.1		694		25.0		58.1
load=61.09
125484	41.5		8.8		4.7		365.1		679		25.0		61.1
load=58.41
125992	41.2		8.6		4.8		355.3		665		25.0		58.4
load=60.14
126500	41.5		8.4		4.9		349.0		649		25.0		60.1
load=57.14
127008	41.3		8.2		5.0		340.2		635		25.0		57.1
load=60.14
127516	41.5		8.0		5.2		333.2		620		25.0		60.1
load=57.14
128024	41.3		7.8		5.3		324.2		606		25.0		57.1
load=60.14
128532	41.2		7.7		5.4		315.8		591		25.0		60.1
load=57.14
129040	41.3		7.5		5.5		309.1		577		25.0		57.1
load=57.34
129548	41.3		7.3		5.7		300.9		562		25.0		57.3
load=54.46
130056	41.0		7.1		5.8		290.3		546		25.0		54.5
load=55.28
130564	41.5		6.9		6.0		285.9		531		25.0		55.3
load=52.28
131072	41.3		6.7		6.2		276.7		517		25.0		52.3
load=52.48
131580	41.3		6.5		6.3		269.1		503		25.0		52.5
load=52.28
132088	41.3		6.3		6.5		261.5		488		25.0		52.3
load=55.28
132596	41.5		6.1		6.7		254.9		474		25.0		55.3
load=55.08
133104	41.5		5.9		7.0		246.4		458		25.0		55.1
load=55.28
133612	41.5		5.8		7.2		238.8		444		25.0		55.3
load=55.08
134120	41.5		5.6		7.5		230.6		429		25.0		55.1
load=58.08
134628	41.3		5.4		7.7		221.9		414		25.0		58.1
load=57.88
135136	41.3		5.2		8.0		213.7		399		25.0		57.9
load=57.68
135644	41.5		5.2		8.0		213.9		398		25.0		57.7
load=57.48
136152	41.5		5.2		8.0		215.4		400		25.0		57.5
load=57.73
136660	41.3		5.2		7.9		214.9		400		25.0		57.7
load=57.98
137168	41.6		5.2		8.0		215.8		400		25.0		58.0
load=57.40
137676	41.5		5.2		8.0		214.8		400		25.0		57.4
load=57.65
138184	41.3		5.2		8.0		214.3		400		25.0		57.6
load=57.85
138692	41.3		5.2		8.0		214.3		400		25.0		57.8
load=58.05
139200	41.3		5.2		8.0		214.4		400		25.0		58.0
load=57.27
139708	41.2		5.2		8.0		212.9		400		25.0		57.3
load=56.77
140216	41.5		5.2		8.0		214.8		400		25.0		56.8
load=56.57
140724	41.5		5.2		8.0		214.8		400		25.0		56.6
load=57.32
141232	41.3		5.2		8.0		213.4		400		25.0		57.3
load=57.52
141740	41.3		5.2		8.0		214.0		400		25.0		57.5
load=57.72
142248	41.3		5.2		8.0		214.6		400		25.0		57.7
load=57.52
142756	41.3		5.2		8.0		214.0		400		25.0		57.5
load=56.77
143264	41.5		5.2		8.0		215.4		400		25.0		56.8
load=57.52
143772	41.3		5.2		8.0		214.0		400		25.0		57.5
load=58.26
144280	41.5		5.2		8.0		215.4		400		25.0		58.3
load=57.52
144788	41.3		5.2		8.0		214.0		400		25.0		57.5
load=57.72
145296	41.2		5.2		7.9		213.9		400		25.0		57.7
load=58.02
145804	41.6		5.2		8.0		215.5		400		25.0		58.0
load=57.69
146312	41.3		5.2		8.0		214.3		400		25.0		57.7
load=57.11
146820	41.5		5.2		8.0		215.4		400		25.0		57.1
load=57.69
147328	41.3		5.2		8.0		214.3		400		25.0		57.7
load=58.11
147836	41.5		5.2		8.0		215.1		400		25.0		58.1
load=57.69
148344	41.3		5.2		8.0		214.3		400		25.0		57.7
load=57.49
148852	41.5		5.2		8.0		214.5		400		25.0		57.5
load=57.29
149360	41.5		5.2		8.0		214.8		400		25.0		57.3
load=57.65
149868	41.0		5.2		7.9		212.8		400		25.0		57.7
load=58.07
150376	41.6		5.2		8.0		215.8		400		25.0		58.1
load=57.65
150884	41.2		5.2		7.9		213.6		400		25.0		57.7
load=57.40
151392	41.3		5.2		8.0		214.0		400		25.0		57.4
load=56.82
151900	41.5		5.2		8.0		215.1		400		25.0		56.8
load=57.40
152408	41.3		5.2		8.0		214.0		400		25.0		57.4
load=57.60
152916	41.3		5.2		8.0		214.0		400		25.0		57.6
load=58.10
153424	41.6		5.2		8.0		215.8		400		25.0		58.1
load=57.68
153932	41.5		5.2		8.0		215.1		400		25.0		57.7
load=57.93
154440	41.3		5.2		8.0		214.6		400		25.0		57.9
load=58.18
154948	41.5		5.2		8.0		215.1		400		25.0		58.2
load=57.77
155456	41.3		5.2		8.0		214.3		400		25.0		57.8
load=57.35
155964	41.5		5.2		8.0		215.1		400		25.0		57.4
load=57.15
156472	41.5		5.2		8.0		215.4		400		25.0		57.2
load=56.95
156980	41.5		5.2		8.0		215.4		400		25.0		57.0
load=57.70
157488	41.3		5.2		8.0		214.0		400		25.0		57.7
load=57.90
157996	41.3		5.2		8.0		214.3		400		25.0		57.9
load=58.23
158504	41.6		5.2		8.0		215.5		400		25.0		58.2
load=57.98
159012	41.5		5.2		8.0		215.1		400		25.0		58.0
load=57.40
159520	41.6		5.2		8.0		216.1		400		25.0		57.4
load=57.98
160028	41.5		5.2		8.0		215.1		400		25.0		58.0
load=58.18
160536	41.5		5.2		8.0		215.1		400		25.0		58.2
load=58.76
161044	41.6		5.2		8.0		216.1		400		25.0		58.8
load=58.25
161552	41.4		5.2		8.0		214.6		400		25.0		58.2
load=57.83
162060	41.5		5.2		8.0		215.1		400		25.0		57.8
load=57.42
162568	41.6		5.2		8.0		215.8		400		25.0		57.4
load=56.84
163076	41.8		5.2		8.0		216.9		400		25.0		56.8
load=57.42
163584	41.5		5.2		8.0		214.8		400		25.0		57.4
load=57.62
164092	41.5		5.2		8.0		215.7		400		25.0		57.6
load=57.42
164600	41.5		5.2		8.0		215.1		400		25.0		57.4
load=57.62
165108	41.5		5.2		8.0		214.8		400		25.0		57.6
load=57.82
165616	41.5		5.2		8.0		215.4		400		25.0		57.8
load=58.02
166124	41.6		5.2		8.0		215.5		400		25.0		58.0
load=57.82
166632	41.5		5.2		8.0		215.4		400		25.0		57.8
load=58.02
167140	41.5		5.2		8.0		215.1		400		25.0		58.0
load=57.82
167648	41.5		5.2		8.0		214.5		400		25.0		57.8
load=57.62
168156	41.5		5.2		8.0		215.4		400		25.0		57.6
load=57.42
168664	41.6		5.2		8.0		215.5		400		25.0		57.4
load=57.67
169172	41.5		5.2		8.0		215.1		400		25.0		57.7
load=57.25
169680	41.3		5.2		8.0		214.3		400		25.0		57.3
load=56.50
170188	41.5		5.2		8.0		215.7		401		25.0		56.5
load=54.26
170696	41.6		5.3		7.9		219.8		406		25.0		54.3
load=54.06
171204	41.6		5.5		7.6		228.3		422		25.0		54.1
load=53.86
171712	41.6		5.7		7.3		236.0		436		25.0		53.9
load=53.66
172220	41.6		5.9		7.1		243.9		451		25.0		53.7
load=53.46
172728	41.6		6.1		6.9		251.8		466		25.0		53.5
load=50.46
173236	41.5		6.2		6.7		258.5		480		25.0		50.5
load=47.95
173744	41.8		6.4		6.5		267.7		494		25.0		48.0
load=44.95
174252	41.6		6.6		6.3		275.6		510		25.0		45.0
load=41.95
174760	41.8		6.8		6.1		284.5		525		25.0		42.0
load=41.18
175268	41.3		7.0		5.9		288.8		539		25.0		41.2
load=38.18
175776	41.5		7.2		5.8		297.7		554		25.0		38.2
load=35.18
176284	41.6		7.4		5.6		306.7		568		25.0		35.2
load=32.18
176792	41.5		7.6		5.5		313.2		582		25.0		32.2
load=29.18
177300	41.6		7.8		5.4		322.6		599		25.0		29.2
load=26.18
177808	41.5		7.9		5.2		329.6		613		25.0		26.2
load=25.98
178316	41.5		8.2		5.1		338.1		628		25.0		26.0
load=25.78
178824	41.5		8.3		5.0		345.1		642		25.0		25.8
load=22.78
179332	41.6		8.5		4.9		354.8		657		25.0		22.8
load=22.58
179840	41.6		8.7		4.8		362.2		671		25.0		22.6
load=22.38
180348	41.6		8.9		4.7		370.4		686		25.0		22.4
load=19.38
180856	41.5		9.1		4.6		377.0		701		25.0		19.4
load=16.38
181364	41.3		9.3		4.4		384.1		716		25.0		16.4
load=13.38
181872	41.5		9.5		4.4		393.1		731		25.0		13.4
load=10.53
182380	41.8		9.7		4.3		403.5		745		25.0		10.5
load=10.33
182888	41.8		9.8		4.2		411.2		759		25.0		10.3
load=8.80
183396	41.5		10.1		4.1		416.8		774		25.0		8.8
load=5.82
183904	41.8		10.2		4.1		427.7		790		25.0		5.8
load=2.82
184412	41.6		10.4		4.0		434.1		804		25.0		2.8
load=3.02
184920	41.5		10.5		4.0		434.1		807		25.0		3.0
load=2.82
185428	41.5		10.4		4.0		432.3		804		25.0		2.8
load=3.49
185936	41.3		10.4		4.0		431.0		803		25.0		3.5
load=3.29
186444	41.5		10.4		4.0		430.8		801		25.0		3.3
load=2.70
186952	41.6		10.4		4.0		431.5		800		25.0		2.7
load=1.87
187460	41.8		10.4		4.0		433.5		800		25.0		1.9
load=2.07
187968	41.8		10.4		4.0		433.2		800		25.0		2.1
load=2.27
188476	41.8		10.4		4.0		433.5		800		25.0		2.3
load=1.35
188984	41.5		10.4		4.0		430.1		800		25.0		1.4
load=0.19
189492	41.6		10.4		4.0		432.3		800		25.0		0.2
load=1.25
190000	41.5		10.4		4.0		430.3		800		25.0		1.3
load=1.98
190508	41.6		10.4		4.0		431.7		800		25.0		2.0
load=1.24
191016	41.3		10.4		4.0		428.9		800		25.0		1.2
load=0.46
191524	41.8		10.4		4.0		433.2		800		25.0		0.5
load=1.29
192032	41.5		10.4		4.0		430.1		800		25.0		1.3
load=2.29
192540	41.6		10.4		4.0		432.0		800		25.0		2.3
load=2.49
193048	41.6		10.4		4.0		432.0		800		25.0		2.5
load=3.32
193556	41.8		10.4		4.0		433.5		800		25.0		3.3
load=2.15
194064	41.6		10.4		4.0		431.4		800		25.0		2.2
load=2.49
194572	41.5		10.4		4.0		430.8		800		25.0		2.5
load=3.32
195080	41.8		10.4		4.0		433.8		800		25.0		3.3
load=2.32
195588	41.6		10.4		4.0		432.0		800		25.0		2.3
load=2.52
196096	41.6		10.4		4.0		431.7		800		25.0		2.5
load=1.77
196604	41.3		10.4		4.0		428.9		800		25.0		1.8
load=1.00
197112	41.8		10.4		4.0		433.2		800		25.0		1.0
load=1.83
197620	41.6		10.4		4.0		431.7		800		25.0		1.8
load=2.82
198128	41.8		10.4		4.0		433.5		800		25.0		2.8
load=2.62
198636	41.8		10.4		4.0		432.9		800		25.0		2.6
load=2.42
199144	41.8		10.4		4.0		433.2		800		25.0		2.4
load=2.22
199652	41.8		10.4		4.0		433.5		800		25.0		2.2
load=3.06
200160	41.6		10.4		4.0		432.0		800		25.0		3.1
load=2.86
200668	41.6		10.4		4.0		431.7		800		25.0		2.9
load=2.66
201176	41.6		10.4		4.0		431.7		800		25.0		2.7
load=2.86
201684	41.6		10.4		4.0		431.4		800		25.0		2.9
load=3.06
202192	41.6		10.4		4.0		431.4		800		25.0		3.1
load=3.26
202700	41.6		10.4		4.0		432.0		800		25.0		3.3
load=4.09
203208	41.8		10.4		4.0		433.5		800		25.0		4.1
load=3.09
203716	41.6		10.4		4.0		431.7		800		25.0		3.1
load=4.08
204224	41.5		10.4		4.0		429.8		800		25.0		4.1
load=5.25
204732	41.6		10.4		4.0		432.0		800		25.0		5.2
load=5.74
205240	41.8		10.4		4.0		432.9		800		25.0		5.7
load=5.25
205748	41.6		10.4		4.0		432.0		800		25.0		5.2
load=5.45
206256	41.6		10.4		4.0		431.7		800		25.0		5.4
load=6.28
206764	41.8		10.4		4.0		433.2		800		25.0		6.3
load=5.45
207272	41.5		10.4		4.0		430.1		800		25.0		5.4
load=4.45
207780	41.6		10.4		4.0		432.0		800		25.0		4.5
load=5.28
208288	41.5		10.4		4.0		430.4		800		25.0		5.3
load=6.11
208796	42.1		10.4		4.1		436.5		800		25.0		6.1
load=5.28
209304	41.5		10.4		4.0		430.4		800		25.0		5.3
load=4.45
209812	41.9		10.4		4.0		435.0		800		25.0		4.5
load=4.25
210320	41.9		10.4		4.0		435.0		800		25.0		4.3
load=5.08
210828	41.6		10.4		4.0		432.0		800		25.0		5.1
load=5.91
211336	41.9		10.4		4.0		435.0		800		25.0		5.9
load=5.08
211844	41.8		10.4		4.0		433.5		800		25.0		5.1
load=6.17
212352	41.7		10.4		4.0		432.2		800		25.0		6.2
load=7.25
212860	41.8		10.4		4.0		433.5		800		25.0		7.3
load=7.92
213368	41.9		10.4		4.0		434.7		800		25.0		7.9
load=7.09
213876	41.8		10.4		4.0		433.2		800		25.0		7.1
load=6.26
214384	41.9		10.4		4.0		434.7		800		25.0		6.3
load=6.06
214892	41.9		10.4		4.0		434.7		800		25.0		6.1
load=6.89
215400	41.5		10.4		4.0		430.1		800		25.0		6.9
load=7.88
215908	41.6		10.4		4.0		432.0		800		25.0		7.9
load=8.08
216416	41.6		10.4		4.0		432.0		800		25.0		8.1
load=9.08
216924	41.8		10.4		4.0		433.8		800		25.0		9.1
load=9.28
217432	41.8		10.4		4.0		433.8		800		25.0		9.3
load=9.08
217940	41.8		10.4		4.0		433.2		800		25.0		9.1
load=8.88
218448	41.8		10.4		4.0		433.2		800		25.0		8.9
load=9.38
218956	41.6		10.4		4.0		432.3		800		25.0		9.4
load=10.21
219464	41.8		10.4		4.0		433.8		800		25.0		10.2
load=10.01
219972	41.8		10.4		4.0		433.5		800		25.0		10.0
load=9.18
220480	41.9		10.4		4.0		435.0		800		25.0		9.2
load=10.34
220988	41.8		10.4		4.0		432.9		799		25.0		10.3
load=11.09
221496	42.1		10.4		4.1		435.6		799		25.0		11.1
load=8.87
222004	41.6		10.2		4.1		423.4		783		25.0		8.9
load=11.87
222512	41.8		10.0		4.2		416.7		769		25.0		11.9
load=8.87
223020	41.6		9.8		4.3		407.3		754		25.0		8.9
load=11.87
223528	41.8		9.6		4.3		401.4		740		25.0		11.9
load=11.67
224036	41.8		9.4		4.4		392.8		725		25.0		11.7
load=11.87
224544	41.8		9.2		4.5		384.5		710		25.0		11.9
load=8.87
225052	41.9		9.0		4.6		377.8		695		25.0		8.9
load=11.87
225560	41.6		8.8		4.7		366.7		680		25.0		11.9
load=8.87
226068	41.8		8.6		4.8		360.4		666		25.0		8.9
load=11.87
226576	41.9		8.5		5.0		354.3		651		25.0		11.9
load=8.87
227084	41.8		8.3		5.1		344.8		636		25.0		8.9
load=9.07
227592	41.8		8.1		5.2		337.1		622		25.0		9.1
load=8.87
228100	41.8		7.9		5.3		328.9		606		25.0		8.9
load=9.07
228608	41.8		7.7		5.4		320.3		591		25.0		9.1
load=6.07
229116	41.9		7.5		5.6		314.1		577		25.0		6.1
load=8.75
229624	41.6		7.3		5.7		304.2		563		25.0		8.8
load=5.75
230132	41.8		7.1		5.9		296.7		548		25.0		5.8
load=8.75
230640	41.9		6.9		6.0		290.4		534		25.0		8.8
load=8.55
231148	41.9		6.7		6.2		282.4		519		25.0		8.6
load=8.75
231656	41.9		6.5		6.4		274.1		503		25.0		8.8
load=5.90
232164	41.6		6.3		6.6		263.7		489		25.0		5.9
load=7.49
232672	41.9		6.2		6.8		257.9		475		25.0		7.5
load=7.29
233180	41.9		6.0		7.0		251.1		460		25.0		7.3
load=7.49
233688	41.9		5.8		7.2		242.2		445		25.0		7.5
load=4.49
234196	41.8		5.6		7.5		233.7		431		25.0		4.5
load=4.69
234704	41.8		5.4		7.7		225.2		414		25.0		4.7
load=4.49
235212	41.8		5.2		8.1		216.6		400		25.0		4.5
load=7.49
235720	41.6		5.0		8.3		208.2		385		25.0		7.5
load=7.29
236228	41.6		4.8		8.6		200.6		371		25.0		7.3
load=7.49
236736	41.6		4.6		9.0		192.7		357		25.0		7.5
load=4.49
237244	41.8		4.4		9.4		185.7		342		25.0		4.5
load=6.98
237752	42.0		4.2		9.9		178.2		326		25.0		7.0
load=5.37
238260	41.5		4.0		10.3		167.4		311		25.0		5.4
load=5.17
238768	41.6		4.0		10.3		167.7		309		25.0		5.2
load=5.37
239276	41.6		4.0		10.5		165.5		306		25.0		5.4
load=3.89
239784	41.5		3.9		10.6		162.8		302		25.0		3.9
load=4.09
240292	41.5		3.9		10.6		161.6		300		25.0		4.1
load=4.29
240800	41.6		3.9		10.7		161.9		299		25.0		4.3
load=4.49
241308	41.9		3.9		10.8		162.4		298		25.0		4.5
load=4.29
241816	41.6		3.9		10.7		162.2		300		25.0		4.3
load=3.98
242324	41.8		3.9		10.7		162.8		300		25.0		4.0
load=3.67
242832	42.1		3.9		10.8		163.9		300		25.0		3.7
load=3.98
243340	41.8		3.9		10.7		162.8		300		25.0		4.0
load=4.18
243848	41.8		3.9		10.7		162.8		300		25.0		4.2
load=4.38
244356	41.8		3.9		10.7		163.1		300		25.0		4.4
load=4.18
244864	41.8		3.9		10.7		162.8		300		25.0		4.2
load=3.87
245372	41.9		3.9		10.8		163.3		300		25.0		3.9
load=4.18
245880	41.6		3.9		10.7		162.2		300		25.0		4.2
load=4.38
246388	41.8		3.9		10.7		162.4		300		25.0		4.4
load=4.15
246896	41.5		3.9		10.6		161.6		300		25.0		4.2
load=3.84
247404	41.8		3.9		10.7		162.8		300		25.0		3.8
load=3.64
247912	41.8		3.9		10.7		162.8		300		25.0		3.6
load=3.44
248420	41.8		3.9		10.7		163.1		300		25.0		3.4
load=3.24
248928	41.8		3.9		10.7		163.4		300		25.0		3.2
load=3.89
249436	41.6		3.9		10.7		162.2		300		25.0		3.9
load=4.28
249944	41.9		3.9		10.7		163.6		300		25.0		4.3
load=4.48
250452	41.9		3.9		10.7		164.2		300		25.0		4.5
load=4.28
250960	41.9		3.9		10.7		163.6		300		25.0		4.3
load=4.08
251468	41.9		3.9		10.7		163.6		300		25.0		4.1
load=3.88
251976	41.9		3.9		10.7		163.6		300		25.0		3.9
load=4.08
252484	41.9		3.9		10.8		163.3		300		25.0		4.1
load=4.28
252992	41.9		3.9		10.7		163.6		300		25.0		4.3
load=4.08
253500	41.9		3.9		10.8		163.3		300		25.0		4.1
load=4.31
254008	41.6		3.9		10.7		162.5		300		25.0		4.3
load=4.11
254516	41.8		3.9		10.7		162.4		300		25.0		4.1
load=3.63
255024	41.9		3.9		10.8		163.3		300		25.0		3.6
load=3.94
255532	41.8		3.9		10.7		162.8		300		25.0		3.9
load=3.47
256040	41.6		3.9		10.7		161.9		300		25.0		3.5
load=2.82
256548	41.8		3.9		10.7		163.1		300		25.0		2.8
load=3.22
257056	41.5		3.9		10.6		161.6		300		25.0		3.2
load=3.42
257564	41.6		3.9		10.7		161.9		300		25.0		3.4
load=3.81
258072	41.9		3.9		10.8		163.3		300		25.0		3.8
load=3.50
258580	41.5		3.9		10.6		161.6		300		25.0		3.5
load=3.02
259088	41.6		3.9		10.7		162.5		300		25.0		3.0
load=2.79
259596	41.9		3.9		10.8		163.3		300		25.0		2.8
load=3.10
260104	41.8		3.9		10.7		162.8		300		25.0		3.1
load=3.42
260612	41.9		3.9		10.8		163.3		300		25.0		3.4
load=3.22
261120	41.8		3.9		10.7		163.1		300		25.0		3.2
load=3.42
261628	41.8		3.9		10.7		162.8		300		25.0		3.4
load=3.89
262136	41.9		3.9		10.7		163.6		300		25.0		3.9
load=3.58
262644	41.6		3.9		10.7		162.5		300		25.0		3.6
load=3.38
263152	41.9		3.9		10.8		163.0		300		25.0		3.4
load=3.18
263660	41.9		3.9		10.8		163.3		300		25.0		3.2
load=3.66
264168	41.8		3.9		10.7		162.4		300		25.0		3.7
load=3.86
264676	41.8		3.9		10.7		163.1		300		25.0		3.9
load=3.66
265184	41.8		3.9		10.7		162.4		300		25.0		3.7
load=3.35
265692	41.9		3.9		10.8		163.0		300		25.0		3.3
load=3.15
266200	41.8		3.9		10.7		163.1		300		25.0		3.1
load=2.95
266708	41.9		3.9		10.8		163.3		300		25.0		2.9
load=3.15
267216	41.8		3.9		10.7		163.1		300		25.0		3.1
load=2.84
267724	41.6		3.9		10.7		162.5		300		25.0		2.8
load=2.53
268232	41.8		3.9		10.7		163.1		300		25.0		2.5
load=2.33
268740	41.8		3.9		10.7		163.1		300		25.0		2.3
load=2.13
269248	41.9		3.9		10.8		163.3		300		25.0		2.1
load=2.60
269756	41.6		3.9		10.7		161.6		300		25.0		2.6
load=3.00
270264	41.9		3.9		10.8		163.0		300		25.0		3.0
load=3.20
270772	41.9		3.9		10.7		163.6		300		25.0		3.2
load=3.51
271280	42.1		3.9		10.8		164.2		300		25.0		3.5
load=3.20
271788	41.6		3.9		10.7		162.5		300		25.0		3.2
load=2.97
272296	41.9		3.9		10.8		163.3		300		25.0		3.0
load=3.20
272804	41.6		3.9		10.7		162.5		300		25.0		3.2
load=3.68
273312	41.8		3.9		10.7		163.4		300		25.0		3.7
load=3.03
273820	41.6		3.9		10.7		162.2		300		25.0		3.0
load=2.55
274328	41.9		3.9		10.7		163.9		300		25.0		2.6
load=3.37
274836	41.8		3.9		10.7		162.4		300		25.0		3.4
load=3.57
275344	41.8		3.9		10.7		162.4		300		25.0		3.6
load=3.37
275852	41.7		3.9		10.7		162.4		300		25.0		3.4
load=3.68
276360	41.5		3.9		10.6		161.6		300		25.0		3.7
load=4.07
276868	41.8		3.9		10.7		163.1		300		25.0		4.1
load=3.59
277376	41.6		3.9		10.7		162.2		300		25.0		3.6
load=3.28
277884	41.8		3.9		10.7		162.8		300		25.0		3.3
load=3.48
278392	41.6		3.9		10.7		162.5		300		25.0		3.5
load=3.28
278900	41.6		3.9		10.7		162.2		300		25.0		3.3
load=3.05
279408	41.9		3.9		10.8		163.0		300		25.0		3.1
load=3.25
279916	41.6		3.9		10.7		162.5		300		25.0		3.3
load=3.45
280424	41.8		3.9		10.7		162.8		300		25.0		3.5
load=3.25
280932	41.5		3.9		10.6		162.2		301		25.0		3.3
load=2.72
281440	41.9		3.9		10.6		165.2		303		25.0		2.7
load=1.71
281948	41.5		4.1		10.1		170.7		317		25.0		1.7
load=1.51
282456	41.5		4.3		9.6		179.2		333		25.0		1.5
load=0.00
282964	41.8		4.5		9.3		188.4		347		25.0		0.0
load=0.00
283472	41.8		4.7		8.9		196.7		362		25.0		0.0
load=0.00
283980	41.8		4.9		8.5		204.0		376		25.0		0.0
load=0.00
284488	41.6		5.1		8.2		211.0		391		25.0		0.0
load=0.00
284996	41.8		5.3		7.9		220.3		406		25.0		0.0
load=0.00
285504	41.6		5.5		7.6		227.7		422		25.0		0.0
load=0.00
286012	41.8		5.7		7.4		236.2		436		25.0		0.0
load=0.00
286520	41.5		5.8		7.1		242.4		451		25.0		0.0
load=0.00
287028	41.9		6.0		7.0		252.7		465		25.0		0.0
load=0.00
287536	41.6		6.2		6.7		259.1		480		25.0		0.0
load=0.00
288044	41.6		6.4		6.5		267.0		494		25.0		0.0
load=0.00
288552	41.7		6.6		6.3		275.9		510		25.0		0.0
load=0.00
289060	41.6		6.8		6.1		283.8		525		25.0		0.0
load=0.00
289568	41.8		7.0		6.0		292.2		539		25.0		0.0
load=0.00
290076	41.8		7.2		5.8		300.1		554		25.0		0.0
load=0.00
290584	41.8		7.4		5.7		308.1		568		25.0		0.0
load=0.00
291092	41.6		7.6		5.5		314.3		582		25.0		0.0
load=0.00
291600	41.5		7.7		5.4		321.3		599		25.0		0.0
load=0.00
292108	41.8		8.0		5.2		332.5		613		25.0		0.0
load=0.00
292616	41.8		8.1		5.1		340.2		628		25.0		0.0
load=0.00
293124	41.6		8.3		5.0		346.6		642		25.0		0.0
load=0.00
293632	41.8		8.5		4.9		355.5		656		25.0		0.0
load=0.00
294140	41.6		8.7		4.8		362.5		671		25.0		0.0
load=0.00
294648	41.6		8.9		4.7		369.2		685		25.0		0.0
load=0.00
295156	41.8		9.1		4.6		379.3		701		25.0		0.0
load=0.00
295664	41.6		9.3		4.5		386.2		715		25.0		0.0
load=0.00
296172	41.8		9.5		4.4		395.9		731		25.0		0.0
load=0.00
296680	41.6		9.7		4.3		402.1		745		25.0		0.0
load=0.00
297188	41.5		9.8		4.2		408.0		759		25.0		0.0
load=0.00
297696	41.5		10.0		4.1		415.6		773		25.0		0.0
load=0.00
298204	41.8		10.2		4.1		424.9		785		25.0		0.0
load=0.65
298712	41.5		10.2		4.1		422.6		786		25.0		0.6
load=3.65
299220	41.6		10.3		4.0		428.6		794		25.0		3.6
load=3.85
299728	41.5		10.3		4.0		428.9		797		25.0		3.8
load=4.34
300236	41.6		10.3		4.0		429.8		797		25.0		4.3
load=4.54
300744	41.6		10.3		4.0		430.1		797		25.0		4.5
load=5.93
301252	41.6		10.4		4.0		430.9		799		25.0		5.9
load=6.89
301760	41.8		10.4		4.0		433.2		800		25.0		6.9
load=7.09
302268	41.8		10.4		4.0		433.8		800		25.0		7.1
load=6.18
302776	41.5		10.4		4.0		430.4		800		25.0		6.2
load=5.26
303284	41.8		10.4		4.0		433.8		800		25.0		5.3
load=5.46
303792	41.8		10.4		4.0		433.2		800		25.0		5.5
load=6.46
304300	41.9		10.4		4.0		435.0		800		25.0		6.5
load=5.30
304808	41.8		10.4		4.0		432.9		800		25.0		5.3
load=5.50
305316	41.8		10.4		4.0		432.6		800		25.0		5.5
load=5.17
305824	41.6		10.4		4.0		432.0		800		25.0		5.2
load=4.97
306332	41.6		10.4		4.0		432.0		800		25.0		5.0
load=3.97
306840	41.8		10.4		4.0		433.8		800		25.0		4.0
load=4.17
307348	41.8		10.4		4.0		433.2		800		25.0		4.2
load=3.17
307856	41.6		10.4		4.0		431.4		800		25.0		3.2
load=2.97
308364	41.6		10.4		4.0		432.3		800		25.0		3.0
load=3.17
308872	41.6		10.4		4.0		431.7		800		25.0		3.2
load=2.51
309380	41.5		10.4		4.0		430.4		800		25.0		2.5
load=1.68
309888	41.6		10.4		4.0		432.0		800		25.0		1.7
load=1.18
310396	41.8		10.4		4.0		432.9		800		25.0		1.2
load=0.35
310904	41.9		10.4		4.0		434.4		800		25.0		0.4
load=1.18
311412	41.5		10.4		4.0		429.8		800		25.0		1.2
load=2.34
311920	41.6		10.4		4.0		432.0		800		25.0		2.3
load=1.51
312428	41.5		10.4		4.0		430.4		800		25.0		1.5
load=0.68
312936	41.8		10.4		4.0		433.5		800		25.0		0.7
load=1.68
313444	41.6		10.4		4.0		431.7		800		25.0		1.7
load=2.68
313952	41.8		10.4		4.0		433.5		800		25.0		2.7
load=2.48
314460	41.8		10.4		4.0		433.2		800		25.0		2.5
load=2.28
314968	41.8		10.4		4.0		433.5		800		25.0		2.3
load=3.27
315476	41.5		10.4		4.0		429.8		800		25.0		3.3
load=4.10
315984	41.6		10.4		4.0		431.4		800		25.0		4.1
load=4.30
316492	41.6		10.4		4.0		431.7		800		25.0		4.3
load=4.50
317000	41.6		10.4		4.0		431.7		800		25.0		4.5
load=4.70
317508	41.6		10.4		4.0		432.0		800		25.0		4.7
load=3.79
318016	41.3		10.4		4.0		428.6		800		25.0		3.8
load=3.04
318524	41.6		10.4		4.0		431.4		800		25.0		3.0
load=1.88
319032	41.8		10.4		4.0		433.5		800		25.0		1.9
load=2.71
319540	41.3		10.4		4.0		428.9		800		25.0		2.7
load=3.46
320048	41.6		10.4		4.0		431.7		800		25.0		3.5
load=2.46
320556	41.5		10.4		4.0		429.8		800		25.0		2.5
load=1.47
321064	41.6		10.4		4.0		431.7		800		25.0		1.5
load=2.21
321572	41.3		10.4		4.0		428.9		800		25.0		2.2
load=2.88
322080	41.5		10.4		4.0		430.1		800		25.0		2.9
load=2.05
322588	41.3		10.4		4.0		428.6		800		25.0		2.0
load=1.30
323096	41.6		10.4		4.0		431.4		800		25.0		1.3
load=1.10
323604	41.6		10.4		4.0		432.0		800		25.0		1.1
load=1.30
324112	41.6		10.4		4.0		431.7		800		25.0		1.3
load=0.64
324620	41.3		10.4		4.0		429.2		800		25.0		0.6
load=0.00
325128	41.6		10.4		4.0		431.7		800		25.0		0.0
load=0.83
325636	41.5		10.4		4.0		430.1		800		25.0		0.8
load=1.66
326144	41.9		10.4		4.0		434.7		800		25.0		1.7
load=0.69
326652	41.6		10.4		4.0		430.5		800		25.0		0.7
load=1.26
327160	41.5		10.4		4.0		429.8		800		25.0		1.3
load=1.46
327668	41.5		10.4		4.0		429.8		800		25.0		1.5
load=1.66
328176	41.5		10.4		4.0		430.1		800		25.0		1.7
load=0.83
328684	41.3		10.4		4.0		428.6		800		25.0		0.8
load=0.00
329192	41.8		10.4		4.0		433.2		800		25.0		0.0
load=0.97
329700	41.6		10.4		4.0		431.4		800		25.0		1.0
load=0.43
330208	41.5		10.4		4.0		430.4		800		25.0		0.4
load=0.00
330716	41.6		10.4		4.0		432.0		800		25.0		0.0
load=1.00
331224	41.5		10.4		4.0		430.1		800		25.0		1.0
load=0.33
331732	41.3		10.4		4.0		428.9		800		25.0		0.3
load=0.00
332240	41.6		10.4		4.0		431.7		800		25.0		0.0
load=0.00
332748	41.8		10.4		4.0		432.9		800		25.0		0.0
load=0.00
333256	41.8		10.4		4.0		432.9		800		25.0		0.0
load=0.66
333764	41.6		10.4		4.0		431.7		800		25.0		0.7
load=0.00
334272	41.5		10.4		4.0		429.8		800		25.0		0.0
load=0.83
334780	41.3		10.4		4.0		428.3		800		25.0		0.8
load=1.03
335288	41.3		10.4		4.0		428.9		800		25.0		1.0
load=0.83
335796	41.3		10.4		4.0		428.6		800		25.0		0.8
load=0.63
336304	41.3		10.4		4.0		428.6		800		25.0		0.6
load=0.43
336812	41.3		10.4		4.0		428.6		800		25.0		0.4
load=0.00
337320	41.5		10.4		4.0		430.1		800		25.0		0.0
load=0.00
337828	41.5		10.4		4.0		430.1		800		25.0		0.0
load=0.00
338336	41.6		10.4		4.0		431.7		800		25.0		0.0
load=0.83
338844	41.3		10.4		4.0		428.6		800		25.0		0.8
load=1.72
339352	41.7		10.4		4.0		433.0		800		25.0		1.7
load=0.64
339860	41.6		10.4		4.0		431.7		800		25.0		0.6
load=1.47
340368	41.5		10.4		4.0		430.1		800		25.0		1.5
load=1.67
340876	41.5		10.4		4.0		430.4		800		26.0		1.7
load=1.87
341384	41.5		10.4		4.0		430.8		800		26.0		1.9
load=1.16
341892	40.1		10.4		3.8		419.1		800		40.0		1.2
load=1.93
342400	37.9		10.5		3.6		397.8		800		55.0		1.9
load=1.07
342908	37.2		10.5		3.6		389.9		800		57.0		1.1
load=0.00
343416	37.4		10.5		3.6		392.0		800		59.0		0.0
load=0.00
343924	37.5		10.5		3.6		393.8		800		60.0		0.0
load=0.91
344432	37.2		10.5		3.5		390.4		800		60.0		0.9
load=0.08
344940	37.1		10.5		3.5		388.9		800		60.0		0.1
load=0.62
345448	36.9		10.5		3.5		387.9		800		60.0		0.6
load=1.46
345956	37.5		10.5		3.6		394.1		800		60.0		1.5
load=0.32
346464	37.4		10.5		3.6		392.0		800		60.0		0.3
load=0.00
346972	37.5		10.5		3.6		393.8		800		60.0		0.0
load=0.84
347480	37.1		10.5		3.5		389.2		800		60.0		0.8
load=0.00
347988	36.9		10.5		3.5		387.4		800		60.0		0.0
load=0.00
348496	37.2		10.5		3.5		390.7		800		60.0		0.0
load=0.00
349004	37.5		10.5		3.6		394.3		800		60.0		0.0
load=0.20
349512	37.5		10.5		3.6		393.8		800		60.0		0.2
load=0.00
350020	36.9		10.5		3.5		387.6		800		60.0		0.0
load=0.20
350528	36.9		10.5		3.5		387.4		800		60.0		0.2
load=1.19
351036	37.2		10.5		3.5		391.0		800		60.0		1.2
load=2.03
351544	37.4		10.5		3.6		392.5		800		60.0		2.0
load=1.19
352052	37.3		10.5		3.6		392.1		800		60.0		1.2
load=2.20
352560	37.1		10.5		3.5		388.9		800		60.0		2.2
load=2.40
353068	37.1		10.5		3.5		389.2		800		60.0		2.4
load=3.24
353576	37.4		10.5		3.6		392.2		800		60.0		3.2
load=4.08
354084	37.5		10.5		3.6		393.8		800		60.0		4.1
load=3.32
354592	37.2		10.5		3.5		391.0		800		60.0		3.3
load=4.42
355100	37.1		10.5		3.5		388.9		800		60.0		4.4
load=4.22
355608	37.1		10.5		3.5		388.9		800		60.0		4.2
load=3.34
356116	37.5		10.5		3.6		393.8		800		60.0		3.3
load=3.14
356624	37.5		10.5		3.6		394.6		800		60.0		3.1
load=3.34
357132	37.5		10.5		3.6		394.1		800		60.0		3.3
load=2.35
357640	37.1		10.5		3.5		388.6		800		60.0		2.3
load=2.15
358148	37.1		10.5		3.5		388.9		800		60.0		2.1
load=1.16
358656	37.2		10.5		3.5		390.7		800		60.0		1.2
load=0.17
359164	37.4		10.5		3.6		392.5		800		60.0		0.2
load=0.37
359672	37.4		10.5		3.6		392.2		800		60.0		0.4
load=0.00
360180	36.9		10.5		3.5		387.4		800		60.0		0.0
load=0.00
360688	36.9		10.5		3.5		387.9		800		60.0		0.0
load=0.00
361196	37.1		10.5		3.5		389.2		800		60.0		0.0
load=0.00
361704	37.7		10.5		3.6		395.9		800		60.0		0.0
load=0.99
362212	37.2		10.5		3.5		390.4		800		60.0		1.0
load=0.15
362720	37.1		10.5		3.5		388.9		800		60.0		0.2
load=0.00
363228	37.1		10.5		3.5		389.2		800		60.0		0.0
load=0.00
363736	37.4		10.5		3.6		392.8		800		60.0		0.0
load=0.20
364244	37.4		10.5		3.6		392.5		800		60.0		0.2
load=0.00
364752	37.4		10.5		3.6		392.0		800		60.0		0.0
load=0.74
365260	36.9		10.5		3.5		387.9		800		60.0		0.7
load=0.94
365768	36.9		10.5		3.5		388.2		800		60.0		0.9
load=1.63
366276	37.1		10.5		3.5		389.4		800		60.0		1.6
load=2.47
366784	37.5		10.5		3.6		394.1		800		60.0		2.5
load=2.67
367292	37.5		10.5		3.6		394.1		800		60.0		2.7
load=1.77
367800	36.9		10.5		3.5		387.4		800		60.0		1.8
load=0.79
368308	37.2		10.5		3.5		391.0		800		60.0		0.8
load=1.63
368816	37.1		10.5		3.5		389.4		800		60.0		1.6
load=2.52
369324	37.5		10.5		3.6		394.3		800		60.0		2.5
load=1.61
369832	37.2		10.5		3.5		391.0		800		60.0		1.6
load=2.75
370340	37.1		10.5		3.5		388.9		800		60.0		2.7
load=2.95
370848	37.1		10.5		3.5		388.9		800		60.0		2.9
load=3.93
371356	37.2		10.5		3.5		390.7		800		60.0		3.9
load=4.77
371864	37.5		10.5		3.6		393.8		800		60.0		4.8
load=4.08
372372	37.4		10.5		3.6		392.5		800		60.0		4.1
load=5.07
372880	37.1		10.5		3.5		388.9		800		60.0		5.1
load=5.27
373388	37.1		10.5		3.5		389.2		800		60.0		5.3
load=6.11
373896	37.2		10.5		3.5		390.7		800		60.0		6.1
load=6.95
374404	37.5		10.5		3.6		393.8		800		60.0		7.0
load=6.26
374912	37.4		10.5		3.6		392.5		800		60.0		6.3
load=7.20
375420	36.9		10.5		3.5		387.4		800		60.0		7.2
load=7.40
375928	36.9		10.5		3.5		387.4		800		60.0		7.4
load=8.29
376436	37.4		10.5		3.6		392.2		800		60.0		8.3
load=9.43
376944	37.5		10.5		3.6		394.3		800		60.0		9.4
load=8.29
377452	37.4		10.5		3.6		392.2		800		60.0		8.3
load=9.18
377960	36.9		10.5		3.5		387.4		800		60.0		9.2
load=10.17
378468	37.1		10.5		3.5		389.2		800		60.0		10.2
load=11.01
378976	37.2		10.5		3.5		390.7		800		60.0		11.0
load=12.00
379484	37.4		10.5		3.6		392.5		800		60.0		12.0
load=11.16
379992	37.1		10.5		3.5		389.4		800		60.0		11.2
load=11.36
380500	37.1		10.5		3.5		389.1		800		60.0		11.4
load=10.53
381008	36.8		10.5		3.5		386.1		800		60.0		10.5
load=9.65
381516	37.4		10.5		3.6		392.5		800		60.0		9.7
load=9.85
382024	37.4		10.5		3.6		392.2		800		60.0		9.9
load=9.31
382532	37.2		10.5		3.5		391.2		800		60.0		9.3
load=10.60
383040	37.1		10.5		3.5		388.9		800		60.0		10.6
load=9.91
383548	36.9		10.5		3.5		387.6		800		60.0		9.9
load=9.07
384056	37.4		10.5		3.6		392.2		800		60.0		9.1
load=8.87
384564	37.4		10.5		3.6		392.5		800		60.0		8.9
load=9.85
385072	37.2		10.5		3.5		390.7		800		60.0		9.9
load=9.16
385580	37.1		10.5		3.5		389.4		800		60.0		9.2
load=8.77
386088	37.2		10.5		3.5		390.2		800		60.0		8.8
load=8.57
386596	37.2		10.5		3.5		391.0		800		60.0		8.6
load=7.68
387104	37.7		10.5		3.6		395.9		800		60.0		7.7
load=8.67
387612	37.4		10.5		3.6		392.2		800		60.0		8.7
load=7.83
388120	36.9		10.5		3.5		387.6		800		60.0		7.8
load=8.03
388628	36.9		10.5		3.5		387.4		800		60.0		8.0
load=8.94
389136	37.2		10.5		3.5		390.7		800		60.0		8.9
load=9.78
389644	37.5		10.5		3.6		393.8		800		60.0		9.8
load=9.01
390152	37.2		10.5		3.5		390.4		800		60.0		9.0
load=10.03
390660	36.9		10.5		3.5		387.4		800		60.0		10.0
load=10.79
391168	37.2		10.5		3.5		390.2		800		60.0		10.8
load=12.08
391676	37.4		10.5		3.6		392.5		800		60.0		12.1
load=12.28
392184	37.4		10.5		3.6		392.8		800		60.0		12.3
load=11.29
392692	37.2		10.5		3.5		391.0		800		60.0		11.3
load=12.20
393200	36.6		10.5		3.5		384.3		800		60.0		12.2
load=13.14
393708	37.1		10.5		3.5		389.4		800		60.0		13.1
load=13.83
394216	37.2		10.5		3.5		390.7		800		60.0		13.8
load=14.67
394724	37.5		10.5		3.6		393.8		800		60.0		14.7
load=13.83
395232	37.2		10.5		3.5		390.7		800		60.0		13.8
load=14.60
395740	36.9		10.5		3.5		387.9		800		60.0		14.6
load=15.29
396248	37.1		10.5		3.5		389.2		800		60.0		15.3
load=16.13
396756	37.4		10.5		3.6		392.2		800		60.0		16.1
load=16.33
397264	37.4		10.5		3.6		392.5		800		60.0		16.3
load=15.49
397772	37.2		10.5		3.5		391.0		800		60.0		15.5
load=16.40
398280	36.9		10.5		3.5		387.6		800		60.0		16.4
load=16.60
398788	36.9		10.5		3.5		387.6		800		60.0		16.6
load=17.52
399296	37.2		10.5		3.5		391.0		800		60.0		17.5
load=18.51
399804	37.4		10.5		3.6		392.8		800		60.0		18.5
load=17.44
400312	37.1		10.5		3.5		388.9		800		60.0		17.4
load=16.46
400820	37.2		10.5		3.5		390.7		800		59.0		16.5
load=15.67
401328	37.7		10.5		3.6		395.0		800		56.0		15.7
load=14.91
401836	39.9		10.4		3.8		415.8		800		41.0		14.9
load=14.15
402344	40.9		10.4		3.9		425.6		800		32.0		14.1
load=14.35
402852	40.9		10.4		3.9		425.0		800		30.0		14.3
load=15.01
403360	41.3		10.4		4.0		428.6		800		26.0		15.0
load=14.81
403868	41.3		10.4		4.0		428.0		800		24.0		14.8
load=13.82
404376	41.8		10.4		4.0		433.5		800		24.0		13.8
load=14.02
404884	41.8		10.4		4.0		433.2		800		25.0		14.0
load=13.19
405392	41.6		10.4		4.0		431.7		800		25.0		13.2
load=14.03
405900	41.3		10.4		4.0		428.6		800		25.0		14.0
load=14.90
406408	41.5		10.4		4.0		430.1		800		25.0		14.9
load=15.81
406916	41.8		10.4		4.0		433.5		800		25.0		15.8
load=16.64
407424	41.9		10.4		4.0		435.0		800		25.0		16.6
load=15.64
407932	41.6		10.4		4.0		431.4		800		25.0		15.6
load=16.47
408440	41.3		10.4		4.0		428.3		800		25.0		16.5
load=15.64
408948	41.0		10.4		4.0		425.3		800		25.0		15.6
load=14.71
409456	41.8		10.4		4.0		433.8		800		25.0		14.7
load=14.51
409964	41.8		10.4		4.0		433.8		800		25.0		14.5
load=15.51
410472	41.5		10.4		4.0		430.1		800		25.0		15.5
load=14.60
410980	41.2		10.4		4.0		426.8		800		25.0		14.6
load=14.40
411488	41.2		10.4		4.0		427.1		800		25.0		14.4
load=13.57
411996	41.8		10.4		4.0		433.2		800		25.0		13.6
load=14.23
412504	41.6		10.4		4.0		432.0		800		25.0		14.2
load=13.40
413012	41.5		10.4		4.0		430.4		800		25.0		13.4
load=14.73
413520	41.3		10.4		4.0		428.0		800		25.0		14.7
load=15.64
414028	41.6		10.4		4.0		431.4		800		25.0		15.6
load=15.84
414536	41.6		10.4		4.0		432.0		800		25.0		15.8
load=16.04
415044	41.6		10.4		4.0		432.3		800		25.0		16.0
load=14.96
415552	41.4		10.4		4.0		429.6		800		25.0		15.0
load=16.05
416060	41.3		10.4		4.0		428.3		800		25.0		16.0
load=17.04
416568	41.5		10.4		4.0		430.1		800		25.0		17.0
load=18.04
417076	41.6		10.4		4.0		432.0		800		25.0		18.0
load=18.87
417584	41.8		10.4		4.0		433.5		800		25.0		18.9
load=17.96
418092	41.5		10.4		4.0		430.1		800		25.0		18.0
load=18.92
418600	41.3		10.4		4.0		428.4		800		25.0		18.9
load=18.22
419108	41.2		10.4		4.0		427.1		800		25.0		18.2
load=17.39
419616	41.8		10.4		4.0		433.2		800		25.0		17.4
load=18.06
420124	41.5		10.4		4.0		430.8		800		25.0		18.1
load=18.55
420632	41.6		10.4		4.0		431.7		800		25.0		18.6
load=17.72
421140	41.2		10.4		4.0		427.1		800		25.0		17.7
load=16.89
421648	41.5		10.4		4.0		430.1		800		25.0		16.9
load=15.73
422156	41.6		10.4		4.0		432.3		800		25.0		15.7
load=14.90
422664	41.8		10.4		4.0		433.8		800		25.0		14.9
load=15.84
423172	41.3		10.4		4.0		428.6		800		25.0		15.8
load=15.01
423680	41.2		10.4		4.0		427.1		800		25.0		15.0
load=14.18
424188	41.6		10.4		4.0		431.7		800		25.0		14.2
load=15.01
424696	41.5		10.4		4.0		430.1		800		25.0		15.0
load=15.92
425204	41.8		10.4		4.0		433.5		800		25.0		15.9
load=14.93
425712	41.6		10.4		4.0		431.7		800		25.0		14.9
load=15.92
426220	41.5		10.4		4.0		429.8		800		25.0		15.9
load=16.12
426728	41.5		10.4		4.0		430.1		800		25.0		16.1
load=17.01
427236	41.9		10.4		4.0		435.0		800		25.0		17.0
load=16.18
427744	41.8		10.4		4.0		433.5		800		25.0		16.2
load=17.08
428252	41.4		10.4		4.0		429.6		800		25.0		17.1
load=17.91
428760	41.5		10.4		4.0		430.1		800		25.0		17.9
load=18.11
429268	41.5		10.4		4.0		430.1		800		25.0		18.1
load=18.94
429776	41.8		10.4		4.0		433.2		800		25.0		18.9
load=19.77
430284	41.9		10.4		4.0		434.7		800		25.0		19.8
load=19.11
430792	41.8		10.4		4.0		433.5		800		25.0		19.1
load=20.05
431300	41.5		10.4		4.0		430.0		800		25.0		20.1
load=20.25
431808	41.5		10.4		4.0		430.4		800		25.0		20.3
load=20.45
432316	41.5		10.4		4.0		430.4		800		25.0		20.5
load=21.20
432824	41.8		10.4		4.0		433.2		800		25.0		21.2
load=20.45
433332	41.5		10.4		4.0		430.4		800		25.0		20.5
load=20.65
433840	41.5		10.4		4.0		429.8		800		25.0		20.7
load=20.85
434348	41.5		10.4		4.0		430.1		800		25.0		20.9
load=21.85
434856	41.8		10.4		4.0		433.8		800		25.0		21.8
load=22.68
435364	41.9		10.4		4.0		435.3		800		25.0		22.7
load=21.68
435872	41.5		10.4		4.0		429.8		800		25.0		21.7
load=21.48
436380	41.5		10.4		4.0		430.1		800		25.0		21.5
load=21.68
436888	41.5		10.4		4.0		429.5		800		25.0		21.7
load=22.76
437396	41.8		10.4		4.0		433.5		800		25.0		22.8
load=21.93
437904	41.6		10.4		4.0		432.0		800		25.0		21.9
load=22.13
438412	41.6		10.4		4.0		431.7		800		25.0		22.1
load=21.14
438920	41.3		10.4		4.0		428.0		800		25.0		21.1
load=20.23
439428	41.6		10.4		4.0		431.4		800		25.0		20.2
load=20.03
439936	41.6		10.4		4.0		432.0		800		25.0		20.0
load=19.83
440444	41.6		10.4		4.0		432.0		800		25.0		19.8
load=20.90
440952	41.3		10.4		4.0		428.0		800		25.0		20.9
load=21.10
441460	41.3		10.4		4.0		428.3		800		25.0		21.1
load=22.10
441968	41.5		10.4		4.0		430.1		800		25.0		22.1
load=22.93
442476	41.8		10.4		4.0		433.2		800		25.0		22.9
load=23.93
442984	41.9		10.4		4.0		435.0		800		25.0		23.9
load=22.99
443492	41.5		10.4		4.0		429.8		800		25.0		23.0
load=22.79
444000	41.5		10.4		4.0		430.1		800		25.0		22.8
load=22.99
444508	41.5		10.4		4.0		429.5		800		25.0		23.0
load=23.98
445016	41.8		10.4		4.0		433.2		800		25.0		24.0
load=23.32
445524	41.5		10.4		4.0		430.8		800		25.0		23.3
load=23.52
446032	41.5		10.4		4.0		430.4		800		25.0		23.5
load=23.32
446540	41.5		10.4		4.0		429.5		800		25.0		23.3
load=23.12
447048	41.5		10.4		4.0		430.1		800		25.0		23.1
load=22.12
447556	41.6		10.4		4.0		432.0		800		25.0		22.1
load=22.32
448064	41.6		10.4		4.0		431.7		800		25.0		22.3
load=21.33
448572	41.5		10.4		4.0		429.8		800		25.0		21.3
load=22.10
449080	41.0		10.4		4.0		425.6		800		25.0		22.1
load=22.87
449588	41.5		10.4		4.0		429.8		800		25.0		22.9
load=23.87
450096	41.8		10.4		4.0		433.5		800		25.0		23.9
load=24.70
450604	41.9		10.4		4.0		435.0		800		25.0		24.7
load=23.82
451112	41.5		10.4		4.0		430.1		800		25.0		23.8
load=24.65
451620	41.2		10.4		4.0		427.1		800		25.0		24.6
load=25.48
452128	41.5		10.4		4.0		430.1		800		25.0		25.5
load=26.64
452636	41.6		10.4		4.0		432.3		800		25.0		26.6
load=26.44
453144	41.6		10.4		4.0		431.7		800		25.0		26.4
load=26.64
453652	41.6		10.4		4.0		431.4		800		25.0		26.6
load=25.86
454160	41.2		10.4		4.0		427.1		800		25.0		25.9
load=24.95
454668	41.5		10.4		4.0		430.4		800		25.0		25.0
load=24.12
455176	41.6		10.4		4.0		432.0		800		25.0		24.1
load=23.29
455684	41.8		10.4		4.0		433.5		800		25.0		23.3
load=24.20
456192	41.5		10.4		4.0		430.1		800		25.0		24.2
load=23.24
456700	41.3		10.4		4.0		428.4		800		25.0		23.2
load=22.43
457208	41.6		10.4		4.0		431.4		800		25.0		22.4
load=22.23
457716	41.6		10.4		4.0		432.0		800		25.0		22.2
load=22.03
458224	41.6		10.4		4.0		432.3		800		25.0		22.0
load=22.23
458732	41.6		10.4		4.0		432.0		800		25.0		22.2
load=21.32
459240	41.3		10.4		4.0		428.6		800		25.0		21.3
load=22.31
459748	41.2		10.4		4.0		426.8		800		25.0		22.3
load=23.18
460256	41.8		10.4		4.0		433.2		800		25.0		23.2
load=24.18
460764	41.9		10.4		4.0		435.0		800		25.0		24.2
load=23.29
461272	41.5		10.4		4.0		430.1		800		25.0		23.3
load=24.21
461780	41.2		10.4		4.0		426.8		800		25.0		24.2
load=25.20
462288	41.3		10.4		4.0		428.6		800		25.0		25.2
load=26.03
462796	41.8		10.4		4.0		433.2		800		25.0		26.0
load=26.86
463304	41.9		10.4		4.0		434.7		800		25.0		26.9
load=25.97
463812	41.5		10.4		4.0		429.8		800		25.0		26.0
load=26.91
464320	41.0		10.4		4.0		424.7		800		25.0		26.9
load=27.84
464828	41.8		10.4		4.0		433.2		800		25.0		27.8
load=27.34
465336	41.6		10.4		4.0		432.3		800		25.0		27.3
load=27.54
465844	41.6		10.4		4.0		432.0		800		25.0		27.5
load=26.38
466352	41.5		10.4		4.0		429.8		800		25.0		26.4
load=27.27
466860	41.0		10.4		4.0		425.0		800		25.0		27.3
load=28.26
467368	41.3		10.4		4.0		428.6		800		25.0		28.3
load=29.15
467876	41.8		10.4		4.0		433.5		800		25.0		29.1
load=28.32
468384	41.6		10.4		4.0		432.0		800		25.0		28.3
load=29.31
468892	41.5		10.4		4.0		430.1		800		25.0		29.3
load=28.35
469400	41.3		10.4		4.0		428.4		800		25.0		28.3
load=27.39
469908	41.5		10.4		4.0		430.1		800		25.0		27.4
load=26.22
470416	41.6		10.4		4.0		432.3		800		25.0		26.2
load=26.42
470924	41.6		10.4		4.0		431.7		800		25.0		26.4
load=25.43
471432	41.5		10.4		4.0		429.8		800		25.0		25.4
load=25.23
471940	41.5		10.4		4.0		429.8		800		25.0		25.2
load=24.23
472448	41.6		10.4		4.0		431.7		800		25.0		24.2
load=23.24
472956	41.9		10.4		4.0		435.3		800		25.0		23.2
load=24.07
473464	41.3		10.4		4.0		429.2		800		25.0		24.1
load=24.40
473972	41.5		10.4		4.0		429.8		800		25.0		24.4
load=24.60
474480	41.5		10.4		4.0		430.1		800		25.0		24.6
load=23.85
474988	41.2		10.4		4.0		427.4		800		25.0		23.9
load=22.91
475496	41.6		10.4		4.0		432.6		800		25.0		22.9
load=23.11
476004	41.6		10.4		4.0		432.0		800		25.0		23.1
load=22.20
476512	41.3		10.4		4.0		428.6		800		25.0		22.2
load=21.37
477020	41.5		10.4		4.0		430.1		800		25.0		21.4
load=20.54
477528	41.6		10.4		4.0		431.7		800		25.0		20.5
load=19.71
478036	41.9		10.4		4.0		434.7		800		25.0		19.7
load=20.45
478544	41.6		10.4		4.0		432.0		800		25.0		20.5
load=19.32
479052	41.4		10.4		4.0		428.6		800		25.0		19.3
load=19.91
479560	41.2		10.4		4.0		427.1		800		25.0		19.9
load=20.68
480068	41.6		10.4		4.0		431.4		800		25.0		20.7