tiempo[ms]V_Panel[V]	I_Panel[A]	R_Carga[Ohms]	P_Panel[W]	G[W/m2]	T[°C]	Load[%]
load=50.83
536	41.5		10.4		4.0		429.8		800		25.0		50.8
load=51.83
2034	41.6		10.4		4.0		431.7		800		25.0		51.8
load=52.03
2540	41.6		10.4		4.0		432.0		800		25.0		52.0
load=51.03
3049	41.5		10.4		4.0		430.1		800		25.0		51.0
load=50.03
3558	41.6		10.4		4.0		432.0		800		25.0		50.0
load=51.19
4067	41.5		10.4		4.0		429.8		800		25.0		51.2
load=51.39
4576	41.5		10.4		4.0		430.1		800		25.0		51.4
load=52.22
5085	41.6		10.4		4.0		431.7		800		25.0		52.2
load=52.02
5594	41.6		10.4		4.0		431.4		800		25.0		52.0
load=52.69
6103	41.3		10.4		4.0		428.9		800		25.0		52.7
load=53.44
6612	41.6		10.4		4.0		431.7		800		25.0		53.4
load=53.64
7121	41.6		10.4		4.0		432.0		800		25.0		53.6
load=53.84
7630	41.6		10.4		4.0		432.0		800		25.0		53.8
load=53.64
8139	41.6		10.4		4.0		431.4		800		25.0		53.6
load=53.44
8648	41.6		10.4		4.0		431.4		800		25.0		53.4
load=54.18
9157	41.3		10.4		4.0		428.6		800		25.0		54.2
load=55.01
9666	41.6		10.4		4.0		431.7		800		25.0		55.0
load=55.84
10175	41.8		10.4		4.0		433.2		800		25.0		55.8
load=55.01
10684	41.6		10.4		4.0		431.7		800		25.0		55.0
load=54.81
11193	41.6		10.4		4.0		432.0		800		25.0		54.8
load=55.65
11702	41.6		10.4		4.0		431.8		800		25.0		55.6
load=56.48
12211	41.9		10.4		4.0		434.7		800		25.0		56.5
load=55.81
12720	41.8		10.4		4.0		433.5		800		25.0		55.8
load=56.65
13229	41.5		10.4		4.0		430.4		800		25.0		56.6
load=57.43
13738	42.1		10.4		4.1		436.2		800		25.0		57.4
load=56.55
14247	41.6		10.4		4.0		431.4		800		25.0		56.5
load=57.05
14756	41.5		10.4		4.0		430.4		800		25.0		57.0
load=56.85
15265	41.5		10.4		4.0		430.1		800		25.0		56.8
load=56.02
15774	41.8		10.4		4.0		433.2		800		25.0		56.0
load=55.82
16283	41.8		10.4		4.0		433.2		800		25.0		55.8
load=54.82
16792	41.9		10.4		4.0		435.0		800		25.0		54.8
load=55.68
17301	41.6		10.4		4.0		431.8		800		25.0		55.7
load=54.64
17810	41.3		10.4		4.0		428.0		800		25.0		54.6
load=53.56
18319	41.6		10.4		4.0		432.0		800		25.0		53.6
load=54.47
18828	41.3		10.4		4.0		428.6		800		25.0		54.5
load=55.47
19337	41.5		10.4		4.0		430.4		800		25.0		55.5
load=55.27
19846	41.5		10.4		4.0		430.1		800		25.0		55.3
load=54.44
20355	41.8		10.4		4.0		433.2		800		25.0		54.4
load=55.27
20864	41.5		10.4		4.0		430.1		800		25.0		55.3
load=56.10
21373	41.6		10.4		4.0		431.7		800		25.0		56.1
load=56.30
21882	41.6		10.4		4.0		432.0		800		25.0		56.3
load=55.30
22391	41.5		10.4		4.0		430.1		800		25.0		55.3
load=54.61
22900	41.8		10.4		4.0		432.7		800		25.0		54.6
load=55.16
23409	41.6		10.4		4.0		431.7		800		25.0		55.2
load=55.36
23918	41.6		10.4		4.0		432.0		800		25.0		55.4
load=55.16
24427	41.6		10.4		4.0		431.4		800		25.0		55.2
load=55.82
24936	41.3		10.4		4.0		428.9		800		25.0		55.8
load=56.71
25445	41.8		10.4		4.0		433.8		800		25.0		56.7
load=55.80
25954	41.5		10.4		4.0		430.4		800		25.0		55.8
load=55.13
26463	41.6		10.4		4.0		431.7		800		25.0		55.1
load=54.93
26972	41.6		10.4		4.0		432.0		800		25.0		54.9
load=55.84
27481	41.3		10.4		4.0		428.6		800		25.0		55.8
load=56.84
27990	41.5		10.4		4.0		430.4		800		25.0		56.8
load=56.64
28499	41.5		10.4		4.0		430.1		800		25.0		56.6
load=56.44
29008	41.5		10.4		4.0		430.1		800		25.0		56.4
load=55.44
29517	41.6		10.4		4.0		432.0		800		25.0		55.4
load=56.44
30026	41.5		10.4		4.0		430.1		800		25.0		56.4
load=57.27
30535	41.6		10.4		4.0		431.7		800		25.0		57.3
load=57.07
31044	41.6		10.4		4.0		431.1		800		25.0		57.1
load=57.40
31553	41.5		10.4		4.0		430.4		800		25.0		57.4
load=57.20
32062	41.5		10.4		4.0		429.8		800		25.0		57.2
load=56.29
32571	41.8		10.4		4.0		433.2		800		25.0		56.3
load=57.12
33080	41.5		10.4		4.0		430.1		800		25.0		57.1
load=56.29
33589	41.3		10.4		4.0		428.6		800		25.0		56.3
load=55.46
34098	41.5		10.4		4.0		430.1		800		25.0		55.5
load=56.45
34607	41.3		10.4		4.0		428.3		800		25.0		56.5
load=57.61
35116	41.5		10.4		4.0		430.4		800		25.0		57.6
load=57.41
35625	41.5		10.4		4.0		429.8		800		25.0		57.4
load=56.42
36134	41.8		10.4		4.0		433.5		800		25.0		56.4
load=57.58
36643	41.6		10.4		4.0		431.4		800		25.0		57.6
load=57.78
37152	41.6		10.4		4.0		432.3		800		25.0		57.8
load=56.62
37661	41.5		10.4		4.0		430.1		800		25.0		56.6
load=55.79
38170	41.8		10.4		4.0		433.2		800		25.0		55.8
load=56.79
38679	41.6		10.4		4.0		431.4		800		25.0		56.8
load=55.96
39188	41.3		10.4		4.0		428.3		800		25.0		56.0
load=55.04
39697	41.6		10.4		4.0		431.7		800		25.0		55.0
load=56.04
40206	41.5		10.4		4.0		429.8		800		25.0		56.0
load=56.24
40715	41.5		10.4		4.0		429.8		800		25.0		56.2
load=55.58
41224	41.3		10.4		4.0		428.6		800		25.0		55.6
load=54.91
41733	41.5		10.4		4.0		429.8		800		25.0		54.9
load=54.71
42242	41.5		10.4		4.0		430.1		800		25.0		54.7
load=55.71
42751	41.3		10.4		4.0		428.3		800		25.0		55.7
load=56.70
43260	41.5		10.4		4.0		430.1		800		25.0		56.7
load=56.90
43769	41.5		10.4		4.0		430.4		800		25.0		56.9
load=55.91
44278	41.3		10.4		4.0		428.6		800		25.0		55.9
load=55.71
44787	41.3		10.4		4.0		429.2		800		25.0		55.7
load=55.37
45296	41.5		10.4		4.0		429.8		800		25.0		55.4
load=55.17
45805	41.5		10.4		4.0		430.1		800		25.0		55.2
load=54.97
46314	41.5		10.4		4.0		430.1		800		25.0		55.0
load=55.80
46823	41.2		10.4		4.0		427.1		800		25.0		55.8
load=56.63
47332	41.3		10.4		4.0		428.6		800		25.0		56.6
load=56.83
47841	41.3		10.4		4.0		428.6		800		25.0		56.8
load=56.00
48350	41.2		10.4		4.0		427.1		800		25.0		56.0
load=55.17
48859	41.6		10.4		4.0		431.7		800		25.0		55.2
load=56.09
49368	41.3		10.4		4.0		428.3		800		25.0		56.1
load=55.89
49877	41.3		10.4		4.0		428.0		800		25.0		55.9
load=54.72
50386	41.5		10.4		4.0		430.1		800		25.0		54.7
load=55.55
50895	41.2		10.4		4.0		427.1		800		25.0		55.6
load=56.22
51404	41.5		10.4		4.0		429.5		800		25.0		56.2
load=56.42
51913	41.5		10.4		4.0		430.1		800		25.0		56.4
load=56.62
52422	41.5		10.4		4.0		430.1		800		25.0		56.6
load=55.79
52931	41.3		10.4		4.0		428.6		800		25.0		55.8
load=56.62
53440	41.2		10.4		4.0		427.1		800		25.0		56.6
load=57.28
53949	41.3		10.4		4.0		428.3		800		25.0		57.3
load=56.62
54458	41.2		10.4		4.0		427.1		800		25.0		56.6
load=55.73
54967	41.6		10.4		4.0		432.0		800		25.0		55.7
load=56.56
55476	41.3		10.4		4.0		428.9		800		25.0		56.6
load=57.56
55985	41.5		10.4		4.0		430.8		800		25.0		57.6
load=57.36
56494	41.5		10.4		4.0		429.8		800		25.0		57.4
load=58.19
57003	41.2		10.4		4.0		426.8		800		25.0		58.2
load=59.02
57512	41.3		10.4		4.0		428.3		800		25.0		59.0
load=59.22
58021	41.3		10.4		4.0		428.3		800		25.0		59.2
load=60.21
58530	41.5		10.4		4.0		430.1		800		25.0		60.2
load=61.04
59039	41.6		10.4		4.0		431.7		800		25.0		61.0
load=59.88
59548	41.5		10.4		4.0		429.5		800		25.0		59.9
load=60.55
60057	41.3		10.4		4.0		428.3		800		25.0		60.5
load=59.72
60566	41.2		10.4		4.0		426.8		800		25.0		59.7
load=58.80
61075	41.5		10.4		4.0		430.1		800		25.0		58.8
load=59.00
61584	41.5		10.4		4.0		429.8		800		25.0		59.0
load=58.80
62093	41.5		10.4		4.0		429.5		800		25.0		58.8
load=59.03
62602	41.4		10.4		4.0		429.3		800		25.0		59.0
load=59.26
63111	41.5		10.4		4.0		429.5		800		25.0		59.3
load=59.46
63620	41.5		10.4		4.0		429.5		800		25.0		59.5
load=59.66
64129	41.5		10.4		4.0		430.1		800		25.0		59.7
load=58.66
64638	41.3		10.4		4.0		428.3		800		25.0		58.7
load=59.66
65147	41.2		10.4		4.0		426.5		800		25.0		59.7
load=60.82
65656	41.3		10.4		4.0		428.6		800		25.0		60.8
load=61.31
66165	41.5		10.4		4.0		429.5		800		25.0		61.3
load=62.31
66674	41.6		10.4		4.0		431.4		800		25.0		62.3
load=61.81
67183	41.5		10.4		4.0		430.4		800		25.0		61.8
load=62.89
67692	41.2		10.4		4.0		426.5		800		25.0		62.9
load=64.02
68201	41.3		10.4		4.0		428.6		800		25.0		64.0
load=63.05
68710	41.2		10.4		4.0		426.8		800		25.0		63.1
load=62.14
69219	41.5		10.4		4.0		430.1		800		25.0		62.1
load=62.34
69728	41.5		10.4		4.0		429.8		800		25.0		62.3
load=61.51
70237	41.2		10.4		4.0		426.8		800		25.0		61.5
load=61.31
70746	41.2		10.4		4.0		426.8		800		25.0		61.3
load=60.15
71255	41.3		10.4		4.0		428.9		800		25.0		60.2
load=60.35
71764	41.3		10.4		4.0		428.6		800		25.0		60.4
load=60.15
72273	41.3		10.4		4.0		428.0		800		25.0		60.2
load=59.95
72782	41.3		10.4		4.0		428.6		800		25.0		60.0
load=59.75
73291	41.3		10.4		4.0		428.6		800		25.0		59.8
load=59.95
73800	41.3		10.4		4.0		428.6		800		25.0		60.0
load=60.15
74309	41.3		10.4		4.0		428.6		800		25.0		60.2
load=59.95
74818	41.3		10.4		4.0		428.3		800		25.0		60.0
load=60.15
75327	41.3		10.4		4.0		428.0		800		25.0		60.2
load=60.35
75836	41.3		10.4		4.0		428.0		800		25.0		60.4
load=61.51
76345	41.5		10.4		4.0		430.1		800		25.0		61.5
load=60.35
76854	41.3		10.4		4.0		428.0		800		25.0		60.4
load=60.85
77363	41.2		10.4		4.0		427.1		800		25.0		60.9
load=61.52
77872	41.3		10.4		4.0		428.3		800		25.0		61.5
load=62.35
78381	41.5		10.4		4.0		429.8		800		25.0		62.3
load=61.60
78890	41.2		10.4		4.0		427.1		800		25.0		61.6
load=61.80
79399	41.2		10.4		4.0		426.8		800		25.0		61.8
load=62.46
79908	41.3		10.4		4.0		428.0		800		25.0		62.5
load=61.55
80417	41.0		10.4		4.0		424.7		800		25.0		61.6
load=60.60
80926	41.6		10.4		4.0		431.7		800		25.0		60.6
load=61.48
81435	41.2		10.4		4.0		426.8		800		25.0		61.5
load=62.31
81944	41.3		10.4		4.0		428.3		800		25.0		62.3
load=62.51
82453	41.3		10.4		4.0		428.6		800		25.0		62.5
load=62.31
82962	41.3		10.4		4.0		428.3		800		25.0		62.3
load=62.11
83471	41.3		10.4		4.0		428.9		800		25.0		62.1
load=61.45
83980	41.5		10.4		4.0		430.1		800		25.0		61.4
load=62.36
84489	41.2		10.4		4.0		426.8		800		25.0		62.4
load=63.36
84998	41.3		10.4		4.0		428.6		800		25.0		63.4
load=63.16
85507	41.3		10.4		4.0		427.7		800		25.0		63.2
load=62.00
86016	41.5		10.4		4.0		429.8		800		25.0		62.0
load=62.82
86525	41.3		10.4		4.0		428.3		800		25.0		62.8
load=62.62
87034	41.3		10.4		4.0		428.0		800		25.0		62.6
load=62.42
87543	41.3		10.4		4.0		429.2		800		25.0		62.4
load=63.44
88052	41.2		10.4		4.0		427.6		800		25.0		63.4
load=60.44
88561	41.2		10.4		4.0		426.8		800		25.0		60.4
load=60.64
89070	41.2		10.4		4.0		426.5		800		25.0		60.6
load=61.63
89579	41.3		10.4		4.0		428.3		800		25.0		61.6
load=61.83
90088	41.3		10.4		4.0		428.9		800		25.0		61.8
load=61.63
90597	41.3		10.4		4.0		428.0		800		25.0		61.6
load=62.13
91106	41.2		10.4		4.0		427.1		800		25.0		62.1
load=61.93
91615	41.2		10.4		4.0		426.8		800		25.0		61.9
load=62.13
92124	41.2		10.4		4.0		426.5		800		25.0		62.1
load=62.96
92633	41.3		10.4		4.0		428.0		800		25.0		63.0
load=63.16
93142	41.3		10.4		4.0		428.3		800		25.0		63.2
load=63.96
93651	41.5		10.4		4.0		429.8		800		25.0		64.0
load=63.23
94160	41.2		10.4		4.0		427.1		800		25.0		63.2
load=62.65
94669	41.5		10.4		4.0		429.2		800		25.0		62.6
load=62.45
95178	41.5		10.4		4.0		430.4		800		25.0		62.4
load=63.44
95687	41.3		10.4		4.0		428.6		800		25.0		63.4
load=63.64
96196	41.3		10.4		4.0		428.6		800		25.0		63.6
load=63.84
96705	41.3		10.4		4.0		428.6		800		25.0		63.8
load=64.51
97214	41.5		10.4		4.0		429.8		800		25.0		64.5
load=63.76
97723	41.2		10.4		4.0		427.1		800		25.0		63.8
load=62.93
98232	41.3		10.4		4.0		428.6		800		25.0		62.9
load=62.26
98741	41.5		10.4		4.0		429.8		800		25.0		62.3
load=63.16
99250	41.2		10.4		4.0		426.6		800		25.0		63.2
load=63.96
99759	41.3		10.4		4.0		428.0		800		25.0		64.0
load=63.21
100268	41.0		10.4		4.0		425.3		800		25.0		63.2
load=63.41
100777	41.0		10.4		4.0		425.0		800		25.0		63.4
load=64.24
101286	41.5		10.4		4.0		429.5		800		25.0		64.2
load=64.44
101795	41.5		10.4		4.0		429.8		800		25.0		64.4
load=63.61
102304	41.0		10.4		4.0		425.3		800		25.0		63.6
load=62.86
102813	41.3		10.4		4.0		428.0		800		25.0		62.9
load=62.66
103322	41.3		10.4		4.0		428.3		800		25.0		62.7
load=62.86
103831	41.3		10.4		4.0		427.7		800		25.0		62.9
load=62.20
104340	41.0		10.4		4.0		425.3		800		25.0		62.2
load=61.37
104849	41.3		10.4		4.0		428.3		800		25.0		61.4
load=60.70
105358	41.5		10.4		4.0		429.5		800		25.0		60.7
load=61.53
105867	41.3		10.4		4.0		428.0		800		25.0		61.5
load=62.53
106376	41.5		10.4		4.0		429.8		800		25.0		62.5
load=61.70
106885	41.2		10.4		4.0		426.8		800		25.0		61.7
load=60.79
107394	41.5		10.4		4.0		430.1		800		25.0		60.8
load=61.78
107903	41.2		10.4		4.0		426.5		800		25.0		61.8
load=61.98
108412	41.2		10.4		4.0		427.1		800		25.0		62.0
load=62.81
108921	41.3		10.4		4.0		428.6		800		25.0		62.8
load=61.65
109430	41.2		10.4		4.0		426.5		800		25.0		61.7
load=60.66
109939	41.5		10.4		4.0		430.1		800		25.0		60.7
load=61.49
110448	41.3		10.4		4.0		428.6		800		25.0		61.5
load=62.32
110957	41.5		10.4		4.0		430.1		800		25.0		62.3
load=61.57
111466	41.2		10.4		4.0		427.4		800		25.0		61.6
load=61.77
111975	41.2		10.4		4.0		426.5		800		25.0		61.8
load=62.76
112484	41.5		10.4		4.0		430.1		800		25.0		62.8
load=61.60
112993	41.3		10.4		4.0		428.0		800		25.0		61.6
load=60.77
113502	41.3		10.4		4.0		428.2		800		25.0		60.8
load=61.60
114011	41.3		10.4		4.0		428.0		800		25.0		61.6
load=62.76
114520	41.5		10.4		4.0		430.1		800		25.0		62.8
load=61.85
115029	41.2		10.4		4.0		426.8		800		25.0		61.9
load=61.65
115538	41.2		10.4		4.0		426.8		800		25.0		61.7
load=60.66
116047	41.3		10.4		4.0		428.6		800		25.0		60.7
load=59.83
116556	41.5		10.4		4.0		430.1		800		25.0		59.8
load=60.99
117065	41.3		10.4		4.0		428.0		800		25.0		61.0
load=62.15
117574	41.5		10.4		4.0		430.1		800		25.0		62.1
load=61.32
118083	41.3		10.4		4.0		428.6		800		25.0		61.3
load=61.98
118592	41.2		10.4		4.0		427.4		800		25.0		62.0
load=60.89
119101	41.0		10.4		4.0		425.4		800		25.0		60.9
load=60.13
119610	41.2		10.4		4.0		426.8		800		25.0		60.1
load=59.46
120119	41.3		10.4		4.0		428.0		800		25.0		59.5
load=60.46
120628	41.2		10.4		4.0		426.2		799		25.0		60.5
load=60.66
121137	41.3		10.3		4.0		426.5		797		25.0		60.7
load=57.66
121646	41.2		10.1		4.1		417.2		782		25.0		57.7
load=59.25
122155	41.5		9.9		4.2		411.3		766		25.0		59.3
load=59.05
122664	41.5		9.7		4.3		403.7		752		25.0		59.1
load=62.05
123173	41.3		9.5		4.3		394.4		737		25.0		62.1
load=59.05
123682	41.5		9.4		4.4		388.5		723		25.0		59.1
load=59.25
124191	41.5		9.2		4.5		380.6		708		25.0		59.3
load=59.05
124700	41.5		9.0		4.6		372.9		692		25.0		59.1
load=59.25
125209	41.5		8.8		4.7		363.6		677		25.0		59.3
load=56.25
125718	41.3		8.6		4.8		355.4		663		25.0		56.3
load=59.25
126227	41.5		8.4		4.9		348.1		648		25.0		59.3
load=56.25
126736	41.3		8.2		5.0		339.6		634		25.0		56.3
load=56.45
127245	41.3		8.0		5.2		331.5		619		25.0		56.5
load=56.25
127754	41.3		7.8		5.3		323.0		603		25.0		56.3
load=59.25
128263	41.2		7.6		5.4		314.3		589		25.0		59.3
load=56.25
128772	41.3		7.4		5.6		307.2		574		25.0		56.3
load=56.45
129281	41.3		7.3		5.7		300.6		561		25.0		56.5
load=53.45
129790	41.2		7.1		5.8		291.7		546		25.0		53.5
load=56.45
130299	41.3		6.9		6.0		284.5		530		25.0		56.5
load=56.25
130808	41.3		6.7		6.2		276.1		515		25.0		56.3
load=56.45
131317	41.3		6.5		6.4		268.5		501		25.0		56.5
load=53.45
131826	41.2		6.3		6.5		260.0		487		25.0		53.5
load=56.45
132335	41.3		6.1		6.7		253.1		472		25.0		56.5
load=56.25
132844	41.3		5.9		7.0		244.9		458		25.0		56.3
load=56.45
133353	41.3		5.7		7.2		236.1		441		25.0		56.5
load=56.25
133862	41.3		5.5		7.5		228.2		427		25.0		56.3
load=59.25
134371	41.2		5.4		7.7		220.5		413		25.0		59.3
load=58.68
134880	41.8		5.2		8.1		216.3		399		25.0		58.7
load=60.92
135389	41.6		5.1		8.2		212.2		393		25.0		60.9
load=60.57
135898	41.2		5.1		8.1		210.2		394		25.0		60.6
load=59.50
136407	41.3		5.1		8.0		212.2		396		25.0		59.5
load=58.92
136916	41.5		5.1		8.1		213.2		396		25.0		58.9
load=59.12
137425	41.3		5.2		8.0		213.1		397		25.0		59.1
load=59.70
137934	41.5		5.2		8.0		214.2		398		25.0		59.7
load=59.45
138443	41.3		5.2		8.0		213.7		399		25.0		59.5
load=59.25
138952	41.3		5.2		7.9		214.9		400		25.0		59.3
load=59.45
139461	41.3		5.2		8.0		214.3		400		25.0		59.5
load=59.65
139970	41.3		5.2		8.0		214.6		400		25.0		59.7
load=59.90
140479	41.5		5.2		8.0		215.1		400		25.0		59.9
load=60.10
140988	41.5		5.2		8.0		215.1		400		25.0		60.1
load=60.30
141497	41.5		5.2		8.0		215.1		400		25.0		60.3
load=59.89
142006	41.3		5.2		8.0		214.3		400		25.0		59.9
load=59.47
142515	41.5		5.2		8.0		215.1		400		25.0		59.5
load=60.05
143024	41.3		5.2		8.0		214.0		400		25.0		60.1
load=60.47
143533	41.5		5.2		8.0		214.8		400		25.0		60.5
load=60.67
144042	41.5		5.2		8.0		215.4		400		25.0		60.7
load=60.47
144551	41.5		5.2		8.0		215.1		400		25.0		60.5
load=60.72
145060	41.3		5.2		8.0		214.6		400		25.0		60.7
load=60.97
145569	41.5		5.2		8.0		215.1		400		25.0		61.0
load=61.55
146078	41.6		5.2		8.0		216.1		400		25.0		61.5
load=60.97
146587	41.3		5.2		8.0		214.0		400		25.0		61.0
load=60.55
147096	41.6		5.2		8.0		215.5		400		25.0		60.6
load=60.75
147605	41.5		5.2		8.0		215.4		400		25.0		60.8
load=60.55
148114	41.5		5.2		8.0		215.1		400		25.0		60.6
load=60.35
148623	41.5		5.2		8.0		215.7		400		25.0		60.4
load=60.85
149132	41.2		5.2		7.9		213.9		400		25.0		60.9
load=61.10
149641	41.3		5.2		8.0		214.3		400		25.0		61.1
load=61.52
150150	41.5		5.2		8.0		215.1		400		25.0		61.5
load=61.27
150659	41.3		5.2		8.0		214.6		400		25.0		61.3
load=61.68
151168	41.2		5.2		7.9		213.9		400		25.0		61.7
load=61.48
151677	41.2		5.2		7.9		213.3		400		25.0		61.5
load=60.99
152186	41.5		5.2		8.0		215.1		400		25.0		61.0
load=61.40
152695	41.3		5.2		8.0		214.3		400		25.0		61.4
load=61.98
153204	41.5		5.2		8.0		215.4		400		25.0		62.0
load=61.48
153713	41.2		5.2		7.9		213.6		400		25.0		61.5
load=60.90
154222	41.3		5.2		8.0		214.6		400		25.0		60.9
load=60.65
154731	41.5		5.2		8.0		215.1		400		25.0		60.7
load=59.91
155240	41.6		5.2		8.0		216.4		400		25.0		59.9
load=60.49
155749	41.5		5.2		8.0		215.4		400		25.0		60.5
load=60.29
156258	41.5		5.2		8.0		215.1		400		25.0		60.3
load=59.87
156767	41.6		5.2		8.0		215.8		400		25.0		59.9
load=60.12
157276	41.3		5.2		7.9		214.9		400		25.0		60.1
load=60.37
157785	41.6		5.2		8.0		215.8		400		25.0		60.4
load=59.96
158294	41.3		5.2		8.0		214.3		400		25.0		60.0
load=59.62
158803	41.6		5.2		8.0		215.5		400		25.0		59.6
load=59.87
159312	41.3		5.2		8.0		214.6		400		25.0		59.9
load=60.07
159821	41.5		5.2		8.0		214.8		400		25.0		60.1
load=60.27
160330	41.5		5.2		8.0		215.4		400		25.0		60.3
load=59.86
160839	41.3		5.2		8.0		214.6		400		25.0		59.9
load=59.44
161348	41.5		5.2		8.0		215.4		400		25.0		59.4
load=59.03
161857	41.6		5.2		8.0		216.1		400		25.0		59.0
load=59.77
162366	41.5		5.2		8.0		214.8		400		25.0		59.8
load=59.97
162875	41.5		5.2		8.0		215.4		400		25.0		60.0
load=60.22
163384	41.6		5.2		8.0		215.8		400		25.0		60.2
load=60.42
163893	41.6		5.2		8.0		216.1		400		25.0		60.4
load=59.84
164402	41.5		5.2		8.0		215.1		400		25.0		59.8
load=59.64
164911	41.5		5.2		8.0		215.4		400		25.0		59.6
load=59.23
165420	41.6		5.2		8.0		216.1		400		25.0		59.2
load=59.03
165929	41.6		5.2		8.0		216.1		400		25.0		59.0
load=58.83
166438	41.6		5.2		8.0		216.1		400		25.0		58.8
load=59.41
166947	41.5		5.2		8.0		215.1		400		25.0		59.4
load=58.99
167456	41.3		5.2		8.0		214.3		400		25.0		59.0
load=59.19
167965	41.3		5.2		8.0		214.0		400		25.0		59.2
load=59.69
168474	41.6		5.2		8.0		215.8		400		25.0		59.7
load=59.49
168983	41.5		5.2		8.0		215.7		400		25.0		59.5
load=59.69
169492	41.5		5.2		8.0		215.4		400		25.0		59.7
load=59.94
170001	41.6		5.2		8.0		215.8		400		25.0		59.9
load=60.14
170510	41.6		5.2		8.0		215.8		400		25.0		60.1
load=60.39
171019	41.5		5.2		7.9		216.3		401		25.0		60.4
load=63.39
171528	41.6		5.4		7.7		224.1		415		25.0		63.4
load=66.39
172037	41.5		5.6		7.4		230.9		429		25.0		66.4
load=69.39
172546	41.3		5.7		7.2		237.3		443		25.0		69.4
load=69.59
173055	41.3		5.9		6.9		245.8		459		25.0		69.6
load=72.23
173564	41.6		6.1		6.8		255.5		474		25.0		72.2
load=72.43
174073	41.6		6.3		6.6		263.4		488		25.0		72.4
load=75.43
174582	41.5		6.5		6.4		270.7		503		25.0		75.4
load=75.63
175091	41.5		6.7		6.2		278.0		517		25.0		75.6
load=78.63
175600	41.6		6.9		6.0		287.5		533		25.0		78.6
load=81.63
176109	41.5		7.1		5.8		295.0		548		25.0		81.6
load=81.83
176618	41.5		7.3		5.7		302.3		562		25.0		81.8
load=82.03
177127	41.5		7.5		5.5		310.5		577		25.0		82.0
load=84.80
177636	41.8		7.7		5.4		320.6		591		25.0		84.8
load=87.80
178145	41.6		7.9		5.3		326.8		606		25.0		87.8
load=89.40
178654	41.3		8.1		5.1		332.7		621		25.0		89.4
load=91.60
179163	41.8		8.3		5.1		344.8		636		25.0		91.6
load=91.80
179672	41.8		8.5		4.9		353.0		651		25.0		91.8
load=93.04
180181	41.5		8.6		4.8		357.5		665		25.0		93.0
load=96.04
180690	41.6		8.8		4.7		367.0		680		25.0		96.0
load=96.24
181199	41.6		9.0		4.6		374.4		694		25.0		96.2
load=99.24
181708	41.5		9.2		4.5		381.8		710		25.0		99.2
load=100.00
182217	41.8		9.4		4.4		392.2		724		25.0		100.0
load=100.00
182726	41.5		9.6		4.3		397.3		739		25.0		100.0
load=100.00
183235	41.5		9.8		4.2		405.2		753		25.0		100.0
load=100.00
183744	41.6		10.0		4.2		414.6		768		25.0		100.0
load=100.00
184253	41.8		10.2		4.1		424.6		784		25.0		100.0
load=100.00
184762	41.5		10.3		4.0		428.3		797		25.0		100.0
load=100.00
185271	41.6		10.4		4.0		431.1		798		25.0		100.0
load=100.00
185780	41.8		10.4		4.0		433.2		800		25.0		100.0
load=99.25
186289	41.5		10.4		4.0		430.4		800		25.0		99.3
load=98.51
186798	41.8		10.4		4.0		433.2		800		25.0		98.5
load=99.25
187307	41.5		10.4		4.0		430.4		800		25.0		99.3
load=100.00
187816	41.6		10.4		4.0		432.0		800		25.0		100.0
load=100.00
188325	41.6		10.4		4.0		432.6		800		25.0		100.0
load=99.80
188834	41.6		10.4		4.0		431.4		800		25.0		99.8
load=100.00
189343	41.5		10.4		4.0		430.1		800		25.0		100.0
load=100.00
189852	41.5		10.4		4.0		431.0		800		25.0		100.0
load=99.47
190361	41.5		10.4		4.0		430.4		800		25.0		99.5
load=98.81
190870	41.6		10.4		4.0		431.7		800		25.0		98.8
load=98.14
191379	41.8		10.4		4.0		432.9		800		25.0		98.1
load=97.94
191888	41.8		10.4		4.0		433.2		800		25.0		97.9
load=98.61
192397	41.6		10.4		4.0		432.0		800		25.0		98.6
load=99.27
192906	41.8		10.4		4.0		433.2		800		25.0		99.3
load=98.77
193415	41.6		10.4		4.0		432.3		800		25.0		98.8
load=98.97
193924	41.6		10.4		4.0		432.0		800		25.0		99.0
load=99.17
194433	41.6		10.4		4.0		432.0		800		25.0		99.2
load=99.84
194942	41.8		10.4		4.0		433.2		800		25.0		99.8
load=99.14
195451	41.6		10.4		4.0		431.9		800		25.0		99.1
load=98.28
195960	41.8		10.4		4.0		433.5		800		25.0		98.3
load=99.03
196469	41.5		10.4		4.0		430.8		800		25.0		99.0
load=99.69
196978	41.8		10.4		4.0		433.2		800		25.0		99.7
load=98.86
197487	41.6		10.4		4.0		431.7		800		25.0		98.9
load=98.66
197996	41.6		10.4		4.0		431.7		800		25.0		98.7
load=97.66
198505	41.8		10.4		4.0		433.5		800		25.0		97.7
load=97.00
199014	41.9		10.4		4.0		434.7		800		25.0		97.0
load=97.83
199523	41.6		10.4		4.0		431.7		800		25.0		97.8
load=98.66
200032	41.8		10.4		4.0		433.2		800		25.0		98.7
load=98.86
200541	41.8		10.4		4.0		433.2		800		25.0		98.9
load=99.06
201050	41.8		10.4		4.0		433.5		800		25.0		99.1
load=99.26
201559	41.8		10.4		4.0		433.5		800		25.0		99.3
load=98.26
202068	41.6		10.4		4.0		431.7		800		25.0		98.3
load=98.06
202577	41.6		10.4		4.0		432.0		800		25.0		98.1
load=97.86
203086	41.6		10.4		4.0		432.0		800		25.0		97.9
load=98.06
203595	41.6		10.4		4.0		431.7		800		25.0		98.1
load=98.26
204104	41.6		10.4		4.0		432.0		800		25.0		98.3
load=98.93
204613	41.8		10.4		4.0		433.2		800		25.0		98.9
load=98.26
205122	41.6		10.4		4.0		432.0		800		25.0		98.3
load=98.46
205631	41.6		10.4		4.0		431.4		800		25.0		98.5
load=98.66
206140	41.6		10.4		4.0		431.7		800		25.0		98.7
load=99.66
206649	41.8		10.4		4.0		433.5		800		25.0		99.7
load=98.66
207158	41.6		10.4		4.0		431.7		800		25.0		98.7
load=99.66
207667	41.5		10.4		4.0		429.8		800		25.0		99.7
load=99.86
208176	41.5		10.4		4.0		430.8		800		25.0		99.9
load=99.66
208685	41.5		10.4		4.0		430.4		800		25.0		99.7
load=99.46
209194	41.5		10.4		4.0		430.4		800		25.0		99.5
load=98.54
209703	41.8		10.4		4.0		433.8		800		25.0		98.5
load=99.54
210212	41.6		10.4		4.0		432.0		800		25.0		99.5
load=100.00
210721	41.8		10.4		4.0		433.2		800		25.0		100.0
load=100.00
211230	41.9		10.4		4.0		435.0		800		25.0		100.0
load=99.17
211739	41.6		10.4		4.0		432.0		800		25.0		99.2
load=100.00
212248	41.5		10.4		4.0		430.4		800		25.0		100.0
load=100.00
212757	41.9		10.4		4.0		434.7		800		25.0		100.0
load=100.00
213266	42.1		10.4		4.1		436.2		800		25.0		100.0
load=99.34
213775	41.8		10.4		4.0		433.8		800		25.0		99.3
load=99.54
214284	41.8		10.4		4.0		433.5		800		25.0		99.5
load=100.00
214793	41.9		10.4		4.0		434.4		800		25.0		100.0
load=99.50
215302	41.8		10.4		4.0		433.5		800		25.0		99.5
load=99.30
215811	41.8		10.4		4.0		433.8		800		25.0		99.3
load=99.50
216320	41.8		10.4		4.0		433.5		800		25.0		99.5
load=98.59
216829	41.5		10.4		4.0		430.1		800		25.0		98.6
load=97.76
217338	41.8		10.4		4.0		433.2		800		25.0		97.8
load=96.60
217847	41.9		10.4		4.0		435.3		800		25.0		96.6
load=97.76
218356	41.8		10.4		4.0		433.2		800		25.0		97.8
load=97.96
218865	41.8		10.4		4.0		433.5		800		25.0		98.0
load=98.16
219374	41.8		10.4		4.0		433.5		800		25.0		98.2
load=98.36
219883	41.8		10.4		4.0		433.5		800		25.0		98.4
load=98.56
220392	41.8		10.4		4.0		433.5		800		25.0		98.6
load=98.36
220901	41.8		10.4		4.0		432.9		799		25.0		98.4
load=98.56
221410	41.8		10.4		4.0		432.6		798		25.0		98.6
load=95.56
221919	41.6		10.2		4.1		422.5		783		25.0		95.6
load=95.76
222428	41.6		10.0		4.2		415.2		769		25.0		95.8
load=95.56
222937	41.6		9.8		4.3		407.0		754		25.0		95.6
load=98.56
223446	41.8		9.6		4.3		401.4		740		25.0		98.6
load=98.36
223955	41.8		9.4		4.4		392.5		724		25.0		98.4
load=98.56
224464	41.8		9.2		4.5		383.6		709		25.0		98.6
load=98.36
224973	41.8		9.0		4.6		376.3		694		25.0		98.4
load=98.56
225482	41.8		8.8		4.7		368.3		680		25.0		98.6
load=95.56
225991	41.9		8.6		4.9		361.9		666		25.0		95.6
load=98.56
226500	41.8		8.4		4.9		352.6		650		25.0		98.6
load=95.56
227009	41.6		8.2		5.0		343.3		636		25.0		95.6
load=96.91
227518	41.9		8.1		5.2		338.3		621		25.0		96.9
load=94.02
228027	41.6		7.9		5.3		327.7		607		25.0		94.0
load=94.22
228536	41.6		7.7		5.4		319.2		591		25.0		94.2
load=94.02
229045	41.6		7.5		5.6		311.9		577		25.0		94.0
load=97.02
229554	41.8		7.3		5.7		304.4		562		25.0		97.0
load=96.82
230063	41.8		7.1		5.9		296.4		547		25.0		96.8
load=97.02
230572	41.8		6.9		6.0		288.8		533		25.0		97.0
load=94.02
231081	41.6		6.7		6.2		279.9		518		25.0		94.0
load=95.58
231590	41.9		6.5		6.4		274.1		504		25.0		95.6
load=95.38
232099	41.9		6.4		6.6		266.5		489		25.0		95.4
load=95.58
232608	41.9		6.2		6.8		257.9		474		25.0		95.6
load=92.58
233117	41.8		6.0		7.0		249.0		459		25.0		92.6
load=92.78
233626	41.8		5.8		7.3		240.5		444		25.0		92.8
load=92.58
234135	41.8		5.6		7.5		232.5		429		25.0		92.6
load=95.58
234644	41.9		5.4		7.8		225.9		415		25.0		95.6
load=92.98
235153	41.6		5.2		8.0		216.4		400		25.0		93.0
load=95.00
235662	41.9		5.0		8.4		209.1		385		25.0		95.0
load=92.85
236171	41.6		4.8		8.6		201.2		371		25.0		92.8
load=93.05
236680	41.6		4.7		8.9		194.5		360		25.0		93.0
load=93.34
237189	41.9		4.7		9.0		195.6		359		25.0		93.3
load=92.03
237698	42.1		4.6		9.2		193.2		354		25.0		92.0
load=93.24
238207	41.9		4.6		9.2		191.0		351		25.0		93.2
load=92.20
238716	41.8		4.5		9.2		189.1		348		25.0		92.2
load=92.40
239225	41.9		4.5		9.3		188.8		347		25.0		92.4
load=92.20
239734	41.9		4.3		9.7		180.8		333		25.0		92.2
load=93.30
240243	41.6		4.2		9.8		176.8		326		25.0		93.3
load=92.59
240752	41.5		4.2		9.8		176.2		326		25.0		92.6
load=93.89
241261	41.9		4.1		10.3		170.4		312		25.0		93.9
load=92.40
241770	41.8		4.0		10.4		167.6		308		25.0		92.4
load=93.38
242279	41.6		4.0		10.4		165.8		307		25.0		93.4
load=93.03
242788	41.8		4.0		10.6		165.2		304		25.0		93.0
load=93.23
243297	41.8		3.9		10.6		164.0		302		25.0		93.2
load=93.03
243806	41.8		3.9		10.7		163.4		301		25.0		93.0
load=93.23
244315	41.8		3.9		10.7		163.1		300		25.0		93.2
load=93.03
244824	41.8		3.9		10.7		162.8		300		25.0		93.0
load=92.83
245333	41.8		3.9		10.7		162.8		300		25.0		92.8
load=92.63
245842	41.9		3.9		10.8		163.0		300		25.0		92.6
load=92.43
246351	41.9		3.9		10.8		163.1		300		25.0		92.4
load=92.71
246860	41.5		3.9		10.6		161.6		300		25.0		92.7
load=93.08
247369	41.9		3.9		10.7		163.6		300		25.0		93.1
load=93.28
247878	41.9		3.9		10.7		163.6		300		25.0		93.3
load=93.08
248387	41.9		3.9		10.8		163.3		300		25.0		93.1
load=93.28
248896	41.6		3.9		10.6		162.8		300		25.0		93.3
load=93.08
249405	41.6		3.9		10.7		162.2		300		25.0		93.1
load=92.69
249914	41.9		3.9		10.7		163.6		300		25.0		92.7
load=92.49
250423	41.9		3.9		10.7		163.6		300		25.0		92.5
load=92.96
250932	41.8		3.9		10.7		162.8		300		25.0		93.0
load=93.16
251441	41.8		3.9		10.7		162.8		300		25.0		93.2
load=92.96
251950	41.8		3.9		10.7		162.5		300		25.0		93.0
load=92.52
252459	41.9		3.9		10.8		163.3		300		25.0		92.5
load=92.32
252968	41.9		3.9		10.7		163.6		300		25.0		92.3
load=92.52
253477	41.9		3.9		10.8		163.3		300		25.0		92.5
load=92.21
253986	41.8		3.9		10.7		162.8		300		25.0		92.2
load=92.01
254495	41.9		3.9		10.8		163.0		300		25.0		92.0
load=91.81
255004	41.9		3.9		10.8		163.3		300		25.0		91.8
load=92.12
255513	41.8		3.9		10.7		162.8		300		25.0		92.1
load=91.64
256022	41.6		3.9		10.7		161.9		300		25.0		91.6
load=91.00
256531	41.8		3.9		10.7		163.1		300		25.0		91.0
load=91.64
257040	41.6		3.9		10.7		161.9		300		25.0		91.6
load=92.04
257549	41.9		3.9		10.8		163.3		300		25.0		92.0
load=92.24
258058	41.9		3.9		10.8		163.3		300		25.0		92.2
load=91.92
258567	41.5		3.9		10.6		161.6		300		25.0		91.9
load=91.45
259076	41.6		3.9		10.7		162.5		300		25.0		91.4
load=91.22
259585	41.9		3.9		10.8		163.3		300		25.0		91.2
load=91.70
260094	41.8		3.9		10.7		162.4		300		25.0		91.7
load=92.17
260603	41.9		3.9		10.8		163.3		300		25.0		92.2
load=91.97
261112	41.8		3.9		10.7		163.1		300		25.0		92.0
load=92.17
261621	41.8		3.9		10.7		162.8		300		25.0		92.2
load=92.65
262130	41.9		3.9		10.7		163.6		300		25.0		92.7
load=92.34
262639	41.6		3.9		10.7		162.5		300		25.0		92.3
load=92.11
263148	41.9		3.9		10.8		163.3		300		25.0		92.1
load=91.91
263657	41.9		3.9		10.8		163.3		300		25.0		91.9
load=92.39
264166	41.8		3.9		10.7		162.4		300		25.0		92.4
load=92.59
264675	41.8		3.9		10.7		163.1		300		25.0		92.6
load=92.39
265184	41.8		3.9		10.7		162.4		300		25.0		92.4
load=92.08
265693	41.9		3.9		10.8		163.0		300		25.0		92.1
load=91.88
266202	41.8		3.9		10.7		163.1		300		25.0		91.9
load=91.68
266711	41.9		3.9		10.8		163.3		300		25.0		91.7
load=91.88
267220	41.8		3.9		10.7		163.1		300		25.0		91.9
load=91.57
267729	41.6		3.9		10.7		162.5		300		25.0		91.6
load=91.26
268238	41.8		3.9		10.7		163.1		300		25.0		91.3
load=91.06
268747	41.8		3.9		10.7		163.1		300		25.0		91.1
load=90.74
269256	41.9		3.9		10.7		163.6		301		25.0		90.7
load=91.14
269765	41.6		3.9		10.7		162.2		301		25.0		91.1
load=91.54
270274	41.9		3.9		10.7		163.6		301		25.0		91.5
load=91.74
270783	41.9		3.9		10.7		164.5		302		25.0		91.7
load=92.39
271292	42.1		3.9		10.7		165.7		303		25.0		92.4
load=93.61
271801	41.6		4.1		10.0		172.5		320		25.0		93.6
load=96.61
272310	41.8		4.4		9.6		181.7		335		25.0		96.6
load=99.61
272819	41.6		4.5		9.2		189.0		349		25.0		99.6
load=100.00
273328	41.8		4.7		8.8		197.3		363		25.0		100.0
load=100.00
273837	41.6		4.9		8.5		203.6		377		25.0		100.0
load=100.00
274346	41.9		5.1		8.2		213.7		392		25.0		100.0
load=100.00
274855	41.6		5.3		7.8		220.7		408		25.0		100.0
load=100.00
275364	41.8		5.5		7.6		229.4		423		25.0		100.0
load=100.00
275873	41.6		5.7		7.3		236.0		437		25.0		100.0
load=100.00
276382	41.5		5.9		7.1		242.7		451		25.0		100.0
load=100.00
276891	41.8		6.1		6.9		253.3		467		25.0		100.0
load=100.00
277400	41.6		6.2		6.7		259.1		480		25.0		100.0
load=100.00
277909	41.8		6.2		6.7		260.6		480		25.0		100.0
load=100.00
278418	41.9		6.2		6.7		261.3		480		25.0		100.0
load=99.80
278927	41.9		6.2		6.7		260.9		480		25.0		99.8
load=99.60
279436	41.9		6.2		6.7		261.3		481		25.0		99.6
load=99.80
279945	41.6		6.3		6.6		260.9		483		25.0		99.8
load=100.00
280454	41.9		6.3		6.6		264.3		486		25.0		100.0
load=100.00
280963	41.9		6.4		6.6		266.5		489		25.0		100.0
load=99.66
281472	41.6		6.4		6.5		265.2		491		25.0		99.7
load=98.65
281981	41.8		6.4		6.5		267.1		493		25.0		98.6
load=98.85
282490	41.5		6.4		6.4		266.7		496		25.0		98.8
load=99.78
282999	41.8		6.5		6.5		270.1		498		25.0		99.8
load=99.58
283508	41.5		6.5		6.4		269.8		501		25.0		99.6
load=98.39
284017	41.6		6.5		6.4		271.9		503		25.0		98.4
load=98.19
284526	41.6		6.6		6.3		272.8		506		25.0		98.2
load=97.00
285035	41.8		6.6		6.3		275.0		507		25.0		97.0
load=95.53
285544	41.6		6.7		6.2		277.7		515		25.0		95.5
load=95.33
286053	41.6		6.9		6.1		285.9		530		25.0		95.3
load=92.33
286562	41.5		7.1		5.9		293.1		545		25.0		92.3
load=89.68
287071	41.8		7.3		5.8		302.9		559		25.0		89.7
load=88.02
287580	41.5		7.5		5.6		308.9		574		25.0		88.0
load=85.50
288089	41.8		7.6		5.5		318.2		588		25.0		85.5
load=85.30
288598	41.8		7.8		5.3		326.7		603		25.0		85.3
load=82.60
289107	41.6		8.0		5.2		331.7		614		25.0		82.6
load=82.40
289616	41.6		8.0		5.2		332.6		616		25.0		82.4
load=81.26
290125	41.8		8.0		5.2		334.7		618		25.0		81.3
load=81.06
290634	41.8		8.0		5.2		335.9		620		25.0		81.1
load=80.86
291143	41.8		8.1		5.2		337.1		623		25.0		80.9
load=77.86
291652	41.7		8.3		5.0		345.6		639		25.0		77.9
load=74.86
292161	41.8		8.5		4.9		354.6		654		25.0		74.9
load=71.86
292670	41.6		8.7		4.8		360.6		668		25.0		71.9
load=71.66
293179	41.6		8.9		4.7		368.9		683		25.0		71.7
load=68.66
293688	41.8		9.0		4.6		377.5		697		25.0		68.7
load=65.66
294197	41.6		9.2		4.5		383.8		711		25.0		65.7
load=65.46
294706	41.6		9.5		4.4		393.3		728		25.0		65.5
load=62.46
295215	41.8		9.6		4.3		401.7		742		25.0		62.5
load=59.46
295724	41.6		9.8		4.2		408.5		757		25.0		59.5
load=59.26
296233	41.6		10.0		4.2		416.1		771		25.0		59.3
load=59.06
296742	41.6		10.0		4.2		416.7		772		25.0		59.1
load=58.86
297251	41.6		10.1		4.1		418.6		775		25.0		58.9
load=57.08
297760	41.8		10.1		4.1		421.9		778		25.0		57.1
load=57.39
298269	41.6		10.1		4.1		421.3		780		25.0		57.4
load=57.08
298778	41.5		10.1		4.1		420.7		783		25.0		57.1
load=55.68
299287	41.8		10.2		4.1		425.8		786		25.0		55.7
load=56.00
299796	41.6		10.2		4.1		425.3		788		25.0		56.0
load=57.65
300305	41.8		10.3		4.1		428.3		791		25.0		57.7
load=57.33
300814	41.6		10.3		4.0		427.7		793		25.0		57.3
load=57.13
301323	41.6		10.3		4.0		429.2		795		25.0		57.1
load=55.47
301832	41.8		10.4		4.0		432.3		798		25.0		55.5
load=55.67
302341	41.6		10.4		4.0		432.0		800		25.0		55.7
load=56.67
302850	41.8		10.4		4.0		433.8		801		25.0		56.7
load=56.47
303359	41.8		10.4		4.0		433.2		800		25.0		56.5
load=57.13
303868	41.6		10.4		4.0		432.0		800		25.0		57.1
load=57.80
304377	41.8		10.4		4.0		433.2		800		25.0		57.8
load=57.60
304886	41.8		10.4		4.0		432.6		800		25.0		57.6
load=58.18
305395	41.5		10.4		4.0		430.4		800		25.0		58.2
load=58.95
305904	41.9		10.4		4.0		434.7		800		25.0		58.9
load=58.12
306413	41.5		10.4		4.0		430.1		800		25.0		58.1
load=57.29
306922	41.8		10.4		4.0		433.2		800		25.0		57.3
load=58.04
307431	41.5		10.4		4.0		430.4		800		25.0		58.0
load=58.87
307940	41.6		10.4		4.0		432.0		800		25.0		58.9
load=59.07
308449	41.6		10.4		4.0		432.3		800		25.0		59.1
load=58.87
308958	41.6		10.4		4.0		431.7		800		25.0		58.9
load=58.67
309467	41.6		10.4		4.0		431.7		800		25.0		58.7
load=58.47
309976	41.6		10.4		4.0		431.7		800		25.0		58.5
load=58.27
310485	41.6		10.4		4.0		432.0		800		25.0		58.3
load=59.26
310994	41.3		10.4		4.0		428.3		800		25.0		59.3
load=60.26
311503	41.5		10.4		4.0		430.1		800		25.0		60.3
load=60.46
312012	41.5		10.4		4.0		430.4		800		25.0		60.5
load=60.66
312521	41.5		10.4		4.0		430.4		800		25.0		60.7
load=61.49
313030	41.6		10.4		4.0		432.0		800		25.0		61.5
load=61.29
313539	41.6		10.4		4.0		431.4		800		25.0		61.3
load=60.29
314048	41.8		10.4		4.0		433.2		800		25.0		60.3
load=61.29
314557	41.5		10.4		4.0		429.5		800		25.0		61.3
load=61.49
315066	41.5		10.4		4.0		430.8		800		25.0		61.5
load=61.29
315575	41.5		10.4		4.0		430.1		800		25.0		61.3
load=61.09
316084	41.5		10.4		4.0		430.1		800		25.0		61.1
load=60.89
316593	41.5		10.4		4.0		430.1		800		25.0		60.9
load=58.40
317102	41.5		10.4		4.0		430.6		800		25.0		58.4
load=60.89
317611	41.5		10.4		4.0		430.1		800		25.0		60.9
load=61.09
318120	41.5		10.4		4.0		430.1		800		25.0		61.1
load=60.26
318629	41.3		10.4		4.0		428.6		800		25.0		60.3
load=59.26
319138	41.5		10.4		4.0		430.4		800		25.0		59.3
load=59.06
319647	41.5		10.4		4.0		430.4		800		25.0		59.1
load=60.06
320156	41.3		10.4		4.0		428.6		800		25.0		60.1
load=60.94
320665	41.8		10.4		4.0		433.5		800		25.0		60.9
load=60.06
321174	41.3		10.4		4.0		428.6		800		25.0		60.1
load=59.39
321683	41.5		10.4		4.0		429.8		800		25.0		59.4
load=59.19
322192	41.5		10.4		4.0		430.1		800		25.0		59.2
load=58.43
322701	41.8		10.4		4.0		432.9		800		25.0		58.4
load=57.30
323210	41.9		10.4		4.0		435.0		800		25.0		57.3
load=58.13
323719	41.5		10.4		4.0		430.4		800		25.0		58.1
load=57.93
324228	41.5		10.4		4.0		430.1		800		25.0		57.9
load=57.10
324737	41.6		10.4		4.0		431.7		800		25.0		57.1
load=56.90
325246	41.6		10.4		4.0		431.7		800		25.0		56.9
load=58.06
325755	41.5		10.4		4.0		429.5		800		25.0		58.1
load=58.26
326264	41.5		10.4		4.0		430.1		800		25.0		58.3
load=59.09
326773	41.6		10.4		4.0		431.7		800		25.0		59.1
load=58.26
327282	41.5		10.4		4.0		430.1		800		25.0		58.3
load=57.27
327791	41.6		10.4		4.0		432.0		800		25.0		57.3
load=58.41
328300	41.5		10.4		4.0		429.9		800		25.0		58.4
load=58.61
328809	41.5		10.4		4.0		430.4		800		25.0		58.6
load=58.81
329318	41.5		10.4		4.0		430.4		800		25.0		58.8
load=57.65
329827	41.3		10.4		4.0		428.3		800		25.0		57.7
load=57.45
330336	41.3		10.4		4.0		428.3		800		25.0		57.5
load=56.46
330845	41.5		10.4		4.0		430.1		800		25.0		56.5
load=55.46
331354	41.6		10.4		4.0		432.0		800		25.0		55.5
load=56.37
331863	41.3		10.4		4.0		428.6		800		25.0		56.4
load=56.57
332372	41.3		10.4		4.0		428.6		800		25.0		56.6
load=57.40
332881	41.5		10.4		4.0		430.1		800		25.0		57.4
load=57.60
333390	41.5		10.4		4.0		430.1		800		25.0		57.6
load=56.77
333899	41.3		10.4		4.0		428.6		800		25.0		56.8
load=56.97
334408	41.3		10.4		4.0		428.3		800		25.0		57.0
load=57.97
334917	41.5		10.4		4.0		430.1		800		25.0		58.0
load=58.80
335426	41.6		10.4		4.0		431.7		800		25.0		58.8
load=58.60
335935	41.6		10.4		4.0		431.4		800		25.0		58.6
load=59.26
336444	41.5		10.4		4.0		430.1		800		25.0		59.3
load=59.46
336953	41.5		10.4		4.0		430.4		800		25.0		59.5
load=59.26
337462	41.5		10.4		4.0		429.8		800		25.0		59.3
load=59.92
337971	41.3		10.4		4.0		428.6		800		25.0		59.9
load=60.59
338480	41.5		10.4		4.0		429.8		800		25.0		60.6
load=59.92
338989	41.3		10.4		4.0		428.6		800		25.0		59.9
load=59.01
339498	41.6		10.4		4.0		432.0		800		25.0		59.0
load=60.01
340007	41.3		10.4		4.0		428.3		800		25.0		60.0
load=60.92
340516	41.6		10.4		4.0		431.7		800		25.0		60.9
load=61.12
341025	41.6		10.4		4.0		432.3		800		26.0		61.1
load=60.43
341534	40.4		10.4		3.9		422.2		800		37.0		60.4
load=61.22
342043	38.2		10.5		3.7		400.3		800		52.0		61.2
load=60.32
342552	37.9		10.5		3.6		396.5		800		53.0		60.3
load=60.88
343061	37.5		10.5		3.6		393.8		800		56.0		60.9
load=61.87
343570	37.7		10.5		3.6		395.6		800		58.0		61.9
load=62.07
344079	37.7		10.5		3.6		395.6		800		59.0		62.1
load=61.15
344588	37.4		10.5		3.6		392.2		800		60.0		61.2
load=61.99
345097	36.9		10.5		3.5		387.6		800		60.0		62.0
load=62.19
345606	36.9		10.5		3.5		387.9		800		60.0		62.2
load=63.08
346115	37.4		10.5		3.6		392.8		800		60.0		63.1
load=63.92
346624	37.5		10.5		3.6		394.3		800		60.0		63.9
load=62.98
347133	37.1		10.5		3.5		389.2		800		60.0		63.0
load=63.82
347642	36.6		10.5		3.5		384.5		800		60.0		63.8
load=64.66
348151	37.2		10.5		3.5		390.7		800		60.0		64.7
load=65.50
348660	37.5		10.5		3.6		393.8		800		60.0		65.5
load=64.66
349169	37.4		10.5		3.6		392.2		800		60.0		64.7
load=65.43
349678	37.1		10.5		3.5		389.4		800		60.0		65.4
load=64.00
350187	36.9		10.5		3.5		386.8		800		60.0		64.0
load=62.94
350696	37.2		10.5		3.5		390.7		800		60.0		62.9
load=62.10
351205	37.7		10.5		3.6		395.3		800		60.0		62.1
load=62.86
351714	37.4		10.5		3.6		392.5		800		60.0		62.9
load=62.02
352223	37.2		10.5		3.5		391.0		800		60.0		62.0
load=63.08
352732	36.9		10.5		3.5		387.1		800		60.0		63.1
load=64.07
353241	37.1		10.5		3.5		388.9		800		60.0		64.1
load=65.13
353750	37.4		10.5		3.6		392.8		800		60.0		65.1
load=65.98
354259	37.5		10.5		3.6		394.3		800		60.0		66.0
load=64.99
354768	37.4		10.5		3.6		392.5		800		60.0		65.0
load=65.93
355277	36.9		10.5		3.5		387.4		800		60.0		65.9
load=66.77
355786	37.2		10.5		3.5		390.4		800		60.0		66.8
load=67.76
356295	37.4		10.5		3.6		392.2		800		60.0		67.8
load=67.96
356804	37.4		10.5		3.6		392.2		800		60.0		68.0
load=67.12
357313	37.1		10.5		3.5		389.2		800		60.0		67.1
load=67.32
357822	37.1		10.5		3.5		388.9		800		60.0		67.3
load=68.45
358331	37.2		10.5		3.5		391.0		800		60.0		68.5
load=69.44
358840	37.4		10.5		3.6		392.8		800		60.0		69.4
load=70.14
359349	37.5		10.5		3.6		394.1		800		60.0		70.1
load=69.30
359858	37.2		10.5		3.5		391.0		800		60.0		69.3
load=70.28
360367	36.9		10.5		3.5		387.4		800		60.0		70.3
load=71.12
360876	37.1		10.5		3.5		388.9		800		60.0		71.1
load=72.04
361385	37.4		10.5		3.6		392.2		800		60.0		72.0
load=72.88
361894	37.5		10.5		3.6		393.8		800		60.0		72.9
load=72.09
362403	37.1		10.5		3.5		389.4		800		60.0		72.1
load=73.37
362912	36.9		10.5		3.5		387.1		800		60.0		73.4
load=74.21
363421	37.2		10.5		3.5		390.2		800		60.0		74.2
load=75.50
363930	37.4		10.5		3.6		392.5		800		60.0		75.5
load=76.19
364439	37.5		10.5		3.6		393.8		800		60.0		76.2
load=75.42
364948	37.2		10.5		3.5		391.0		800		60.0		75.4
load=76.41
365457	37.1		10.5		3.5		389.2		800		60.0		76.4
load=76.21
365966	37.1		10.5		3.5		388.9		800		60.0		76.2
load=75.30
366475	37.4		10.5		3.6		392.2		800		60.0		75.3
load=74.31
366984	37.5		10.5		3.6		394.1		800		60.0		74.3
load=75.22
367493	37.2		10.5		3.5		390.7		800		60.0		75.2
load=74.45
368002	36.9		10.5		3.5		387.9		800		60.0		74.5
load=73.91
368511	37.1		10.5		3.5		388.9		800		60.0		73.9
load=72.85
369020	37.4		10.5		3.6		392.8		800		60.0		72.8
load=73.99
369529	37.2		10.5		3.5		390.7		800		60.0		74.0
load=74.19
370038	37.2		10.5		3.5		391.0		800		60.0		74.2
load=73.27
370547	36.9		10.5		3.5		387.6		800		60.0		73.3
load=72.38
371056	37.4		10.5		3.6		392.5		800		60.0		72.4
load=71.24
371565	37.5		10.5		3.6		394.6		800		60.0		71.2
load=72.38
372074	37.4		10.5		3.6		392.5		800		60.0		72.4
load=71.54
372583	36.9		10.5		3.5		387.9		800		60.0		71.5
load=71.74
373092	36.9		10.5		3.5		387.4		800		60.0		71.7
load=72.79
373601	37.1		10.5		3.5		389.3		800		60.0		72.8
load=73.66
374110	37.5		10.5		3.6		394.1		800		60.0		73.7
load=73.86
374619	37.5		10.5		3.6		394.3		800		60.0		73.9
load=72.97
375128	37.1		10.5		3.5		389.4		800		60.0		73.0
load=73.96
375637	36.9		10.5		3.5		387.6		800		60.0		74.0
load=74.16
376146	36.9		10.5		3.5		387.6		800		60.0		74.2
load=75.03
376655	37.5		10.5		3.6		394.1		800		60.0		75.0
load=74.19
377164	37.4		10.5		3.6		392.5		800		60.0		74.2
load=75.11
377673	37.1		10.5		3.5		389.2		800		60.0		75.1
load=74.27
378182	36.9		10.5		3.5		387.6		800		60.0		74.3
load=73.43
378691	37.2		10.5		3.5		390.7		800		60.0		73.4
load=72.30
379200	37.4		10.5		3.6		392.8		800		60.0		72.3
load=72.10
379709	37.4		10.5		3.6		392.8		800		60.0		72.1
load=73.02
380218	37.1		10.5		3.5		389.4		800		60.0		73.0
load=71.88
380727	36.9		10.5		3.5		387.4		800		60.0		71.9
load=70.99
381236	37.4		10.5		3.6		392.2		800		60.0		71.0
load=70.79
381745	37.4		10.5		3.6		392.5		800		60.0		70.8
load=70.99
382254	37.4		10.5		3.6		392.2		800		60.0		71.0
load=70.15
382763	37.1		10.5		3.5		389.2		800		60.0		70.2
load=70.35
383272	37.1		10.5		3.5		388.9		800		60.0		70.4
load=70.55
383781	37.1		10.5		3.5		389.4		800		60.0		70.6
load=71.32
384290	37.4		10.5		3.6		392.2		800		60.0		71.3
load=70.41
384799	37.1		10.5		3.5		388.9		800		60.0		70.4
load=70.21
385308	37.1		10.5		3.5		389.4		800		60.0		70.2
load=70.41
385817	37.1		10.5		3.5		389.2		800		60.0		70.4
load=71.25
386326	37.2		10.5		3.5		390.7		800		60.0		71.2
load=72.24
386835	37.4		10.5		3.6		392.5		800		60.0		72.2
load=71.39
387344	37.2		10.5		3.5		391.0		800		60.0		71.4
load=71.59
387853	37.2		10.5		3.5		390.7		800		60.0		71.6
load=70.61
388362	37.1		10.5		3.5		388.9		800		60.0		70.6
load=71.30
388871	36.9		10.5		3.5		387.6		800		60.0		71.3
load=72.17
389380	37.7		10.5		3.6		395.6		800		60.0		72.2
load=71.33
389889	37.4		10.5		3.6		392.5		800		60.0		71.3
load=72.24
390398	37.1		10.5		3.5		389.2		800		60.0		72.2
load=72.44
390907	37.1		10.5		3.5		389.2		800		60.0		72.4
load=73.28
391416	37.4		10.5		3.6		392.2		800		60.0		73.3
load=74.27
391925	37.5		10.5		3.6		394.1		800		60.0		74.3
load=73.58
392434	37.4		10.5		3.6		392.8		800		60.0		73.6
load=74.50
392943	37.1		10.5		3.5		389.4		800		60.0		74.5
load=73.00
393452	37.0		10.5		3.5		388.2		800		60.0		73.0
load=72.16
393961	37.4		10.5		3.6		392.0		800		60.0		72.2
load=70.87
394470	37.5		10.5		3.6		394.3		800		60.0		70.9
load=71.07
394979	37.5		10.5		3.6		393.5		800		60.0		71.1
load=70.23
395488	37.2		10.5		3.5		390.4		800		60.0		70.2
load=71.00
395997	36.9		10.5		3.5		387.6		800		60.0		71.0
load=71.89
396506	37.4		10.5		3.6		392.5		800		60.0		71.9
load=72.88
397015	37.5		10.5		3.6		394.3		800		60.0		72.9
load=71.74
397524	37.4		10.5		3.6		392.2		800		60.0		71.7
load=72.43
398033	37.2		10.5		3.5		391.0		800		60.0		72.4
load=71.51
398542	36.9		10.5		3.5		387.6		800		60.0		71.5
load=70.63
399051	37.4		10.5		3.6		392.5		800		60.0		70.6
load=70.43
399560	37.4		10.5		3.6		392.5		800		60.0		70.4
load=70.23
400069	37.4		10.5		3.6		392.8		800		60.0		70.2
load=71.22
400578	37.2		10.5		3.5		391.0		800		59.0		71.2
load=70.09
401087	37.1		10.5		3.5		388.9		800		59.0		70.1
load=69.29
401596	39.0		10.5		3.7		407.7		800		45.0		69.3
load=68.55
402105	41.2		10.4		4.0		428.3		800		29.0		68.5
load=67.88
402614	41.5		10.4		4.0		430.8		800		27.0		67.9
load=68.08
403123	41.5		10.4		4.0		430.1		800		24.0		68.1
load=67.25
403632	41.0		10.4		4.0		425.6		800		25.0		67.2
load=66.38
404141	41.6		10.4		4.0		432.0		800		25.0		66.4
load=65.63
404650	41.9		10.4		4.0		434.7		800		25.0		65.6
load=66.29
405159	41.6		10.4		4.0		432.3		800		25.0		66.3
load=65.30
405668	41.3		10.4		4.0		428.6		800		25.0		65.3
load=64.47
406177	41.5		10.4		4.0		430.1		800		25.0		64.5
load=64.27
406686	41.5		10.4		4.0		430.4		800		25.0		64.3
load=63.77
407195	41.6		10.4		4.0		431.4		800		25.0		63.8
load=63.57
407704	41.6		10.4		4.0		431.7		800		25.0		63.6
load=64.46
408213	41.2		10.4		4.0		426.8		800		25.0		64.5
load=65.28
408722	41.3		10.4		4.0		428.3		800		25.0		65.3
load=66.03
409231	41.6		10.4		4.0		431.1		800		25.0		66.0
load=67.36
409740	41.8		10.4		4.0		433.5		800		25.0		67.4
load=66.36
410249	41.6		10.4		4.0		431.7		800		25.0		66.4
load=67.19
410758	41.3		10.4		4.0		428.6		800		25.0		67.2
load=66.36
411267	41.2		10.4		4.0		427.1		800		25.0		66.4
load=65.53
411776	41.8		10.4		4.0		433.2		800		25.0		65.5
load=64.70
412285	41.9		10.4		4.0		434.7		800		25.0		64.7
load=65.62
412794	41.6		10.4		4.0		431.4		800		25.0		65.6
load=64.79
413303	41.5		10.4		4.0		429.8		800		25.0		64.8
load=65.53
413812	41.2		10.4		4.0		427.1		800		25.0		65.5
load=66.28
414321	41.5		10.4		4.0		429.8		800		25.0		66.3
load=67.44
414830	41.6		10.4		4.0		432.0		800		25.0		67.4
load=67.64
415339	41.6		10.4		4.0		432.0		800		25.0		67.6
load=66.65
415848	41.3		10.4		4.0		428.3		800		25.0		66.6
load=65.65
416357	41.5		10.4		4.0		430.1		800		25.0		65.7
load=64.74
416866	41.8		10.4		4.0		433.5		800		25.0		64.7
load=64.94
417375	41.8		10.4		4.0		433.2		800		25.0		64.9
load=64.11
417884	41.6		10.4		4.0		431.7		800		25.0		64.1
load=64.31
418393	41.6		10.4		4.0		431.4		800		25.0		64.3
load=63.61
418902	41.3		10.4		4.0		428.2		800		25.0		63.6
load=62.88
419411	41.8		10.4		4.0		432.9		800		25.0		62.9
load=61.55
419920	41.9		10.4		4.0		435.3		800		25.0		61.5
load=62.46
420429	41.6		10.4		4.0		432.0		800		25.0		62.5
load=61.47
420938	41.5		10.4		4.0		430.1		800		25.0		61.5
load=62.30
421447	41.2		10.4		4.0		427.1		800		25.0		62.3
load=62.96
421956	41.5		10.4		4.0		429.5		800		25.0		63.0
load=64.46
422465	41.6		10.4		4.0		432.3		800		25.0		64.5
load=65.12
422974	41.8		10.4		4.0		433.5		800		25.0		65.1
load=64.23
423483	41.3		10.4		4.0		428.6		800		25.0		64.2
load=65.06
423992	41.2		10.4		4.0		427.1		800		25.0		65.1
load=65.89
424501	41.6		10.4		4.0		431.7		800		25.0		65.9
load=66.89
425010	41.9		10.4		4.0		435.3		800		25.0		66.9
load=65.89
425519	41.6		10.4		4.0		431.7		800		25.0		65.9
load=66.89
426028	41.5		10.4		4.0		429.8		800		25.0		66.9
load=67.09
426537	41.5		10.4		4.0		429.8		800		25.0		67.1
load=68.08
427046	41.6		10.4		4.0		431.7		800		25.0		68.1
load=69.00
427555	41.9		10.4		4.0		435.0		800		25.0		69.0
load=68.00
428064	41.8		10.4		4.0		433.2		800		25.0		68.0
load=69.00
428573	41.3		10.4		4.0		427.7		800		25.0		69.0
load=69.99
429082	41.6		10.4		4.0		431.4		800		25.0		70.0
load=70.19
429591	41.6		10.4		4.0		432.0		800		25.0		70.2
load=70.87
430100	41.8		10.4		4.0		433.2		800		25.0		70.9
load=70.02
430609	41.6		10.4		4.0		431.7		800		25.0		70.0
load=71.19
431118	41.5		10.4		4.0		429.5		800		25.0		71.2
load=70.52
431627	41.2		10.4		4.0		427.1		800		25.0		70.5
load=69.69
432136	41.6		10.4		4.0		431.7		800		25.0		69.7
load=68.69
432645	41.9		10.4		4.0		435.3		800		25.0		68.7
load=68.89
433154	41.9		10.4		4.0		435.0		800		25.0		68.9
load=68.03
433663	41.2		10.4		4.0		427.1		800		25.0		68.0
load=67.37
434172	41.3		10.4		4.0		428.3		800		25.0		67.4
load=66.29
434681	41.6		10.4		4.0		432.3		800		25.0		66.3
load=65.62
435190	41.9		10.4		4.0		434.7		800		25.0		65.6
load=66.45
435699	41.5		10.4		4.0		430.1		800		25.0		66.5
load=65.62
436208	41.3		10.4		4.0		428.6		800		25.0		65.6
load=65.29
436717	41.5		10.4		4.0		429.2		800		25.0		65.3
load=64.21
437226	41.8		10.4		4.0		433.2		800		25.0		64.2
load=63.22
437735	41.9		10.4		4.0		435.0		800		25.0		63.2
load=64.09
438244	41.3		10.4		4.0		428.6		800		25.0		64.1
load=63.89
438753	41.3		10.4		4.0		428.0		800		25.0		63.9
load=63.06
439262	41.5		10.4		4.0		429.5		800		25.0		63.1
load=61.90
439771	41.6		10.4		4.0		431.7		800		25.0		61.9
load=60.90
440280	41.9		10.4		4.0		435.3		800		25.0		60.9
load=61.84
440789	41.5		10.4		4.0		430.1		800		25.0		61.8
load=61.64
441298	41.5		10.4		4.0		429.8		800		25.0		61.6
load=61.44
441807	41.5		10.4		4.0		429.8		800		25.0		61.4
load=60.61
442316	41.8		10.4		4.0		432.9		800		25.0		60.6
load=61.11
442825	41.6		10.4		4.0		432.0		800		25.0		61.1
load=59.78
443334	41.5		10.4		4.0		429.5		800		25.0		59.8
load=60.28
443843	41.3		10.4		4.0		428.6		800		25.0		60.3
load=61.11
444352	41.5		10.4		4.0		430.0		800		25.0		61.1
load=61.94
444861	41.6		10.4		4.0		431.7		800		25.0		61.9
load=62.71
445370	42.1		10.4		4.1		435.9		800		25.0		62.7
load=61.99
445879	41.6		10.4		4.0		432.0		800		25.0		62.0
load=62.82
446388	41.3		10.4		4.0		428.9		800		25.0		62.8
load=61.66
446897	41.2		10.4		4.0		426.8		800		25.0		61.7
load=60.75
447406	41.8		10.4		4.0		433.5		800		25.0		60.8
load=60.55
447915	41.8		10.4		4.0		433.5		800		25.0		60.6
load=61.55
448424	41.6		10.4		4.0		431.7		800		25.0		61.5
load=60.64
448933	41.3		10.4		4.0		428.3		800		25.0		60.6
load=60.44
449442	41.3		10.4		4.0		428.9		800		25.0		60.4
load=59.62
449951	41.8		10.4		4.0		433.4		800		25.0		59.6
load=60.75
450460	41.6		10.4		4.0		431.4		800		25.0		60.7
load=60.95
450969	41.6		10.4		4.0		431.7		800		25.0		60.9
load=60.08
451478	41.0		10.4		4.0		425.3		800		25.0		60.1
load=59.25
451987	41.5		10.4		4.0		429.8		800		25.0		59.2
load=58.33
452496	41.8		10.4		4.0		433.2		800		25.0		58.3
load=59.33
453005	41.6		10.4		4.0		431.4		800		25.0		59.3
load=59.00
453514	41.5		10.4		4.0		430.8		800		25.0		59.0
load=59.94
454023	41.0		10.4		4.0		425.6		800		25.0		59.9
load=60.77
454532	41.5		10.4		4.0		430.1		800		25.0		60.8
load=61.76
455041	41.6		10.4		4.0		432.0		800		25.0		61.8
load=62.60
455550	41.8		10.4		4.0		433.5		800		25.0		62.6
load=61.27
456059	41.6		10.4		4.0		431.1		800		25.0		61.3
load=62.01
456568	41.3		10.4		4.0		428.3		800		25.0		62.0
load=62.21
457077	41.3		10.4		4.0		428.9		800		25.0		62.2
load=63.04
457586	41.8		10.4		4.0		433.5		800		25.0		63.0
load=63.87
458095	41.9		10.4		4.0		435.0		800		25.0		63.9
load=62.93
458604	41.5		10.4		4.0		429.8		800		25.0		62.9
load=63.68
459113	41.2		10.4		4.0		427.1		800		25.0		63.7
load=64.51
459622	41.3		10.4		4.0		428.6		800		25.0		64.5
load=65.34
460131	41.6		10.4		4.0		431.7		800		25.0		65.3
load=64.67
460640	41.5		10.4		4.0		430.4		800		25.0		64.7
load=64.01
461149	41.6		10.4		4.0		431.7		800		25.0		64.0
load=64.89
461658	41.2		10.4		4.0		426.8		800		25.0		64.9
load=65.72
462167	41.3		10.4		4.0		428.3		800		25.0		65.7
load=66.55
462676	41.5		10.4		4.0		429.8		800		25.0		66.6
load=67.47
463185	41.8		10.4		4.0		433.2		800		25.0		67.5
load=66.47
463694	41.6		10.4		4.0		431.4		800		25.0		66.5
load=67.13
464203	41.5		10.4		4.0		430.1		800		25.0		67.1
load=67.33
464712	41.5		10.4		4.0		430.1		800		25.0		67.3
load=67.53
465221	41.5		10.4		4.0		430.4		800		25.0		67.5
load=68.45
465730	41.8		10.4		4.0		433.8		800		25.0		68.4
load=67.28
466239	41.6		10.4		4.0		431.7		800		25.0		67.3
load=68.17
466748	41.2		10.4		4.0		426.8		800		25.0		68.2
load=69.16
467257	41.3		10.4		4.0		428.6		800		25.0		69.2
load=70.05
467766	41.8		10.4		4.0		433.5		800		25.0		70.0
load=70.88
468275	41.9		10.4		4.0		435.0		800		25.0		70.9
load=69.97
468784	41.6		10.4		4.0		431.7		800		25.0		70.0
load=70.79
469293	41.5		10.4		4.0		430.1		800		25.0		70.8
load=69.60
469802	41.4		10.4		4.0		429.2		800		25.0		69.6
load=68.77
470311	41.5		10.4		4.0		429.8		800		25.0		68.8
load=67.77
470820	41.6		10.4		4.0		431.7		800		25.0		67.8
load=67.57
471329	41.6		10.4		4.0		432.0		800		25.0		67.6
load=68.57
471838	41.5		10.4		4.0		430.1		800		25.0		68.6
load=67.66
472347	41.2		10.4		4.0		426.8		800		25.0		67.7
load=66.79
472856	41.8		10.4		4.0		433.2		800		25.0		66.8
load=66.59
473365	41.8		10.4		4.0		433.5		800		25.0		66.6
load=67.50
473874	41.5		10.4		4.0		430.1		800		25.0		67.5
load=67.30
474383	41.5		10.4		4.0		429.8		800		25.0		67.3
load=68.29
474892	41.3		10.4		4.0		428.0		800		25.0		68.3
load=69.21
475401	41.8		10.4		4.0		433.1		800		25.0		69.2
load=70.11
475910	41.9		10.4		4.0		434.7		800		25.0		70.1
load=69.36
476419	41.6		10.4		4.0		432.0		800		25.0		69.4
load=70.36
476928	41.5		10.4		4.0		430.1		800		25.0		70.4
load=69.53
477437	41.3		10.4		4.0		428.6		800		25.0		69.5
load=68.70
477946	41.8		10.4		4.0		433.2		800		25.0		68.7
load=68.50
478455	41.8		10.4		4.0		433.2		800		25.0		68.5
load=69.33
478964	41.5		10.4		4.0		430.1		800		25.0		69.3
load=68.42
479473	41.2		10.4		4.0		426.8		800		25.0		68.4
load=67.50
479982	41.5		10.4		4.0		430.1		800		25.0		67.5
load=66.67
480491	41.6		10.4		4.0		431.7		800		25.0		66.7