tiempo[ms]V_Panel[V]	I_Panel[A]	R_Carga[Ohms]	P_Panel[W]	G[W/m2]	T[°C]	Load[%]
load=50.83
535	41.3		10.4		4.0		428.3		800		25.0		50.8
load=51.03
2034	41.3		10.4		4.0		428.3		800		25.0		51.0
load=51.23
2540	41.3		10.4		4.0		428.3		800		25.0		51.2
load=51.43
3049	41.3		10.4		4.0		428.3		800		25.0		51.4
load=51.63
3558	41.3		10.4		4.0		428.3		800		25.0		51.6
load=51.83
4067	41.3		10.4		4.0		428.3		800		25.0		51.8
load=52.03
4576	41.3		10.4		4.0		428.3		800		25.0		52.0
load=52.23
5085	41.3		10.4		4.0		428.3		800		25.0		52.2
load=52.43
5594	41.3		10.4		4.0		428.3		800		25.0		52.4
load=52.63
6103	41.3		10.4		4.0		428.3		800		25.0		52.6
load=52.83
6612	41.3		10.4		4.0		428.3		800		25.0		52.8
load=53.03
7121	41.3		10.4		4.0		428.3		800		25.0		53.0
load=53.23
7630	41.3		10.4		4.0		428.3		800		25.0		53.2
load=53.43
8139	41.3		10.4		4.0		428.3		800		25.0		53.4
load=53.63
8648	41.3		10.4		4.0		428.3		800		25.0		53.6
load=53.83
9157	41.3		10.4		4.0		428.3		800		25.0		53.8
load=54.03
9666	41.3		10.4		4.0		428.3		800		25.0		54.0
load=54.23
10175	41.3		10.4		4.0		428.3		800		25.0		54.2
load=54.43
10684	41.3		10.4		4.0		428.3		800		25.0		54.4
load=54.63
11193	41.3		10.4		4.0		428.3		800		25.0		54.6
load=54.83
11702	41.3		10.4		4.0		428.3		800		25.0		54.8
load=55.03
12211	41.3		10.4		4.0		428.3		800		25.0		55.0
load=55.23
12720	41.3		10.4		4.0		428.3		800		25.0		55.2
load=55.43
13229	41.3		10.4		4.0		428.3		800		25.0		55.4
load=55.63
13738	41.3		10.4		4.0		428.3		800		25.0		55.6
load=55.83
14247	41.3		10.4		4.0		428.3		800		25.0		55.8
load=56.03
14756	41.3		10.4		4.0		428.3		800		25.0		56.0
load=56.23
15265	41.3		10.4		4.0		428.3		800		25.0		56.2
load=56.43
15774	41.3		10.4		4.0		428.3		800		25.0		56.4
load=56.63
16283	41.3		10.4		4.0		428.3		800		25.0		56.6
load=56.83
16792	41.3		10.4		4.0		428.3		800		25.0		56.8
load=57.03
17301	41.3		10.4		4.0		428.3		800		25.0		57.0
load=57.23
17810	41.3		10.4		4.0		428.3		800		25.0		57.2
load=57.43
18319	41.3		10.4		4.0		428.3		800		25.0		57.4
load=57.63
18828	41.3		10.4		4.0		428.3		800		25.0		57.6
load=57.83
19337	41.3		10.4		4.0		428.3		800		25.0		57.8
load=58.03
19846	41.3		10.4		4.0		428.3		800		25.0		58.0
load=58.23
20355	41.3		10.4		4.0		428.3		800		25.0		58.2
load=58.43
20864	41.3		10.4		4.0		428.3		800		25.0		58.4
load=58.63
21373	41.3		10.4		4.0		428.3		800		25.0		58.6
load=58.83
21882	41.3		10.4		4.0		428.3		800		25.0		58.8
load=59.03
22391	41.3		10.4		4.0		428.3		800		25.0		59.0
load=59.23
22900	41.3		10.4		4.0		428.3		800		25.0		59.2
load=59.43
23409	41.3		10.4		4.0		428.3		800		25.0		59.4
load=59.63
23918	41.3		10.4		4.0		428.3		800		25.0		59.6
load=59.83
24427	41.3		10.4		4.0		428.3		800		25.0		59.8
load=60.03
24936	41.3		10.4		4.0		428.3		800		25.0		60.0
load=60.23
25445	41.3		10.4		4.0		428.3		800		25.0		60.2
load=60.43
25954	41.3		10.4		4.0		428.3		800		25.0		60.4
load=60.63
26463	41.3		10.4		4.0		428.3		800		25.0		60.6
load=60.83
26972	41.3		10.4		4.0		428.3		800		25.0		60.8
load=61.03
27481	41.3		10.4		4.0		428.3		800		25.0		61.0
load=61.23
27990	41.3		10.4		4.0		428.3		800		25.0		61.2
load=61.43
28499	41.3		10.4		4.0		428.3		800		25.0		61.4
load=61.63
29008	41.3		10.4		4.0		428.3		800		25.0		61.6
load=61.83
29517	41.3		10.4		4.0		428.3		800		25.0		61.8
load=62.03
30026	41.3		10.4		4.0		428.3		800		25.0		62.0
load=62.23
30535	41.3		10.4		4.0		428.3		800		25.0		62.2
load=62.43
31044	41.3		10.4		4.0		428.3		800		25.0		62.4
load=62.63
31553	41.3		10.4		4.0		428.3		800		25.0		62.6
load=62.83
32062	41.3		10.4		4.0		428.3		800		25.0		62.8
load=63.03
32571	41.3		10.4		4.0		428.3		800		25.0		63.0
load=63.23
33080	41.3		10.4		4.0		428.3		800		25.0		63.2
load=63.43
33589	41.3		10.4		4.0		428.3		800		25.0		63.4
load=63.63
34098	41.3		10.4		4.0		428.3		800		25.0		63.6
load=63.83
34607	41.3		10.4		4.0		428.3		800		25.0		63.8
load=64.03
35116	41.3		10.4		4.0		428.3		800		25.0		64.0
load=64.23
35625	41.3		10.4		4.0		428.3		800		25.0		64.2
load=64.43
36134	41.3		10.4		4.0		428.3		800		25.0		64.4
load=64.63
36643	41.3		10.4		4.0		428.3		800		25.0		64.6
load=64.83
37152	41.3		10.4		4.0		428.3		800		25.0		64.8
load=65.03
37661	41.3		10.4		4.0		428.3		800		25.0		65.0
load=65.23
38170	41.3		10.4		4.0		428.3		800		25.0		65.2
load=65.43
38679	41.3		10.4		4.0		428.3		800		25.0		65.4
load=65.63
39188	41.3		10.4		4.0		428.3		800		25.0		65.6
load=65.83
39697	41.3		10.4		4.0		428.3		800		25.0		65.8
load=66.03
40206	41.3		10.4		4.0		428.3		800		25.0		66.0
load=66.23
40715	41.3		10.4		4.0		428.3		800		25.0		66.2
load=66.43
41224	41.3		10.4		4.0		428.3		800		25.0		66.4
load=66.63
41733	41.3		10.4		4.0		428.3		800		25.0		66.6
load=66.83
42242	41.3		10.4		4.0		428.3		800		25.0		66.8
load=67.03
42751	41.3		10.4		4.0		428.3		800		25.0		67.0
load=67.23
43260	41.3		10.4		4.0		428.3		800		25.0		67.2
load=67.43
43769	41.3		10.4		4.0		428.3		800		25.0		67.4
load=67.63
44278	41.3		10.4		4.0		428.3		800		25.0		67.6
load=67.83
44787	41.3		10.4		4.0		428.3		800		25.0		67.8
load=68.03
45296	41.3		10.4		4.0		428.3		800		25.0		68.0
load=68.23
45805	41.3		10.4		4.0		428.3		800		25.0		68.2
load=68.43
46314	41.3		10.4		4.0		428.3		800		25.0		68.4
load=68.63
46823	41.3		10.4		4.0		428.3		800		25.0		68.6
load=68.83
47332	41.3		10.4		4.0		428.3		800		25.0		68.8
load=69.03
47841	41.3		10.4		4.0		428.3		800		25.0		69.0
load=69.23
48350	41.3		10.4		4.0		428.3		800		25.0		69.2
load=69.43
48859	41.3		10.4		4.0		428.3		800		25.0		69.4
load=69.63
49368	41.3		10.4		4.0		428.3		800		25.0		69.6
load=69.83
49877	41.3		10.4		4.0		428.3		800		25.0		69.8
load=70.03
50386	41.3		10.4		4.0		428.3		800		25.0		70.0
load=70.23
50895	41.3		10.4		4.0		428.3		800		25.0		70.2
load=70.43
51404	41.3		10.4		4.0		428.3		800		25.0		70.4
load=70.63
51913	41.3		10.4		4.0		428.3		800		25.0		70.6
load=70.83
52422	41.3		10.4		4.0		428.3		800		25.0		70.8
load=71.03
52931	41.3		10.4		4.0		428.3		800		25.0		71.0
load=71.23
53440	41.3		10.4		4.0		428.3		800		25.0		71.2
load=71.43
53949	41.3		10.4		4.0		428.3		800		25.0		71.4
load=71.63
54458	41.3		10.4		4.0		428.3		800		25.0		71.6
load=71.83
54967	41.3		10.4		4.0		428.3		800		25.0		71.8
load=72.03
55476	41.3		10.4		4.0		428.3		800		25.0		72.0
load=72.23
55985	41.3		10.4		4.0		428.3		800		25.0		72.2
load=72.43
56494	41.3		10.4		4.0		428.3		800		25.0		72.4
load=72.63
57003	41.3		10.4		4.0		428.3		800		25.0		72.6
load=72.83
57512	41.3		10.4		4.0		428.3		800		25.0		72.8
load=73.03
58021	41.3		10.4		4.0		428.3		800		25.0		73.0
load=73.23
58530	41.3		10.4		4.0		428.3		800		25.0		73.2
load=73.43
59039	41.3		10.4		4.0		428.3		800		25.0		73.4
load=73.63
59548	41.3		10.4		4.0		428.3		800		25.0		73.6
load=73.83
60057	41.3		10.4		4.0		428.3		800		25.0		73.8
load=74.03
60566	41.3		10.4		4.0		428.3		800		25.0		74.0
load=74.23
61075	41.3		10.4		4.0		428.3		800		25.0		74.2
load=74.43
61584	41.3		10.4		4.0		428.3		800		25.0		74.4
load=74.63
62093	41.3		10.4		4.0		428.3		800		25.0		74.6
load=74.83
62602	41.3		10.4		4.0		428.3		800		25.0		74.8
load=75.03
63111	41.3		10.4		4.0		428.3		800		25.0		75.0
load=75.23
63620	41.3		10.4		4.0		428.3		800		25.0		75.2
load=75.43
64129	41.3		10.4		4.0		428.3		800		25.0		75.4
load=75.63
64638	41.3		10.4		4.0		428.3		800		25.0		75.6
load=75.83
65147	41.3		10.4		4.0		428.3		800		25.0		75.8
load=76.03
65656	41.3		10.4		4.0		428.3		800		25.0		76.0
load=76.23
66165	41.3		10.4		4.0		428.3		800		25.0		76.2
load=76.43
66674	41.3		10.4		4.0		428.3		800		25.0		76.4
load=76.63
67183	41.3		10.4		4.0		428.3		800		25.0		76.6
load=76.83
67692	41.3		10.4		4.0		428.3		800		25.0		76.8
load=77.03
68201	41.3		10.4		4.0		428.3		800		25.0		77.0
load=77.23
68710	41.3		10.4		4.0		428.3		800		25.0		77.2
load=77.43
69219	41.3		10.4		4.0		428.3		800		25.0		77.4
load=77.63
69728	41.3		10.4		4.0		428.3		800		25.0		77.6
load=77.83
70237	41.3		10.4		4.0		428.3		800		25.0		77.8
load=78.03
70746	41.3		10.4		4.0		428.3		800		25.0		78.0
load=78.23
71255	41.3		10.4		4.0		428.3		800		25.0		78.2
load=78.43
71764	41.3		10.4		4.0		428.3		800		25.0		78.4
load=78.63
72273	41.3		10.4		4.0		428.3		800		25.0		78.6
load=78.83
72782	41.3		10.4		4.0		428.3		800		25.0		78.8
load=79.03
73291	41.3		10.4		4.0		428.3		800		25.0		79.0
load=79.23
73800	41.3		10.4		4.0		428.3		800		25.0		79.2
load=79.43
74309	41.3		10.4		4.0		428.3		800		25.0		79.4
load=79.63
74818	41.3		10.4		4.0		428.3		800		25.0		79.6
load=79.83
75327	41.3		10.4		4.0		428.3		800		25.0		79.8
load=80.03
75836	41.3		10.4		4.0		428.3		800		25.0		80.0
load=80.23
76345	41.3		10.4		4.0		428.3		800		25.0		80.2
load=80.43
76854	41.3		10.4		4.0		428.3		800		25.0		80.4
load=80.63
77363	41.3		10.4		4.0		428.3		800		25.0		80.6
load=80.83
77872	41.3		10.4		4.0		428.3		800		25.0		80.8
load=81.03
78381	41.3		10.4		4.0		428.3		800		25.0		81.0
load=81.23
78890	41.3		10.4		4.0		428.3		800		25.0		81.2
load=81.43
79399	41.3		10.4		4.0		428.3		800		25.0		81.4
load=81.63
79908	41.3		10.4		4.0		428.3		800		25.0		81.6
load=81.83
80417	41.3		10.4		4.0		428.3		800		25.0		81.8
load=82.03
80926	41.3		10.4		4.0		428.3		800		25.0		82.0
load=82.23
81435	41.3		10.4		4.0		428.3		800		25.0		82.2
load=82.43
81944	41.3		10.4		4.0		428.3		800		25.0		82.4
load=82.63
82453	41.3		10.4		4.0		428.3		800		25.0		82.6
load=82.83
82962	41.3		10.4		4.0		428.3		800		25.0		82.8
load=83.03
83471	41.3		10.4		4.0		428.3		800		25.0		83.0
load=83.23
83980	41.3		10.4		4.0		428.3		800		25.0		83.2
load=83.43
84489	41.3		10.4		4.0		428.3		800		25.0		83.4
load=83.63
84998	41.3		10.4		4.0		428.3		800		25.0		83.6
load=83.83
85507	41.3		10.4		4.0		428.3		800		25.0		83.8
load=84.03
86016	41.3		10.4		4.0		428.3		800		25.0		84.0
load=84.23
86525	41.3		10.4		4.0		428.3		800		25.0		84.2
load=84.43
87034	41.3		10.4		4.0		428.3		800		25.0		84.4
load=84.63
87543	41.3		10.4		4.0		428.3		800		25.0		84.6
load=84.83
88052	41.3		10.4		4.0		428.3		800		25.0		84.8
load=85.03
88561	41.3		10.4		4.0		428.3		800		25.0		85.0
load=85.23
89070	41.3		10.4		4.0		428.3		800		25.0		85.2
load=85.43
89579	41.3		10.4		4.0		428.3		800		25.0		85.4
load=85.63
90088	41.3		10.4		4.0		428.3		800		25.0		85.6
load=85.83
90597	41.3		10.4		4.0		428.3		800		25.0		85.8
load=86.03
91106	41.3		10.4		4.0		428.3		800		25.0		86.0
load=86.23
91615	41.3		10.4		4.0		428.3		800		25.0		86.2
load=86.43
92124	41.3		10.4		4.0		428.3		800		25.0		86.4
load=86.63
92633	41.3		10.4		4.0		428.3		800		25.0		86.6
load=86.83
93142	41.3		10.4		4.0		428.3		800		25.0		86.8
load=87.03
93651	41.3		10.4		4.0		428.3		800		25.0		87.0
load=87.23
94160	41.3		10.4		4.0		428.3		800		25.0		87.2
load=87.43
94669	41.3		10.4		4.0		428.3		800		25.0		87.4
load=87.63
95178	41.3		10.4		4.0		428.3		800		25.0		87.6
load=87.83
95687	41.3		10.4		4.0		428.3		800		25.0		87.8
load=88.03
96196	41.3		10.4		4.0		428.3		800		25.0		88.0
load=88.23
96705	41.3		10.4		4.0		428.3		800		25.0		88.2
load=88.43
97214	41.3		10.4		4.0		428.3		800		25.0		88.4
load=88.63
97723	41.3		10.4		4.0		428.3		800		25.0		88.6
load=88.83
98232	41.3		10.4		4.0		428.3		800		25.0		88.8
load=89.03
98741	41.3		10.4		4.0		428.3		800		25.0		89.0
load=89.23
99250	41.3		10.4		4.0		428.3		800		25.0		89.2
load=89.43
99759	41.3		10.4		4.0		428.3		800		25.0		89.4
load=89.63
100268	41.3		10.4		4.0		428.3		800		25.0		89.6
load=89.83
100777	41.3		10.4		4.0		428.3		800		25.0		89.8
load=90.03
101286	41.3		10.4		4.0		428.3		800		25.0		90.0
load=90.23
101795	41.3		10.4		4.0		428.3		800		25.0		90.2
load=90.43
102304	41.3		10.4		4.0		428.3		800		25.0		90.4
load=90.63
102813	41.3		10.4		4.0		428.3		800		25.0		90.6
load=90.83
103322	41.3		10.4		4.0		428.3		800		25.0		90.8
load=91.03
103831	41.3		10.4		4.0		428.3		800		25.0		91.0
load=91.23
104340	41.3		10.4		4.0		428.3		800		25.0		91.2
load=91.43
104849	41.3		10.4		4.0		428.3		800		25.0		91.4
load=91.63
105358	41.3		10.4		4.0		428.3		800		25.0		91.6
load=91.83
105867	41.3		10.4		4.0		428.3		800		25.0		91.8
load=92.03
106376	41.3		10.4		4.0		428.3		800		25.0		92.0
load=92.23
106885	41.3		10.4		4.0		428.3		800		25.0		92.2
load=92.43
107394	41.3		10.4		4.0		428.3		800		25.0		92.4
load=92.63
107903	41.3		10.4		4.0		428.3		800		25.0		92.6
load=92.83
108412	41.3		10.4		4.0		428.3		800		25.0		92.8
load=93.03
108921	41.3		10.4		4.0		428.3		800		25.0		93.0
load=93.23
109430	41.3		10.4		4.0		428.3		800		25.0		93.2
load=93.43
109939	41.3		10.4		4.0		428.3		800		25.0		93.4
load=93.63
110448	41.3		10.4		4.0		428.3		800		25.0		93.6
load=93.83
110957	41.3		10.4		4.0		428.3		800		25.0		93.8
load=94.03
111466	41.3		10.4		4.0		428.3		800		25.0		94.0
load=94.23
111975	41.3		10.4		4.0		428.3		800		25.0		94.2
load=94.43
112484	41.3		10.4		4.0		428.3		800		25.0		94.4
load=94.63
112993	41.3		10.4		4.0		428.3		800		25.0		94.6
load=94.83
113502	41.3		10.4		4.0		428.3		800		25.0		94.8
load=95.03
114011	41.3		10.4		4.0		428.3		800		25.0		95.0
load=95.23
114520	41.3		10.4		4.0		428.3		800		25.0		95.2
load=95.43
115029	41.3		10.4		4.0		428.3		800		25.0		95.4
load=95.63
115538	41.3		10.4		4.0		428.3		800		25.0		95.6
load=95.83
116047	41.3		10.4		4.0		428.3		800		25.0		95.8
load=96.03
116556	41.3		10.4		4.0		428.3		800		25.0		96.0
load=96.23
117065	41.3		10.4		4.0		428.3		800		25.0		96.2
load=96.43
117574	41.3		10.4		4.0		428.3		800		25.0		96.4
load=96.63
118083	41.3		10.4		4.0		428.3		800		25.0		96.6
load=96.83
118592	41.3		10.4		4.0		428.3		800		25.0		96.8
load=97.03
119101	41.3		10.4		4.0		428.3		800		25.0		97.0
load=97.23
119610	41.3		10.4		4.0		428.3		800		25.0		97.2
load=97.43
120119	41.3		10.4		4.0		428.3		800		25.0		97.4
load=97.23
120628	41.3		10.4		4.0		428.0		799		25.0		97.2
load=97.43
121137	41.3		10.3		4.0		425.6		795		25.0		97.4
load=97.23
121646	41.3		10.1		4.1		417.7		780		25.0		97.2
load=97.43
122155	41.3		9.9		4.2		409.3		764		25.0		97.4
load=97.23
122664	41.3		9.7		4.3		401.7		750		25.0		97.2
load=97.43
123173	41.3		9.5		4.3		394.1		736		25.0		97.4
load=97.23
123682	41.3		9.3		4.4		386.2		721		25.0		97.2
load=97.43
124191	41.3		9.2		4.5		378.7		707		25.0		97.4
load=97.23
124700	41.3		9.0		4.6		369.9		690		25.0		97.2
load=97.43
125209	41.3		8.8		4.7		362.0		676		25.0		97.4
load=97.23
125718	41.3		8.6		4.8		354.5		662		25.0		97.2
load=97.43
126227	41.3		8.4		4.9		346.6		647		25.0		97.4
load=97.23
126736	41.3		8.2		5.0		338.4		632		25.0		97.2
load=97.43
127245	41.3		8.0		5.2		330.5		617		25.0		97.4
load=97.23
127754	41.3		7.8		5.3		322.4		602		25.0		97.2
load=97.43
128263	41.3		7.6		5.4		314.2		587		25.0		97.4
load=97.23
128772	41.3		7.4		5.6		306.9		573		25.0		97.2
load=97.43
129281	41.3		7.2		5.7		298.8		558		25.0		97.4
load=97.23
129790	41.3		7.0		5.9		291.2		544		25.0		97.2
load=97.43
130299	41.3		6.9		6.0		283.3		528		25.0		97.4
load=97.23
130808	41.3		6.7		6.2		274.9		513		25.0		97.2
load=97.43
131317	41.3		6.5		6.4		267.3		499		25.0		97.4
load=97.23
131826	41.3		6.3		6.6		259.1		484		25.0		97.2
load=97.43
132335	41.3		6.1		6.8		251.5		470		25.0		97.4
load=97.23
132844	41.3		5.9		7.0		243.7		455		25.0		97.2
load=97.43
133353	41.3		5.7		7.3		235.2		439		25.0		97.4
load=97.23
133862	41.3		5.5		7.5		227.6		425		25.0		97.2
load=97.43
134371	41.3		5.5		7.5		226.4		423		25.0		97.4
load=97.63
134880	41.3		5.5		7.5		226.4		423		25.0		97.6
load=97.43
135389	41.3		5.3		7.8		218.6		408		25.0		97.4
load=97.63
135898	41.3		5.2		7.9		216.7		405		25.0		97.6
load=97.43
136407	41.3		5.2		7.9		215.2		402		25.0		97.4
load=97.63
136916	41.3		5.2		8.0		214.3		400		25.0		97.6
load=97.83
137425	41.3		5.2		8.0		214.3		400		25.0		97.8
load=98.03
137934	41.3		5.2		8.0		214.3		400		25.0		98.0
load=98.23
138443	41.3		5.2		8.0		214.3		400		25.0		98.2
load=98.43
138952	41.3		5.2		8.0		214.3		400		25.0		98.4
load=98.63
139461	41.3		5.2		8.0		214.3		400		25.0		98.6
load=98.83
139970	41.3		5.2		8.0		214.3		400		25.0		98.8
load=99.03
140479	41.3		5.2		8.0		214.3		400		25.0		99.0
load=99.23
140988	41.3		5.2		8.0		214.3		400		25.0		99.2
load=99.43
141497	41.3		5.2		8.0		214.3		400		25.0		99.4
load=99.63
142006	41.3		5.2		8.0		214.3		400		25.0		99.6
load=99.83
142515	41.3		5.2		8.0		214.3		400		25.0		99.8
load=100.00
143024	41.3		5.2		8.0		214.3		400		25.0		100.0
load=100.00
143533	41.3		5.2		8.0		214.3		400		25.0		100.0
load=100.00
144042	41.3		5.2		8.0		214.3		400		25.0		100.0
load=100.00
144551	41.3		5.2		8.0		214.3		400		25.0		100.0
load=100.00
145060	41.3		5.2		8.0		214.3		400		25.0		100.0
load=100.00
145569	41.3		5.2		8.0		214.3		400		25.0		100.0
load=100.00
146078	41.3		5.2		8.0		214.3		400		25.0		100.0
load=100.00
146587	41.3		5.2		8.0		214.3		400		25.0		100.0
load=100.00
147096	41.3		5.2		8.0		214.3		400		25.0		100.0
load=100.00
147605	41.3		5.2		8.0		214.3		400		25.0		100.0
load=100.00
148114	41.3		5.2		8.0		214.3		400		25.0		100.0
load=100.00
148623	41.3		5.2		8.0		214.3		400		25.0		100.0
load=100.00
149132	41.3		5.2		8.0		214.3		400		25.0		100.0
load=100.00
149641	41.3		5.2		8.0		214.3		400		25.0		100.0
load=100.00
150150	41.3		5.2		8.0		214.3		400		25.0		100.0
load=100.00
150659	41.3		5.2		8.0		214.3		400		25.0		100.0
load=100.00
151168	41.3		5.2		8.0		214.3		400		25.0		100.0
load=100.00
151677	41.3		5.2		8.0		214.3		400		25.0		100.0
load=100.00
152186	41.3		5.2		8.0		214.3		400		25.0		100.0
load=100.00
152695	41.3		5.2		8.0		214.3		400		25.0		100.0
load=100.00
153204	41.3		5.2		8.0		214.3		400		25.0		100.0
load=100.00
153713	41.3		5.2		8.0		214.3		400		25.0		100.0
load=100.00
154222	41.3		5.2		8.0		214.3		400		25.0		100.0
load=100.00
154731	41.3		5.2		8.0		214.3		400		25.0		100.0
load=100.00
155240	41.3		5.2		8.0		214.3		400		25.0		100.0
load=100.00
155749	41.3		5.2		8.0		214.3		400		25.0		100.0
load=100.00
156258	41.3		5.2		8.0		214.3		400		25.0		100.0
load=100.00
156767	41.3		5.2		8.0		214.3		400		25.0		100.0
load=100.00
157276	41.3		5.2		8.0		214.3		400		25.0		100.0
load=100.00
157785	41.3		5.2		8.0		214.3		400		25.0		100.0
load=100.00
158294	41.3		5.2		8.0		214.3		400		25.0		100.0
load=100.00
158803	41.3		5.2		8.0		214.3		400		25.0		100.0
load=100.00
159312	41.3		5.2		8.0		214.3		400		25.0		100.0
load=100.00
159821	41.3		5.2		8.0		214.3		400		25.0		100.0
load=100.00
160330	41.3		5.2		8.0		214.3		400		25.0		100.0
load=100.00
160839	41.3		5.2		8.0		214.3		400		25.0		100.0
load=100.00
161348	41.3		5.2		8.0		214.3		400		25.0		100.0
load=99.80
161857	41.3		5.1		8.2		208.9		390		25.0		99.8
load=99.60
162366	41.3		5.1		8.2		208.9		390		25.0		99.6
load=99.40
162875	41.3		5.1		8.2		208.9		390		25.0		99.4
load=99.20
163384	41.3		5.1		8.2		208.9		390		25.0		99.2
load=99.00
163893	41.3		5.1		8.1		209.8		392		25.0		99.0
load=98.80
164402	41.3		5.1		8.1		211.6		395		25.0		98.8
load=98.60
164911	41.3		5.1		8.0		212.5		397		25.0		98.6
load=98.40
165420	41.3		5.2		8.0		213.7		399		25.0		98.4
load=98.20
165929	41.3		5.2		8.0		213.7		399		25.0		98.2
load=98.00
166438	41.3		5.2		8.0		214.3		400		25.0		98.0
load=97.80
166947	41.3		5.2		8.0		214.3		400		25.0		97.8
load=97.60
167456	41.3		5.2		8.0		214.3		400		25.0		97.6
load=97.40
167965	41.3		5.2		8.0		214.3		400		25.0		97.4
load=97.20
168474	41.3		5.2		8.0		214.3		400		25.0		97.2
load=97.00
168983	41.3		5.2		8.0		214.3		400		25.0		97.0
load=96.80
169492	41.3		5.2		8.0		214.3		400		25.0		96.8
load=96.60
170001	41.3		5.2		8.0		214.3		400		25.0		96.6
load=96.40
170510	41.3		5.2		8.0		214.6		401		25.0		96.4
load=96.20
171019	41.3		5.2		7.9		216.4		404		25.0		96.2
load=96.00
171528	41.3		5.4		7.6		223.7		418		25.0		96.0
load=95.80
172037	41.3		5.6		7.4		231.9		433		25.0		95.8
load=95.60
172546	41.3		5.8		7.1		239.4		447		25.0		95.6
load=95.40
173055	41.3		6.0		6.9		247.9		463		25.0		95.4
load=95.20
173564	41.3		6.2		6.7		256.1		478		25.0		95.2
load=95.00
174073	41.3		6.4		6.5		263.3		492		25.0		95.0
load=94.80
174582	41.3		6.6		6.3		271.5		507		25.0		94.8
load=94.60
175091	41.3		6.8		6.1		279.1		521		25.0		94.6
load=94.40
175600	41.3		7.0		5.9		287.6		538		25.0		94.4
load=94.20
176109	41.3		7.2		5.8		295.7		552		25.0		94.2
load=94.00
176618	41.3		7.3		5.6		303.6		567		25.0		94.0
load=93.80
177127	41.3		7.5		5.5		311.2		581		25.0		93.8
load=93.60
177636	41.3		7.7		5.4		319.0		596		25.0		93.6
load=93.40
178145	41.3		7.9		5.2		326.6		610		25.0		93.4
load=93.20
178654	41.3		8.1		5.1		335.1		626		25.0		93.2
load=93.00
179163	41.3		8.3		5.0		343.3		641		25.0		93.0
load=92.80
179672	41.3		8.5		4.9		350.8		655		25.0		92.8
load=92.60
180181	41.3		8.7		4.8		358.7		670		25.0		92.6
load=92.40
180690	41.3		8.9		4.7		366.3		684		25.0		92.4
load=92.20
181199	41.3		9.1		4.6		374.4		699		25.0		92.2
load=92.00
181708	41.3		9.3		4.5		382.3		714		25.0		92.0
load=91.80
182217	41.3		9.5		4.4		390.5		729		25.0		91.8
load=91.60
182726	41.3		9.6		4.3		397.7		743		25.0		91.6
load=91.40
183235	41.3		9.8		4.2		405.9		758		25.0		91.4
load=91.20
183744	41.3		10.0		4.1		414.1		773		25.0		91.2
load=91.00
184253	41.3		10.2		4.0		422.6		789		25.0		91.0
load=90.80
184762	41.3		10.3		4.0		427.4		798		25.0		90.8
load=90.60
185271	41.3		10.4		4.0		428.3		800		25.0		90.6
load=90.40
185780	41.3		10.4		4.0		428.9		801		25.0		90.4
load=90.60
186289	41.3		10.4		4.0		428.3		800		25.0		90.6
load=90.80
186798	41.3		10.4		4.0		428.3		800		25.0		90.8
load=91.00
187307	41.3		10.4		4.0		428.3		800		25.0		91.0
load=91.20
187816	41.3		10.4		4.0		428.3		800		25.0		91.2
load=91.40
188325	41.3		10.4		4.0		428.3		800		25.0		91.4
load=91.60
188834	41.3		10.4		4.0		428.3		800		25.0		91.6
load=91.80
189343	41.3		10.4		4.0		428.3		800		25.0		91.8
load=92.00
189852	41.3		10.4		4.0		428.3		800		25.0		92.0
load=92.20
190361	41.3		10.4		4.0		428.3		800		25.0		92.2
load=92.40
190870	41.3		10.4		4.0		428.3		800		25.0		92.4
load=92.60
191379	41.3		10.4		4.0		428.3		800		25.0		92.6
load=92.80
191888	41.3		10.4		4.0		428.3		800		25.0		92.8
load=93.00
192397	41.3		10.4		4.0		428.3		800		25.0		93.0
load=93.20
192906	41.3		10.4		4.0		428.3		800		25.0		93.2
load=93.40
193415	41.3		10.4		4.0		428.3		800		25.0		93.4
load=93.60
193924	41.3		10.4		4.0		428.3		800		25.0		93.6
load=93.80
194433	41.3		10.4		4.0		428.3		800		25.0		93.8
load=94.00
194942	41.3		10.4		4.0		428.3		800		25.0		94.0
load=94.20
195451	41.3		10.4		4.0		428.3		800		25.0		94.2
load=94.40
195960	41.3		10.4		4.0		428.3		800		25.0		94.4
load=94.60
196469	41.3		10.4		4.0		428.3		800		25.0		94.6
load=94.80
196978	41.3		10.4		4.0		428.3		800		25.0		94.8
load=95.00
197487	41.3		10.4		4.0		428.3		800		25.0		95.0
load=95.20
197996	41.3		10.4		4.0		428.3		800		25.0		95.2
load=95.40
198505	41.3		10.4		4.0		428.3		800		25.0		95.4
load=95.60
199014	41.3		10.4		4.0		428.3		800		25.0		95.6
load=95.80
199523	41.3		10.4		4.0		428.3		800		25.0		95.8
load=96.00
200032	41.3		10.4		4.0		428.3		800		25.0		96.0
load=96.20
200541	41.3		10.4		4.0		428.3		800		25.0		96.2
load=96.40
201050	41.3		10.4		4.0		428.3		800		25.0		96.4
load=96.60
201559	41.3		10.4		4.0		428.3		800		25.0		96.6
load=96.80
202068	41.3		10.4		4.0		428.3		800		25.0		96.8
load=97.00
202577	41.3		10.4		4.0		428.3		800		25.0		97.0
load=97.20
203086	41.3		10.4		4.0		428.3		800		25.0		97.2
load=97.40
203595	41.3		10.4		4.0		428.3		800		25.0		97.4
load=97.60
204104	41.3		10.4		4.0		428.3		800		25.0		97.6
load=97.80
204613	41.3		10.4		4.0		428.3		800		25.0		97.8
load=98.00
205122	41.3		10.4		4.0		428.3		800		25.0		98.0
load=98.20
205631	41.3		10.4		4.0		428.3		800		25.0		98.2
load=98.40
206140	41.3		10.4		4.0		428.3		800		25.0		98.4
load=98.60
206649	41.3		10.4		4.0		428.3		800		25.0		98.6
load=98.80
207158	41.3		10.4		4.0		428.3		800		25.0		98.8
load=99.00
207667	41.3		10.4		4.0		428.3		800		25.0		99.0
load=99.20
208176	41.3		10.4		4.0		428.3		800		25.0		99.2
load=99.40
208685	41.3		10.4		4.0		428.3		800		25.0		99.4
load=99.60
209194	41.3		10.4		4.0		428.3		800		25.0		99.6
load=99.80
209703	41.3		10.4		4.0		428.3		800		25.0		99.8
load=100.00
210212	41.3		10.4		4.0		428.3		800		25.0		100.0
load=100.00
210721	41.3		10.4		4.0		428.3		800		25.0		100.0
load=100.00
211230	41.3		10.4		4.0		428.3		800		25.0		100.0
load=100.00
211739	41.3		10.4		4.0		428.3		800		25.0		100.0
load=100.00
212248	41.3		10.4		4.0		428.3		800		25.0		100.0
load=100.00
212757	41.3		10.4		4.0		428.3		800		25.0		100.0
load=100.00
213266	41.3		10.4		4.0		428.3		800		25.0		100.0
load=100.00
213775	41.3		10.4		4.0		428.3		800		25.0		100.0
load=100.00
214284	41.3		10.4		4.0		428.3		800		25.0		100.0
load=100.00
214793	41.3		10.4		4.0		428.3		800		25.0		100.0
load=100.00
215302	41.3		10.4		4.0		428.3		800		25.0		100.0
load=100.00
215811	41.3		10.4		4.0		428.3		800		25.0		100.0
load=100.00
216320	41.3		10.4		4.0		428.3		800		25.0		100.0
load=100.00
216829	41.3		10.4		4.0		428.3		800		25.0		100.0
load=100.00
217338	41.3		10.4		4.0		428.3		800		25.0		100.0
load=100.00
217847	41.3		10.4		4.0		428.3		800		25.0		100.0
load=100.00
218356	41.3		10.4		4.0		428.3		800		25.0		100.0
load=100.00
218865	41.3		10.4		4.0		428.3		800		25.0		100.0
load=100.00
219374	41.3		10.4		4.0		428.3		800		25.0		100.0
load=100.00
219883	41.3		10.4		4.0		428.3		800		25.0		100.0
load=100.00
220392	41.3		10.4		4.0		428.3		800		25.0		100.0
load=100.00
220901	41.3		10.4		4.0		428.3		800		25.0		100.0
load=99.80
221410	41.3		10.4		4.0		428.0		799		25.0		99.8
load=100.00
221919	41.3		10.2		4.0		422.0		788		25.0		100.0
load=99.80
222428	41.3		10.0		4.1		414.1		773		25.0		99.8
load=100.00
222937	41.3		9.8		4.2		406.5		759		25.0		100.0
load=99.80
223446	41.3		9.6		4.3		398.4		744		25.0		99.8
load=100.00
223955	41.3		9.5		4.4		390.5		729		25.0		100.0
load=99.80
224464	41.3		9.3		4.5		382.3		714		25.0		99.8
load=100.00
224973	41.3		9.1		4.6		374.4		699		25.0		100.0
load=99.80
225482	41.3		8.9		4.7		366.9		685		25.0		99.8
load=100.00
225991	41.3		8.7		4.8		358.7		670		25.0		100.0
load=99.80
226500	41.3		8.5		4.9		351.4		655		25.0		99.8
load=100.00
227009	41.3		8.3		5.0		342.7		640		25.0		100.0
load=99.80
227518	41.3		8.1		5.1		335.1		626		25.0		99.8
load=100.00
228027	41.3		7.9		5.2		327.2		611		25.0		100.0
load=99.80
228536	41.3		7.7		5.4		319.0		596		25.0		99.8
load=100.00
229045	41.3		7.5		5.5		311.8		582		25.0		100.0
load=99.80
229554	41.3		7.3		5.6		302.7		565		25.0		99.8
load=100.00
230063	41.3		7.1		5.8		295.1		551		25.0		100.0
load=99.80
230572	41.3		6.9		5.9		287.0		536		25.0		99.8
load=100.00
231081	41.3		6.8		6.1		280.0		523		25.0		100.0
load=99.80
231590	41.3		6.6		6.3		272.1		508		25.0		99.8
load=100.00
232099	41.3		6.4		6.5		264.6		493		25.0		100.0
load=99.80
232608	41.3		6.2		6.7		255.5		477		25.0		99.8
load=100.00
233117	41.3		6.0		6.9		247.3		462		25.0		100.0
load=99.80
233626	41.3		5.8		7.1		240.0		448		25.0		99.8
load=100.00
234135	41.3		5.6		7.4		231.9		433		25.0		100.0
load=99.80
234644	41.3		5.4		7.6		224.3		419		25.0		99.8
load=100.00
235153	41.3		5.2		7.9		215.8		403		25.0		100.0
load=99.80
235662	41.3		5.0		8.2		208.3		389		25.0		99.8
load=100.00
236171	41.3		4.8		8.5		200.4		374		25.0		100.0
load=99.80
236680	41.3		4.7		8.9		192.8		360		25.0		99.8
load=100.00
237189	41.3		4.6		9.0		190.7		356		25.0		100.0
load=99.80
237698	41.3		4.6		9.0		190.1		355		25.0		99.8
load=100.00
238207	41.3		4.4		9.4		181.6		339		25.0		100.0
load=99.80
238716	41.3		4.2		9.8		173.4		324		25.0		99.8
load=100.00
239225	41.3		4.0		10.3		165.9		310		25.0		100.0
load=99.80
239734	41.3		3.9		10.6		160.7		300		25.0		99.8
load=99.60
240243	41.3		3.9		10.6		161.3		301		25.0		99.6
load=99.80
240752	41.3		3.9		10.6		160.7		300		25.0		99.8
load=100.00
241261	41.3		3.9		10.6		160.7		300		25.0		100.0
load=100.00
241770	41.3		3.9		10.6		160.7		300		25.0		100.0
load=100.00
242279	41.3		3.9		10.6		160.7		300		25.0		100.0
load=100.00
242788	41.3		3.9		10.6		160.7		300		25.0		100.0
load=100.00
243297	41.3		3.9		10.6		160.7		300		25.0		100.0
load=100.00
243806	41.3		3.9		10.6		160.7		300		25.0		100.0
load=100.00
244315	41.3		3.9		10.6		160.7		300		25.0		100.0
load=100.00
244824	41.3		3.9		10.6		160.7		300		25.0		100.0
load=100.00
245333	41.3		3.9		10.6		160.7		300		25.0		100.0
load=100.00
245842	41.3		3.9		10.6		160.7		300		25.0		100.0
load=100.00
246351	41.3		3.9		10.6		160.7		300		25.0		100.0
load=100.00
246860	41.3		3.9		10.6		160.7		300		25.0		100.0
load=100.00
247369	41.3		3.9		10.6		160.7		300		25.0		100.0
load=100.00
247878	41.3		3.9		10.6		160.7		300		25.0		100.0
load=100.00
248387	41.3		3.9		10.6		160.7		300		25.0		100.0
load=100.00
248896	41.3		3.9		10.6		160.7		300		25.0		100.0
load=100.00
249405	41.3		3.9		10.6		160.7		300		25.0		100.0
load=100.00
249914	41.3		3.9		10.6		160.7		300		25.0		100.0
load=100.00
250423	41.3		3.9		10.6		160.7		300		25.0		100.0
load=100.00
250932	41.3		3.9		10.6		160.7		300		25.0		100.0
load=100.00
251441	41.3		3.9		10.6		160.7		300		25.0		100.0
load=100.00
251950	41.3		3.9		10.6		160.7		300		25.0		100.0
load=100.00
252459	41.3		3.9		10.6		160.7		300		25.0		100.0
load=100.00
252968	41.3		3.9		10.6		160.7		300		25.0		100.0
load=100.00
253477	41.3		3.9		10.6		160.7		300		25.0		100.0
load=100.00
253986	41.3		3.9		10.6		160.7		300		25.0		100.0
load=100.00
254495	41.3		3.9		10.6		160.7		300		25.0		100.0
load=100.00
255004	41.3		3.9		10.6		160.7		300		25.0		100.0
load=100.00
255513	41.3		3.9		10.6		160.7		300		25.0		100.0
load=100.00
256022	41.3		3.9		10.6		160.7		300		25.0		100.0
load=100.00
256531	41.3		3.9		10.6		160.7		300		25.0		100.0
load=100.00
257040	41.3		3.9		10.6		160.7		300		25.0		100.0
load=100.00
257549	41.3		3.9		10.6		160.7		300		25.0		100.0
load=100.00
258058	41.3		3.9		10.6		160.7		300		25.0		100.0
load=100.00
258567	41.3		3.9		10.6		160.7		300		25.0		100.0
load=100.00
259076	41.3		3.9		10.6		160.7		300		25.0		100.0
load=100.00
259585	41.3		3.9		10.6		160.7		300		25.0		100.0
load=100.00
260094	41.3		3.9		10.6		160.7		300		25.0		100.0
load=100.00
260603	41.3		3.9		10.6		160.7		300		25.0		100.0
load=100.00
261112	41.3		3.9		10.6		160.7		300		25.0		100.0
load=100.00
261621	41.3		3.9		10.6		160.7		300		25.0		100.0
load=100.00
262130	41.3		3.9		10.6		160.7		300		25.0		100.0
load=100.00
262639	41.3		3.9		10.6		160.7		300		25.0		100.0
load=100.00
263148	41.3		3.9		10.6		160.7		300		25.0		100.0
load=100.00
263657	41.3		3.9		10.6		160.7		300		25.0		100.0
load=100.00
264166	41.3		3.9		10.6		160.7		300		25.0		100.0
load=100.00
264675	41.3		3.9		10.6		160.7		300		25.0		100.0
load=100.00
265184	41.3		3.9		10.6		160.7		300		25.0		100.0
load=100.00
265693	41.3		3.9		10.6		160.7		300		25.0		100.0
load=100.00
266202	41.3		3.9		10.6		160.7		300		25.0		100.0
load=100.00
266711	41.3		3.9		10.6		160.7		300		25.0		100.0
load=100.00
267220	41.3		3.9		10.6		160.7		300		25.0		100.0
load=100.00
267729	41.3		3.9		10.6		160.7		300		25.0		100.0
load=100.00
268238	41.3		3.9		10.6		160.7		300		25.0		100.0
load=100.00
268747	41.3		3.9		10.6		160.7		300		25.0		100.0
load=100.00
269256	41.3		3.9		10.6		160.7		300		25.0		100.0
load=100.00
269765	41.3		3.9		10.6		160.7		300		25.0		100.0
load=100.00
270274	41.3		3.9		10.6		160.7		300		25.0		100.0
load=100.00
270783	41.3		3.9		10.6		160.7		300		25.0		100.0
load=100.00
271292	41.3		3.9		10.6		160.7		300		25.0		100.0
load=100.00
271801	41.3		3.9		10.6		160.7		300		25.0		100.0
load=100.00
272310	41.3		3.9		10.6		160.7		300		25.0		100.0
load=100.00
272819	41.3		3.9		10.6		160.7		300		25.0		100.0
load=100.00
273328	41.3		3.9		10.6		160.7		300		25.0		100.0
load=100.00
273837	41.3		3.9		10.6		160.7		300		25.0		100.0
load=100.00
274346	41.3		3.9		10.6		160.7		300		25.0		100.0
load=100.00
274855	41.3		3.9		10.6		160.7		300		25.0		100.0
load=100.00
275364	41.3		3.9		10.6		160.7		300		25.0		100.0
load=100.00
275873	41.3		3.9		10.6		160.7		300		25.0		100.0
load=100.00
276382	41.3		3.9		10.6		160.7		300		25.0		100.0
load=100.00
276891	41.3		3.9		10.6		160.7		300		25.0		100.0
load=100.00
277400	41.3		3.9		10.6		160.7		300		25.0		100.0
load=100.00
277909	41.3		3.9		10.6		160.7		300		25.0		100.0
load=100.00
278418	41.3		3.9		10.6		160.7		300		25.0		100.0
load=100.00
278927	41.3		3.9		10.6		160.7		300		25.0		100.0
load=100.00
279436	41.3		3.9		10.6		160.7		300		25.0		100.0
load=100.00
279945	41.3		3.9		10.6		160.7		300		25.0		100.0
load=100.00
280454	41.3		3.9		10.6		160.7		300		25.0		100.0
load=100.00
280963	41.3		3.9		10.6		160.7		300		25.0		100.0
load=100.00
281472	41.3		3.9		10.6		160.7		300		25.0		100.0
load=100.00
281981	41.3		3.9		10.6		160.7		300		25.0		100.0
load=100.00
282490	41.3		3.9		10.6		160.7		300		25.0		100.0
load=100.00
282999	41.3		3.9		10.6		160.7		300		25.0		100.0
load=100.00
283508	41.3		3.9		10.6		161.3		301		25.0		100.0
load=100.00
284017	41.3		4.1		10.1		168.6		315		25.0		100.0
load=100.00
284526	41.3		4.2		9.7		175.6		328		25.0		100.0
load=100.00
285035	41.3		4.4		9.3		183.7		343		25.0		100.0
load=100.00
285544	41.3		4.6		8.9		191.3		357		25.0		100.0
load=100.00
286053	41.3		4.8		8.5		200.4		374		25.0		100.0
load=100.00
286562	41.3		5.0		8.2		207.7		388		25.0		100.0
load=100.00
287071	41.3		5.2		7.9		215.2		402		25.0		100.0
load=100.00
287580	41.3		5.4		7.7		222.8		416		25.0		100.0
load=100.00
288089	41.3		5.6		7.4		231.3		432		25.0		100.0
load=100.00
288598	41.3		5.8		7.1		239.4		447		25.0		100.0
load=100.00
289107	41.3		6.0		6.9		247.3		462		25.0		100.0
load=100.00
289616	41.3		6.2		6.7		255.5		477		25.0		100.0
load=100.00
290125	41.3		6.4		6.5		263.0		491		25.0		100.0
load=100.00
290634	41.3		6.6		6.3		270.9		506		25.0		100.0
load=100.00
291143	41.3		6.7		6.1		278.5		520		25.0		100.0
load=100.00
291652	41.3		6.9		5.9		287.0		536		25.0		100.0
load=100.00
292161	41.3		7.1		5.8		295.1		551		25.0		100.0
load=100.00
292670	41.3		7.3		5.6		302.7		565		25.0		100.0
load=100.00
293179	41.3		7.5		5.5		310.6		580		25.0		100.0
load=100.00
293688	41.3		7.7		5.4		318.1		594		25.0		100.0
load=100.00
294197	41.3		7.9		5.2		326.0		609		25.0		100.0
load=100.00
294706	41.3		8.1		5.1		334.8		625		25.0		100.0
load=100.00
295215	41.3		8.3		5.0		342.1		639		25.0		100.0
load=100.00
295724	41.3		8.5		4.9		350.2		654		25.0		100.0
load=100.00
296233	41.3		8.7		4.8		357.8		668		25.0		100.0
load=100.00
296742	41.3		8.8		4.7		365.4		682		25.0		100.0
load=100.00
297251	41.3		9.1		4.6		374.2		699		25.0		100.0
load=100.00
297760	41.3		9.3		4.5		382.3		714		25.0		100.0
load=100.00
298269	41.3		9.4		4.4		389.9		728		25.0		100.0
load=100.00
298778	41.3		9.6		4.3		397.4		742		25.0		100.0
load=100.00
299287	41.3		9.7		4.3		401.1		749		25.0		100.0
load=100.00
299796	41.3		9.7		4.2		402.6		752		25.0		100.0
load=100.00
300305	41.3		9.8		4.2		403.2		753		25.0		100.0
load=100.00
300814	41.3		9.9		4.2		408.6		763		25.0		100.0
load=100.00
301323	41.3		10.1		4.1		416.2		777		25.0		100.0
load=100.00
301832	41.3		10.3		4.0		424.1		792		25.0		100.0
load=100.00
302341	41.3		10.4		4.0		431.0		805		25.0		100.0
load=99.80
302850	41.3		10.4		4.0		430.1		803		25.0		99.8
load=100.00
303359	41.3		10.4		4.0		428.3		800		25.0		100.0
load=100.00
303868	41.3		10.4		4.0		428.3		800		25.0		100.0
load=100.00
304377	41.3		10.4		4.0		428.3		800		25.0		100.0
load=100.00
304886	41.3		10.4		4.0		428.3		800		25.0		100.0
load=100.00
305395	41.3		10.4		4.0		428.3		800		25.0		100.0
load=100.00
305904	41.3		10.4		4.0		428.3		800		25.0		100.0
load=100.00
306413	41.3		10.4		4.0		428.3		800		25.0		100.0
load=100.00
306922	41.3		10.4		4.0		428.3		800		25.0		100.0
load=100.00
307431	41.3		10.4		4.0		428.3		800		25.0		100.0
load=100.00
307940	41.3		10.4		4.0		428.3		800		25.0		100.0
load=100.00
308449	41.3		10.4		4.0		428.3		800		25.0		100.0
load=100.00
308958	41.3		10.4		4.0		428.3		800		25.0		100.0
load=100.00
309467	41.3		10.4		4.0		428.3		800		25.0		100.0
load=100.00
309976	41.3		10.4		4.0		428.3		800		25.0		100.0
load=100.00
310485	41.3		10.4		4.0		428.3		800		25.0		100.0
load=100.00
310994	41.3		10.4		4.0		428.3		800		25.0		100.0
load=100.00
311503	41.3		10.4		4.0		428.3		800		25.0		100.0
load=100.00
312012	41.3		10.4		4.0		428.3		800		25.0		100.0
load=100.00
312521	41.3		10.4		4.0		428.3		800		25.0		100.0
load=100.00
313030	41.3		10.4		4.0		428.3		800		25.0		100.0
load=100.00
313539	41.3		10.4		4.0		428.3		800		25.0		100.0
load=100.00
314048	41.3		10.4		4.0		428.3		800		25.0		100.0
load=100.00
314557	41.3		10.4		4.0		428.3		800		25.0		100.0
load=100.00
315066	41.3		10.4		4.0		428.3		800		25.0		100.0
load=100.00
315575	41.3		10.4		4.0		428.3		800		25.0		100.0
load=100.00
316084	41.3		10.4		4.0		428.3		800		25.0		100.0
load=100.00
316593	41.3		10.4		4.0		428.3		800		25.0		100.0
load=100.00
317102	41.3		10.4		4.0		428.3		800		25.0		100.0
load=100.00
317611	41.3		10.4		4.0		428.3		800		25.0		100.0
load=100.00
318120	41.3		10.4		4.0		428.3		800		25.0		100.0
load=100.00
318629	41.3		10.4		4.0		428.3		800		25.0		100.0
load=100.00
319138	41.3		10.4		4.0		428.3		800		25.0		100.0
load=100.00
319647	41.3		10.4		4.0		428.3		800		25.0		100.0
load=100.00
320156	41.3		10.4		4.0		428.3		800		25.0		100.0
load=100.00
320665	41.3		10.4		4.0		428.3		800		25.0		100.0
load=100.00
321174	41.3		10.4		4.0		428.3		800		25.0		100.0
load=100.00
321683	41.3		10.4		4.0		428.3		800		25.0		100.0
load=100.00
322192	41.3		10.4		4.0		428.3		800		25.0		100.0
load=100.00
322701	41.3		10.4		4.0		428.3		800		25.0		100.0
load=100.00
323210	41.3		10.4		4.0		428.3		800		25.0		100.0
load=100.00
323719	41.3		10.4		4.0		428.3		800		25.0		100.0
load=100.00
324228	41.3		10.4		4.0		428.3		800		25.0		100.0
load=100.00
324737	41.3		10.4		4.0		428.3		800		25.0		100.0
load=100.00
325246	41.3		10.4		4.0		428.3		800		25.0		100.0
load=100.00
325755	41.3		10.4		4.0		428.3		800		25.0		100.0
load=100.00
326264	41.3		10.4		4.0		428.3		800		25.0		100.0
load=100.00
326773	41.3		10.4		4.0		428.3		800		25.0		100.0
load=100.00
327282	41.3		10.4		4.0		428.3		800		25.0		100.0
load=100.00
327791	41.3		10.4		4.0		428.3		800		25.0		100.0
load=100.00
328300	41.3		10.4		4.0		428.3		800		25.0		100.0
load=100.00
328809	41.3		10.4		4.0		428.3		800		25.0		100.0
load=100.00
329318	41.3		10.4		4.0		428.3		800		25.0		100.0
load=100.00
329827	41.3		10.4		4.0		428.3		800		25.0		100.0
load=100.00
330336	41.3		10.4		4.0		428.3		800		25.0		100.0
load=100.00
330845	41.3		10.4		4.0		428.3		800		25.0		100.0
load=100.00
331354	41.3		10.4		4.0		428.3		800		25.0		100.0
load=100.00
331863	41.3		10.4		4.0		428.3		800		25.0		100.0
load=100.00
332372	41.3		10.4		4.0		428.3		800		25.0		100.0
load=100.00
332881	41.3		10.4		4.0		428.3		800		25.0		100.0
load=100.00
333390	41.3		10.4		4.0		428.3		800		25.0		100.0
load=100.00
333899	41.3		10.4		4.0		428.3		800		25.0		100.0
load=100.00
334408	41.3		10.4		4.0		428.3		800		25.0		100.0
load=100.00
334917	41.3		10.4		4.0		428.3		800		25.0		100.0
load=100.00
335426	41.3		10.4		4.0		428.3		800		25.0		100.0
load=100.00
335935	41.3		10.4		4.0		428.3		800		25.0		100.0
load=100.00
336444	41.3		10.4		4.0		428.3		800		25.0		100.0
load=100.00
336953	41.3		10.4		4.0		428.3		800		25.0		100.0
load=100.00
337462	41.3		10.4		4.0		428.3		800		25.0		100.0
load=100.00
337971	41.3		10.4		4.0		428.3		800		25.0		100.0
load=100.00
338480	41.3		10.4		4.0		428.3		800		25.0		100.0
load=100.00
338989	41.3		10.4		4.0		428.3		800		25.0		100.0
load=100.00
339498	41.3		10.4		4.0		428.3		800		25.0		100.0
load=100.00
340007	41.3		10.4		4.0		428.3		800		25.0		100.0
load=99.34
340516	41.2		10.4		4.0		427.1		800		26.0		99.3
load=99.14
341025	41.2		10.4		4.0		427.1		800		26.0		99.1
load=99.88
341534	39.6		10.4		3.8		412.1		800		39.0		99.9
load=99.15
342043	38.2		10.5		3.7		400.1		800		50.0		99.1
load=99.93
342552	37.9		10.5		3.6		396.4		800		53.0		99.9
load=99.09
343061	37.8		10.5		3.6		395.7		800		53.0		99.1
load=99.78
343570	37.5		10.5		3.6		393.2		800		56.0		99.8
load=98.94
344079	37.2		10.5		3.5		390.2		800		58.0		98.9
load=99.68
344588	36.8		10.5		3.5		386.1		800		61.0		99.7
load=100.00
345097	36.9		10.5		3.5		387.4		800		60.0		100.0
load=100.00
345606	36.9		10.5		3.5		387.4		800		60.0		100.0
load=100.00
346115	36.9		10.5		3.5		387.4		800		60.0		100.0
load=100.00
346624	36.9		10.5		3.5		387.4		800		60.0		100.0
load=100.00
347133	36.9		10.5		3.5		387.4		800		60.0		100.0
load=100.00
347642	36.9		10.5		3.5		387.4		800		60.0		100.0
load=100.00
348151	36.9		10.5		3.5		387.4		800		60.0		100.0
load=100.00
348660	36.9		10.5		3.5		387.4		800		60.0		100.0
load=100.00
349169	36.9		10.5		3.5		387.4		800		60.0		100.0
load=100.00
349678	36.9		10.5		3.5		387.4		800		60.0		100.0
load=100.00
350187	36.9		10.5		3.5		387.4		800		60.0		100.0
load=100.00
350696	36.9		10.5		3.5		387.4		800		60.0		100.0
load=100.00
351205	36.9		10.5		3.5		387.4		800		60.0		100.0
load=100.00
351714	36.9		10.5		3.5		387.4		800		60.0		100.0
load=100.00
352223	36.9		10.5		3.5		387.4		800		60.0		100.0
load=100.00
352732	36.9		10.5		3.5		387.4		800		60.0		100.0
load=100.00
353241	36.9		10.5		3.5		387.4		800		60.0		100.0
load=100.00
353750	36.9		10.5		3.5		387.4		800		60.0		100.0
load=100.00
354259	36.9		10.5		3.5		387.4		800		60.0		100.0
load=100.00
354768	36.9		10.5		3.5		387.4		800		60.0		100.0
load=100.00
355277	36.9		10.5		3.5		387.4		800		60.0		100.0
load=100.00
355786	36.9		10.5		3.5		387.4		800		60.0		100.0
load=100.00
356295	36.9		10.5		3.5		387.4		800		60.0		100.0
load=100.00
356804	36.9		10.5		3.5		387.4		800		60.0		100.0
load=100.00
357313	36.9		10.5		3.5		387.4		800		60.0		100.0
load=100.00
357822	36.9		10.5		3.5		387.4		800		60.0		100.0
load=100.00
358331	36.9		10.5		3.5		387.4		800		60.0		100.0
load=100.00
358840	36.9		10.5		3.5		387.4		800		60.0		100.0
load=100.00
359349	36.9		10.5		3.5		387.4		800		60.0		100.0
load=100.00
359858	36.9		10.5		3.5		387.4		800		60.0		100.0
load=100.00
360367	36.9		10.5		3.5		387.4		800		60.0		100.0
load=100.00
360876	36.9		10.5		3.5		387.4		800		60.0		100.0
load=100.00
361385	36.9		10.5		3.5		387.4		800		60.0		100.0
load=100.00
361894	36.9		10.5		3.5		387.4		800		60.0		100.0
load=100.00
362403	36.9		10.5		3.5		387.4		800		60.0		100.0
load=100.00
362912	36.9		10.5		3.5		387.4		800		60.0		100.0
load=100.00
363421	36.9		10.5		3.5		387.4		800		60.0		100.0
load=100.00
363930	36.9		10.5		3.5		387.4		800		60.0		100.0
load=100.00
364439	36.9		10.5		3.5		387.4		800		60.0		100.0
load=100.00
364948	36.9		10.5		3.5		387.4		800		60.0		100.0
load=100.00
365457	36.9		10.5		3.5		387.4		800		60.0		100.0
load=100.00
365966	36.9		10.5		3.5		387.4		800		60.0		100.0
load=100.00
366475	36.9		10.5		3.5		387.4		800		60.0		100.0
load=100.00
366984	36.9		10.5		3.5		387.4		800		60.0		100.0
load=100.00
367493	36.9		10.5		3.5		387.4		800		60.0		100.0
load=100.00
368002	36.9		10.5		3.5		387.4		800		60.0		100.0
load=100.00
368511	36.9		10.5		3.5		387.4		800		60.0		100.0
load=100.00
369020	36.9		10.5		3.5		387.4		800		60.0		100.0
load=100.00
369529	36.9		10.5		3.5		387.4		800		60.0		100.0
load=100.00
370038	36.9		10.5		3.5		387.4		800		60.0		100.0
load=100.00
370547	36.9		10.5		3.5		387.4		800		60.0		100.0
load=100.00
371056	36.9		10.5		3.5		387.4		800		60.0		100.0
load=100.00
371565	36.9		10.5		3.5		387.4		800		60.0		100.0
load=100.00
372074	36.9		10.5		3.5		387.4		800		60.0		100.0
load=100.00
372583	36.9		10.5		3.5		387.4		800		60.0		100.0
load=100.00
373092	36.9		10.5		3.5		387.4		800		60.0		100.0
load=100.00
373601	36.9		10.5		3.5		387.4		800		60.0		100.0
load=100.00
374110	36.9		10.5		3.5		387.4		800		60.0		100.0
load=100.00
374619	36.9		10.5		3.5		387.4		800		60.0		100.0
load=100.00
375128	36.9		10.5		3.5		387.4		800		60.0		100.0
load=100.00
375637	36.9		10.5		3.5		387.4		800		60.0		100.0
load=100.00
376146	36.9		10.5		3.5		387.4		800		60.0		100.0
load=100.00
376655	36.9		10.5		3.5		387.4		800		60.0		100.0
load=100.00
377164	36.9		10.5		3.5		387.4		800		60.0		100.0
load=100.00
377673	36.9		10.5		3.5		387.4		800		60.0		100.0
load=100.00
378182	36.9		10.5		3.5		387.4		800		60.0		100.0
load=100.00
378691	36.9		10.5		3.5		387.4		800		60.0		100.0
load=100.00
379200	36.9		10.5		3.5		387.4		800		60.0		100.0
load=100.00
379709	36.9		10.5		3.5		387.4		800		60.0		100.0
load=100.00
380218	36.9		10.5		3.5		387.4		800		60.0		100.0
load=100.00
380727	36.9		10.5		3.5		387.4		800		60.0		100.0
load=100.00
381236	36.9		10.5		3.5		387.4		800		60.0		100.0
load=100.00
381745	36.9		10.5		3.5		387.4		800		60.0		100.0
load=100.00
382254	36.9		10.5		3.5		387.4		800		60.0		100.0
load=100.00
382763	36.9		10.5		3.5		387.4		800		60.0		100.0
load=100.00
383272	36.9		10.5		3.5		387.4		800		60.0		100.0
load=100.00
383781	36.9		10.5		3.5		387.4		800		60.0		100.0
load=100.00
384290	36.9		10.5		3.5		387.4		800		60.0		100.0
load=100.00
384799	36.9		10.5		3.5		387.4		800		60.0		100.0
load=100.00
385308	36.9		10.5		3.5		387.4		800		60.0		100.0
load=100.00
385817	36.9		10.5		3.5		387.4		800		60.0		100.0
load=100.00
386326	36.9		10.5		3.5		387.4		800		60.0		100.0
load=100.00
386835	36.9		10.5		3.5		387.4		800		60.0		100.0
load=100.00
387344	36.9		10.5		3.5		387.4		800		60.0		100.0
load=100.00
387853	36.9		10.5		3.5		387.4		800		60.0		100.0
load=100.00
388362	36.9		10.5		3.5		387.4		800		60.0		100.0
load=100.00
388871	36.9		10.5		3.5		387.4		800		60.0		100.0
load=100.00
389380	36.9		10.5		3.5		387.4		800		60.0		100.0
load=100.00
389889	36.9		10.5		3.5		387.4		800		60.0		100.0
load=100.00
390398	36.9		10.5		3.5		387.4		800		60.0		100.0
load=100.00
390907	36.9		10.5		3.5		387.4		800		60.0		100.0
load=100.00
391416	36.9		10.5		3.5		387.4		800		60.0		100.0
load=100.00
391925	36.9		10.5		3.5		387.4		800		60.0		100.0
load=100.00
392434	36.9		10.5		3.5		387.4		800		60.0		100.0
load=100.00
392943	36.9		10.5		3.5		387.4		800		60.0		100.0
load=100.00
393452	36.9		10.5		3.5		387.4		800		60.0		100.0
load=100.00
393961	36.9		10.5		3.5		387.4		800		60.0		100.0
load=100.00
394470	36.9		10.5		3.5		387.4		800		60.0		100.0
load=100.00
394979	36.9		10.5		3.5		387.4		800		60.0		100.0
load=100.00
395488	36.9		10.5		3.5		387.4		800		60.0		100.0
load=100.00
395997	36.9		10.5		3.5		387.4		800		60.0		100.0
load=100.00
396506	36.9		10.5		3.5		387.4		800		60.0		100.0
load=100.00
397015	36.9		10.5		3.5		387.4		800		60.0		100.0
load=100.00
397524	36.9		10.5		3.5		387.4		800		60.0		100.0
load=100.00
398033	36.9		10.5		3.5		387.4		800		60.0		100.0
load=100.00
398542	36.9		10.5		3.5		387.4		800		60.0		100.0
load=100.00
399051	36.9		10.5		3.5		387.4		800		60.0		100.0
load=100.00
399560	36.9		10.5		3.5		387.4		800		60.0		100.0
load=100.00
400069	36.9		10.5		3.5		387.4		800		60.0		100.0
load=100.00
400578	37.1		10.5		3.5		388.9		800		59.0		100.0
load=100.00
401087	37.7		10.5		3.6		394.5		800		54.0		100.0
load=100.00
401596	39.4		10.4		3.8		410.9		800		40.0		100.0
load=100.00
402105	40.3		10.4		3.9		418.9		800		33.0		100.0
load=100.00
402614	40.6		10.4		3.9		421.6		800		31.0		100.0
load=100.00
403123	40.7		10.4		3.9		422.8		800		29.0		100.0
load=100.00
403632	41.3		10.4		4.0		428.0		800		23.0		100.0
load=100.00
404141	41.3		10.4		4.0		428.3		800		24.0		100.0
load=100.00
404650	41.3		10.4		4.0		428.3		800		25.0		100.0
load=100.00
405159	41.3		10.4		4.0		428.3		800		25.0		100.0
load=100.00
405668	41.3		10.4		4.0		428.3		800		25.0		100.0
load=100.00
406177	41.3		10.4		4.0		428.3		800		25.0		100.0
load=100.00
406686	41.3		10.4		4.0		428.3		800		25.0		100.0
load=100.00
407195	41.3		10.4		4.0		428.3		800		25.0		100.0
load=100.00
407704	41.3		10.4		4.0		428.3		800		25.0		100.0
load=100.00
408213	41.3		10.4		4.0		428.3		800		25.0		100.0
load=100.00
408722	41.3		10.4		4.0		428.3		800		25.0		100.0
load=100.00
409231	41.3		10.4		4.0		428.3		800		25.0		100.0
load=100.00
409740	41.3		10.4		4.0		428.3		800		25.0		100.0
load=100.00
410249	41.3		10.4		4.0		428.3		800		25.0		100.0
load=100.00
410758	41.3		10.4		4.0		428.3		800		25.0		100.0
load=100.00
411267	41.3		10.4		4.0		428.3		800		25.0		100.0
load=100.00
411776	41.3		10.4		4.0		428.3		800		25.0		100.0
load=100.00
412285	41.3		10.4		4.0		428.3		800		25.0		100.0
load=100.00
412794	41.3		10.4		4.0		428.3		800		25.0		100.0
load=100.00
413303	41.3		10.4		4.0		428.3		800		25.0		100.0
load=100.00
413812	41.3		10.4		4.0		428.3		800		25.0		100.0
load=100.00
414321	41.3		10.4		4.0		428.3		800		25.0		100.0
load=100.00
414830	41.3		10.4		4.0		428.3		800		25.0		100.0
load=100.00
415339	41.3		10.4		4.0		428.3		800		25.0		100.0
load=100.00
415848	41.3		10.4		4.0		428.3		800		25.0		100.0
load=100.00
416357	41.3		10.4		4.0		428.3		800		25.0		100.0
load=100.00
416866	41.3		10.4		4.0		428.3		800		25.0		100.0
load=100.00
417375	41.3		10.4		4.0		428.3		800		25.0		100.0
load=100.00
417884	41.3		10.4		4.0		428.3		800		25.0		100.0
load=100.00
418393	41.3		10.4		4.0		428.3		800		25.0		100.0
load=100.00
418902	41.3		10.4		4.0		428.3		800		25.0		100.0
load=100.00
419411	41.3		10.4		4.0		428.3		800		25.0		100.0
load=100.00
419920	41.3		10.4		4.0		428.3		800		25.0		100.0
load=100.00
420429	41.3		10.4		4.0		428.3		800		25.0		100.0
load=100.00
420938	41.3		10.4		4.0		428.3		800		25.0		100.0
load=100.00
421447	41.3		10.4		4.0		428.3		800		25.0		100.0
load=100.00
421956	41.3		10.4		4.0		428.3		800		25.0		100.0
load=100.00
422465	41.3		10.4		4.0		428.3		800		25.0		100.0
load=100.00
422974	41.3		10.4		4.0		428.3		800		25.0		100.0
load=100.00
423483	41.3		10.4		4.0		428.3		800		25.0		100.0
load=100.00
423992	41.3		10.4		4.0		428.3		800		25.0		100.0
load=100.00
424501	41.3		10.4		4.0		428.3		800		25.0		100.0
load=100.00
425010	41.3		10.4		4.0		428.3		800		25.0		100.0
load=100.00
425519	41.3		10.4		4.0		428.3		800		25.0		100.0
load=100.00
426028	41.3		10.4		4.0		428.3		800		25.0		100.0
load=100.00
426537	41.3		10.4		4.0		428.3		800		25.0		100.0
load=100.00
427046	41.3		10.4		4.0		428.3		800		25.0		100.0
load=100.00
427555	41.3		10.4		4.0		428.3		800		25.0		100.0
load=100.00
428064	41.3		10.4		4.0		428.3		800		25.0		100.0
load=100.00
428573	41.3		10.4		4.0		428.3		800		25.0		100.0
load=100.00
429082	41.3		10.4		4.0		428.3		800		25.0		100.0
load=100.00
429591	41.3		10.4		4.0		428.3		800		25.0		100.0
load=100.00
430100	41.3		10.4		4.0		428.3		800		25.0		100.0
load=100.00
430609	41.3		10.4		4.0		428.3		800		25.0		100.0
load=100.00
431118	41.3		10.4		4.0		428.3		800		25.0		100.0
load=100.00
431627	41.3		10.4		4.0		428.3		800		25.0		100.0
load=100.00
432136	41.3		10.4		4.0		428.3		800		25.0		100.0
load=100.00
432645	41.3		10.4		4.0		428.3		800		25.0		100.0
load=100.00
433154	41.3		10.4		4.0		428.3		800		25.0		100.0
load=100.00
433663	41.3		10.4		4.0		428.3		800		25.0		100.0
load=100.00
434172	41.3		10.4		4.0		428.3		800		25.0		100.0
load=100.00
434681	41.3		10.4		4.0		428.3		800		25.0		100.0
load=100.00
435190	41.3		10.4		4.0		428.3		800		25.0		100.0
load=100.00
435699	41.3		10.4		4.0		428.3		800		25.0		100.0
load=100.00
436208	41.3		10.4		4.0		428.3		800		25.0		100.0
load=100.00
436717	41.3		10.4		4.0		428.3		800		25.0		100.0
load=100.00
437226	41.3		10.4		4.0		428.3		800		25.0		100.0
load=100.00
437735	41.3		10.4		4.0		428.3		800		25.0		100.0
load=100.00
438244	41.3		10.4		4.0		428.3		800		25.0		100.0
load=100.00
438753	41.3		10.4		4.0		428.3		800		25.0		100.0
load=100.00
439262	41.3		10.4		4.0		428.3		800		25.0		100.0
load=100.00
439771	41.3		10.4		4.0		428.3		800		25.0		100.0
load=100.00
440280	41.3		10.4		4.0		428.3		800		25.0		100.0
load=100.00
440789	41.3		10.4		4.0		428.3		800		25.0		100.0
load=100.00
441298	41.3		10.4		4.0		428.3		800		25.0		100.0
load=100.00
441807	41.3		10.4		4.0		428.3		800		25.0		100.0
load=100.00
442316	41.3		10.4		4.0		428.3		800		25.0		100.0
load=100.00
442825	41.3		10.4		4.0		428.3		800		25.0		100.0
load=100.00
443334	41.3		10.4		4.0		428.3		800		25.0		100.0
load=100.00
443843	41.3		10.4		4.0		428.3		800		25.0		100.0
load=100.00
444352	41.3		10.4		4.0		428.3		800		25.0		100.0
load=100.00
444861	41.3		10.4		4.0		428.3		800		25.0		100.0
load=100.00
445370	41.3		10.4		4.0		428.3		800		25.0		100.0
load=100.00
445879	41.3		10.4		4.0		428.3		800		25.0		100.0
load=100.00
446388	41.3		10.4		4.0		428.3		800		25.0		100.0
load=100.00
446897	41.3		10.4		4.0		428.3		800		25.0		100.0
load=100.00
447406	41.3		10.4		4.0		428.3		800		25.0		100.0
load=100.00
447915	41.3		10.4		4.0		428.3		800		25.0		100.0
load=100.00
448424	41.3		10.4		4.0		428.3		800		25.0		100.0
load=100.00
448933	41.3		10.4		4.0		428.3		800		25.0		100.0
load=100.00
449442	41.3		10.4		4.0		428.3		800		25.0		100.0
load=100.00
449951	41.3		10.4		4.0		428.3		800		25.0		100.0
load=100.00
450460	41.3		10.4		4.0		428.3		800		25.0		100.0
load=100.00
450969	41.3		10.4		4.0		428.3		800		25.0		100.0
load=100.00
451478	41.3		10.4		4.0		428.3		800		25.0		100.0
load=100.00
451987	41.3		10.4		4.0		428.3		800		25.0		100.0
load=100.00
452496	41.3		10.4		4.0		428.3		800		25.0		100.0
load=100.00
453005	41.3		10.4		4.0		428.3		800		25.0		100.0
load=100.00
453514	41.3		10.4		4.0		428.3		800		25.0		100.0
load=100.00
454023	41.3		10.4		4.0		428.3		800		25.0		100.0
load=100.00
454532	41.3		10.4		4.0		428.3		800		25.0		100.0
load=100.00
455041	41.3		10.4		4.0		428.3		800		25.0		100.0
load=100.00
455550	41.3		10.4		4.0		428.3		800		25.0		100.0
load=100.00
456059	41.3		10.4		4.0		428.3		800		25.0		100.0
load=100.00
456568	41.3		10.4		4.0		428.3		800		25.0		100.0
load=100.00
457077	41.3		10.4		4.0		428.3		800		25.0		100.0
load=100.00
457586	41.3		10.4		4.0		428.3		800		25.0		100.0
load=100.00
458095	41.3		10.4		4.0		428.3		800		25.0		100.0
load=100.00
458604	41.3		10.4		4.0		428.3		800		25.0		100.0
load=100.00
459113	41.3		10.4		4.0		428.3		800		25.0		100.0
load=100.00
459622	41.3		10.4		4.0		428.3		800		25.0		100.0
load=100.00
460131	41.3		10.4		4.0		428.3		800		25.0		100.0
load=100.00
460640	41.3		10.4		4.0		428.3		800		25.0		100.0
load=100.00
461149	41.3		10.4		4.0		428.3		800		25.0		100.0
load=100.00
461658	41.3		10.4		4.0		428.3		800		25.0		100.0
load=100.00
462167	41.3		10.4		4.0		428.3		800		25.0		100.0
load=100.00
462676	41.3		10.4		4.0		428.3		800		25.0		100.0
load=100.00
463185	41.3		10.4		4.0		428.3		800		25.0		100.0
load=100.00
463694	41.3		10.4		4.0		428.3		800		25.0		100.0
load=100.00
464203	41.3		10.4		4.0		428.3		800		25.0		100.0
load=100.00
464712	41.3		10.4		4.0		428.3		800		25.0		100.0
load=100.00
465221	41.3		10.4		4.0		428.3		800		25.0		100.0
load=100.00
465730	41.3		10.4		4.0		428.3		800		25.0		100.0
load=100.00
466239	41.3		10.4		4.0		428.3		800		25.0		100.0
load=100.00
466748	41.3		10.4		4.0		428.3		800		25.0		100.0
load=100.00
467257	41.3		10.4		4.0		428.3		800		25.0		100.0
load=100.00
467766	41.3		10.4		4.0		428.3		800		25.0		100.0
load=100.00
468275	41.3		10.4		4.0		428.3		800		25.0		100.0
load=100.00
468784	41.3		10.4		4.0		428.3		800		25.0		100.0
load=100.00
469293	41.3		10.4		4.0		428.3		800		25.0		100.0
load=100.00
469802	41.3		10.4		4.0		428.3		800		25.0		100.0
load=100.00
470311	41.3		10.4		4.0		428.3		800		25.0		100.0
load=100.00
470820	41.3		10.4		4.0		428.3		800		25.0		100.0
load=100.00
471329	41.3		10.4		4.0		428.3		800		25.0		100.0
load=100.00
471838	41.3		10.4		4.0		428.3		800		25.0		100.0
load=100.00
472347	41.3		10.4		4.0		428.3		800		25.0		100.0
load=100.00
472856	41.3		10.4		4.0		428.3		800		25.0		100.0
load=100.00
473365	41.3		10.4		4.0		428.3		800		25.0		100.0
load=100.00
473874	41.3		10.4		4.0		428.3		800		25.0		100.0
load=100.00
474383	41.3		10.4		4.0		428.3		800		25.0		100.0
load=100.00
474892	41.3		10.4		4.0		428.3		800		25.0		100.0
load=100.00
475401	41.3		10.4		4.0		428.3		800		25.0		100.0
load=100.00
475910	41.3		10.4		4.0		428.3		800		25.0		100.0
load=100.00
476419	41.3		10.4		4.0		428.3		800		25.0		100.0
load=100.00
476928	41.3		10.4		4.0		428.3		800		25.0		100.0
load=100.00
477437	41.3		10.4		4.0		428.3		800		25.0		100.0
load=100.00
477946	41.3		10.4		4.0		428.3		800		25.0		100.0
load=100.00
478455	41.3		10.4		4.0		428.3		800		25.0		100.0
load=100.00
478964	41.3		10.4		4.0		428.3		800		25.0		100.0
load=100.00
479473	41.3		10.4		4.0		428.3		800		25.0		100.0
load=100.00
479982	41.3		10.4		4.0		428.3		800		25.0		100.0
load=100.00
480491	41.3		10.4		4.0		428.3		800		25.0		100.0