tiempo[ms]V_Panel[V]	I_Panel[A]	R_Carga[Ohms]	P_Panel[W]	G[W/m2]	T[°C]	Load[%]
load=50.83
536	41.5		10.4		4.0		429.8		800		25.0		50.8
load=51.83
2034	41.6		10.4		4.0		431.7		800		25.0		51.8
load=52.03
2540	41.6		10.4		4.0		432.0		800		25.0		52.0
load=51.03
3049	41.5		10.4		4.0		430.1		800		25.0		51.0
load=50.03
3558	41.6		10.4		4.0		432.0		800		25.0		50.0
load=51.19
4067	41.5		10.4		4.0		429.8		800		25.0		51.2
load=51.39
4576	41.5		10.4		4.0		430.1		800		25.0		51.4
load=52.22
5085	41.6		10.4		4.0		431.7		800		25.0		52.2
load=52.02
5594	41.6		10.4		4.0		431.4		800		25.0		52.0
load=52.69
6103	41.3		10.4		4.0		428.9		800		25.0		52.7
load=53.44
6612	41.6		10.4		4.0		431.7		800		25.0		53.4
load=53.64
7121	41.6		10.4		4.0		432.0		800		25.0		53.6
load=53.84
7630	41.6		10.4		4.0		432.0		800		25.0		53.8
load=53.64
8139	41.6		10.4		4.0		431.4		800		25.0		53.6
load=53.44
8648	41.6		10.4		4.0		431.4		800		25.0		53.4
load=54.18
9157	41.3		10.4		4.0		428.6		800		25.0		54.2
load=55.01
9666	41.6		10.4		4.0		431.7		800		25.0		55.0
load=55.84
10175	41.8		10.4		4.0		433.2		800		25.0		55.8
load=55.01
10684	41.6		10.4		4.0		431.7		800		25.0		55.0
load=54.81
11193	41.6		10.4		4.0		432.0		800		25.0		54.8
load=55.65
11702	41.6		10.4		4.0		431.8		800		25.0		55.6
load=56.48
12211	41.9		10.4		4.0		434.7		800		25.0		56.5
load=55.81
12720	41.8		10.4		4.0		433.5		800		25.0		55.8
load=56.65
13229	41.5		10.4		4.0		430.4		800		25.0		56.6
load=57.43
13738	42.1		10.4		4.1		436.2		800		25.0		57.4
load=56.55
14247	41.6		10.4		4.0		431.4		800		25.0		56.5
load=57.05
14756	41.5		10.4		4.0		430.4		800		25.0		57.0
load=56.85
15265	41.5		10.4		4.0		430.1		800		25.0		56.8
load=56.02
15774	41.8		10.4		4.0		433.2		800		25.0		56.0
load=55.82
16283	41.8		10.4		4.0		433.2		800		25.0		55.8
load=54.82
16792	41.9		10.4		4.0		435.0		800		25.0		54.8
load=55.68
17301	41.6		10.4		4.0		431.8		800		25.0		55.7
load=54.64
17810	41.3		10.4		4.0		428.0		800		25.0		54.6
load=53.56
18319	41.6		10.4		4.0		432.0		800		25.0		53.6
load=54.47
18828	41.3		10.4		4.0		428.6		800		25.0		54.5
load=55.47
19337	41.5		10.4		4.0		430.4		800		25.0		55.5
load=55.27
19846	41.5		10.4		4.0		430.1		800		25.0		55.3
load=54.44
20355	41.8		10.4		4.0		433.2		800		25.0		54.4
load=55.27
20864	41.5		10.4		4.0		430.1		800		25.0		55.3
load=56.10
21373	41.6		10.4		4.0		431.7		800		25.0		56.1
load=56.30
21882	41.6		10.4		4.0		432.0		800		25.0		56.3
load=55.30
22391	41.5		10.4		4.0		430.1		800		25.0		55.3
load=54.61
22900	41.8		10.4		4.0		432.7		800		25.0		54.6
load=55.16
23409	41.6		10.4		4.0		431.7		800		25.0		55.2
load=55.36
23918	41.6		10.4		4.0		432.0		800		25.0		55.4
load=55.16
24427	41.6		10.4		4.0		431.4		800		25.0		55.2
load=55.82
24936	41.3		10.4		4.0		428.9		800		25.0		55.8
load=56.71
25445	41.8		10.4		4.0		433.8		800		25.0		56.7
load=55.80
25954	41.5		10.4		4.0		430.4		800		25.0		55.8
load=55.13
26463	41.6		10.4		4.0		431.7		800		25.0		55.1
load=54.93
26972	41.6		10.4		4.0		432.0		800		25.0		54.9
load=55.84
27481	41.3		10.4		4.0		428.6		800		25.0		55.8
load=56.84
27990	41.5		10.4		4.0		430.4		800		25.0		56.8
load=56.64
28499	41.5		10.4		4.0		430.1		800		25.0		56.6
load=56.44
29008	41.5		10.4		4.0		430.1		800		25.0		56.4
load=55.44
29517	41.6		10.4		4.0		432.0		800		25.0		55.4
load=56.44
30026	41.5		10.4		4.0		430.1		800		25.0		56.4
load=57.27
30535	41.6		10.4		4.0		431.7		800		25.0		57.3
load=57.07
31044	41.6		10.4		4.0		431.1		800		25.0		57.1
load=57.40
31553	41.5		10.4		4.0		430.4		800		25.0		57.4
load=57.20
32062	41.5		10.4		4.0		429.8		800		25.0		57.2
load=56.29
32571	41.8		10.4		4.0		433.2		800		25.0		56.3
load=57.12
33080	41.5		10.4		4.0		430.1		800		25.0		57.1
load=56.29
33589	41.3		10.4		4.0		428.6		800		25.0		56.3
load=55.46
34098	41.5		10.4		4.0		430.1		800		25.0		55.5
load=56.45
34607	41.3		10.4		4.0		428.3		800		25.0		56.5
load=57.61
35116	41.5		10.4		4.0		430.4		800		25.0		57.6
load=57.41
35625	41.5		10.4		4.0		429.8		800		25.0		57.4
load=56.42
36134	41.8		10.4		4.0		433.5		800		25.0		56.4
load=57.58
36643	41.6		10.4		4.0		431.4		800		25.0		57.6
load=57.78
37152	41.6		10.4		4.0		432.3		800		25.0		57.8
load=56.62
37661	41.5		10.4		4.0		430.1		800		25.0		56.6
load=55.79
38170	41.8		10.4		4.0		433.2		800		25.0		55.8
load=56.79
38679	41.6		10.4		4.0		431.4		800		25.0		56.8
load=55.96
39188	41.3		10.4		4.0		428.3		800		25.0		56.0
load=55.04
39697	41.6		10.4		4.0		431.7		800		25.0		55.0
load=56.04
40206	41.5		10.4		4.0		429.8		800		25.0		56.0
load=56.24
40715	41.5		10.4		4.0		429.8		800		25.0		56.2
load=55.58
41224	41.3		10.4		4.0		428.6		800		25.0		55.6
load=54.91
41733	41.5		10.4		4.0		429.8		800		25.0		54.9
load=54.71
42242	41.5		10.4		4.0		430.1		800		25.0		54.7
load=55.71
42751	41.3		10.4		4.0		428.3		800		25.0		55.7
load=56.70
43260	41.5		10.4		4.0		430.1		800		25.0		56.7
load=56.90
43769	41.5		10.4		4.0		430.4		800		25.0		56.9
load=55.91
44278	41.3		10.4		4.0		428.6		800		25.0		55.9
load=55.71
44787	41.3		10.4		4.0		429.2		800		25.0		55.7
load=55.37
45296	41.5		10.4		4.0		429.8		800		25.0		55.4
load=55.17
45805	41.5		10.4		4.0		430.1		800		25.0		55.2
load=54.97
46314	41.5		10.4		4.0		430.1		800		25.0		55.0
load=55.80
46823	41.2		10.4		4.0		427.1		800		25.0		55.8
load=56.63
47332	41.3		10.4		4.0		428.6		800		25.0		56.6
load=56.83
47841	41.3		10.4		4.0		428.6		800		25.0		56.8
load=56.00
48350	41.2		10.4		4.0		427.1		800		25.0		56.0
load=55.17
48859	41.6		10.4		4.0		431.7		800		25.0		55.2
load=56.09
49368	41.3		10.4		4.0		428.3		800		25.0		56.1
load=55.89
49877	41.3		10.4		4.0		428.0		800		25.0		55.9
load=54.72
50386	41.5		10.4		4.0		430.1		800		25.0		54.7
load=55.55
50895	41.2		10.4		4.0		427.1		800		25.0		55.6
load=56.22
51404	41.5		10.4		4.0		429.5		800		25.0		56.2
load=56.42
51913	41.5		10.4		4.0		430.1		800		25.0		56.4
load=56.62
52422	41.5		10.4		4.0		430.1		800		25.0		56.6
load=55.79
52931	41.3		10.4		4.0		428.6		800		25.0		55.8
load=56.62
53440	41.2		10.4		4.0		427.1		800		25.0		56.6
load=57.28
53949	41.3		10.4		4.0		428.3		800		25.0		57.3
load=56.62
54458	41.2		10.4		4.0		427.1		800		25.0		56.6
load=55.73
54967	41.6		10.4		4.0		432.0		800		25.0		55.7
load=56.56
55476	41.3		10.4		4.0		428.9		800		25.0		56.6
load=57.56
55985	41.5		10.4		4.0		430.8		800		25.0		57.6
load=57.36
56494	41.5		10.4		4.0		429.8		800		25.0		57.4
load=58.19
57003	41.2		10.4		4.0		426.8		800		25.0		58.2
load=59.02
57512	41.3		10.4		4.0		428.3		800		25.0		59.0
load=59.22
58021	41.3		10.4		4.0		428.3		800		25.0		59.2
load=60.21
58530	41.5		10.4		4.0		430.1		800		25.0		60.2
load=61.04
59039	41.6		10.4		4.0		431.7		800		25.0		61.0
load=59.88
59548	41.5		10.4		4.0		429.5		800		25.0		59.9
load=60.55
60057	41.3		10.4		4.0		428.3		800		25.0		60.5
load=59.72
60566	41.2		10.4		4.0		426.8		800		25.0		59.7
load=58.80
61075	41.5		10.4		4.0		430.1		800		25.0		58.8
load=59.00
61584	41.5		10.4		4.0		429.8		800		25.0		59.0
load=58.80
62093	41.5		10.4		4.0		429.5		800		25.0		58.8
load=59.03
62602	41.4		10.4		4.0		429.3		800		25.0		59.0
load=59.26
63111	41.5		10.4		4.0		429.5		800		25.0		59.3
load=59.46
63620	41.5		10.4		4.0		429.5		800		25.0		59.5
load=59.66
64129	41.5		10.4		4.0		430.1		800		25.0		59.7
load=58.66
64638	41.3		10.4		4.0		428.3		800		25.0		58.7
load=59.66
65147	41.2		10.4		4.0		426.5		800		25.0		59.7
load=60.82
65656	41.3		10.4		4.0		428.6		800		25.0		60.8
load=61.31
66165	41.5		10.4		4.0		429.5		800		25.0		61.3
load=62.31
66674	41.6		10.4		4.0		431.4		800		25.0		62.3
load=61.81
67183	41.5		10.4		4.0		430.4		800		25.0		61.8
load=62.89
67692	41.2		10.4		4.0		426.5		800		25.0		62.9
load=64.02
68201	41.3		10.4		4.0		428.6		800		25.0		64.0
load=63.05
68710	41.2		10.4		4.0		426.8		800		25.0		63.1
load=62.14
69219	41.5		10.4		4.0		430.1		800		25.0		62.1
load=62.34
69728	41.5		10.4		4.0		429.8		800		25.0		62.3
load=61.51
70237	41.2		10.4		4.0		426.8		800		25.0		61.5
load=61.31
70746	41.2		10.4		4.0		426.8		800		25.0		61.3
load=60.15
71255	41.3		10.4		4.0		428.9		800		25.0		60.2
load=60.35
71764	41.3		10.4		4.0		428.6		800		25.0		60.4
load=60.15
72273	41.3		10.4		4.0		428.0		800		25.0		60.2
load=59.95
72782	41.3		10.4		4.0		428.6		800		25.0		60.0
load=59.75
73291	41.3		10.4		4.0		428.6		800		25.0		59.8
load=59.95
73800	41.3		10.4		4.0		428.6		800		25.0		60.0
load=60.15
74309	41.3		10.4		4.0		428.6		800		25.0		60.2
load=59.95
74818	41.3		10.4		4.0		428.3		800		25.0		60.0
load=60.15
75327	41.3		10.4		4.0		428.0		800		25.0		60.2
load=60.35
75836	41.3		10.4		4.0		428.0		800		25.0		60.4
load=61.51
76345	41.5		10.4		4.0		430.1		800		25.0		61.5
load=60.35
76854	41.3		10.4		4.0		428.0		800		25.0		60.4
load=60.85
77363	41.2		10.4		4.0		427.1		800		25.0		60.9
load=61.52
77872	41.3		10.4		4.0		428.3		800		25.0		61.5
load=62.35
78381	41.5		10.4		4.0		429.8		800		25.0		62.3
load=61.60
78890	41.2		10.4		4.0		427.1		800		25.0		61.6
load=61.80
79399	41.2		10.4		4.0		426.8		800		25.0		61.8
load=62.46
79908	41.3		10.4		4.0		428.0		800		25.0		62.5
load=61.55
80417	41.0		10.4		4.0		424.7		800		25.0		61.6
load=60.60
80926	41.6		10.4		4.0		431.7		800		25.0		60.6
load=61.48
81435	41.2		10.4		4.0		426.8		800		25.0		61.5
load=62.31
81944	41.3		10.4		4.0		428.3		800		25.0		62.3
load=62.51
82453	41.3		10.4		4.0		428.6		800		25.0		62.5
load=62.31
82962	41.3		10.4		4.0		428.3		800		25.0		62.3
load=62.11
83471	41.3		10.4		4.0		428.9		800		25.0		62.1
load=61.45
83980	41.5		10.4		4.0		430.1		800		25.0		61.4
load=62.36
84489	41.2		10.4		4.0		426.8		800		25.0		62.4
load=63.36
84998	41.3		10.4		4.0		428.6		800		25.0		63.4
load=63.16
85507	41.3		10.4		4.0		427.7		800		25.0		63.2
load=62.00
86016	41.5		10.4		4.0		429.8		800		25.0		62.0
load=62.82
86525	41.3		10.4		4.0		428.3		800		25.0		62.8
load=62.62
87034	41.3		10.4		4.0		428.0		800		25.0		62.6
load=62.42
87543	41.3		10.4		4.0		429.2		800		25.0		62.4
load=63.44
88052	41.2		10.4		4.0		427.6		800		25.0		63.4
load=60.44
88561	41.2		10.4		4.0		426.8		800		25.0		60.4
load=60.64
89070	41.2		10.4		4.0		426.5		800		25.0		60.6
load=61.63
89579	41.3		10.4		4.0		428.3		800		25.0		61.6
load=61.83
90088	41.3		10.4		4.0		428.9		800		25.0		61.8
load=61.63
90597	41.3		10.4		4.0		428.0		800		25.0		61.6
load=62.13
91106	41.2		10.4		4.0		427.1		800		25.0		62.1
load=61.93
91615	41.2		10.4		4.0		426.8		800		25.0		61.9
load=62.13
92124	41.2		10.4		4.0		426.5		800		25.0		62.1
load=62.96
92633	41.3		10.4		4.0		428.0		800		25.0		63.0
load=63.16
93142	41.3		10.4		4.0		428.3		800		25.0		63.2
load=63.96
93651	41.5		10.4		4.0		429.8		800		25.0		64.0
load=63.23
94160	41.2		10.4		4.0		427.1		800		25.0		63.2
load=62.65
94669	41.5		10.4		4.0		429.2		800		25.0		62.6
load=62.45
95178	41.5		10.4		4.0		430.4		800		25.0		62.4
load=63.44
95687	41.3		10.4		4.0		428.6		800		25.0		63.4
load=63.64
96196	41.3		10.4		4.0		428.6		800		25.0		63.6
load=63.84
96705	41.3		10.4		4.0		428.6		800		25.0		63.8
load=64.51
97214	41.5		10.4		4.0		429.8		800		25.0		64.5
load=63.76
97723	41.2		10.4		4.0		427.1		800		25.0		63.8
load=62.93
98232	41.3		10.4		4.0		428.6		800		25.0		62.9
load=62.26
98741	41.5		10.4		4.0		429.8		800		25.0		62.3
load=63.16
99250	41.2		10.4		4.0		426.6		800		25.0		63.2
load=63.96
99759	41.3		10.4		4.0		428.0		800		25.0		64.0
load=63.21
100268	41.0		10.4		4.0		425.3		800		25.0		63.2
load=63.41
100777	41.0		10.4		4.0		425.0		800		25.0		63.4
load=64.24
101286	41.5		10.4		4.0		429.5		800		25.0		64.2
load=64.44
101795	41.5		10.4		4.0		429.8		800		25.0		64.4
load=63.61
102304	41.0		10.4		4.0		425.3		800		25.0		63.6
load=62.86
102813	41.3		10.4		4.0		428.0		800		25.0		62.9
load=62.66
103322	41.3		10.4		4.0		428.3		800		25.0		62.7
load=62.86
103831	41.3		10.4		4.0		427.7		800		25.0		62.9
load=62.20
104340	41.0		10.4		4.0		425.3		800		25.0		62.2
load=61.37
104849	41.3		10.4		4.0		428.3		800		25.0		61.4
load=60.70
105358	41.5		10.4		4.0		429.5		800		25.0		60.7
load=61.53
105867	41.3		10.4		4.0		428.0		800		25.0		61.5
load=62.53
106376	41.5		10.4		4.0		429.8		800		25.0		62.5
load=61.70
106885	41.2		10.4		4.0		426.8		800		25.0		61.7
load=60.79
107394	41.5		10.4		4.0		430.1		800		25.0		60.8
load=61.78
107903	41.2		10.4		4.0		426.5		800		25.0		61.8
load=61.98
108412	41.2		10.4		4.0		427.1		800		25.0		62.0
load=62.81
108921	41.3		10.4		4.0		428.6		800		25.0		62.8
load=61.65
109430	41.2		10.4		4.0		426.5		800		25.0		61.7
load=60.66
109939	41.5		10.4		4.0		430.1		800		25.0		60.7
load=61.49
110448	41.3		10.4		4.0		428.6		800		25.0		61.5
load=62.32
110957	41.5		10.4		4.0		430.1		800		25.0		62.3
load=61.57
111466	41.2		10.4		4.0		427.4		800		25.0		61.6
load=61.77
111975	41.2		10.4		4.0		426.5		800		25.0		61.8
load=62.76
112484	41.5		10.4		4.0		430.1		800		25.0		62.8
load=61.60
112993	41.3		10.4		4.0		428.0		800		25.0		61.6
load=60.77
113502	41.3		10.4		4.0		428.2		800		25.0		60.8
load=61.60
114011	41.3		10.4		4.0		428.0		800		25.0		61.6
load=62.76
114520	41.5		10.4		4.0		430.1		800		25.0		62.8
load=61.85
115029	41.2		10.4		4.0		426.8		800		25.0		61.9
load=61.65
115538	41.2		10.4		4.0		426.8		800		25.0		61.7
load=60.66
116047	41.3		10.4		4.0		428.6		800		25.0		60.7
load=59.83
116556	41.5		10.4		4.0		430.1		800		25.0		59.8
load=60.99
117065	41.3		10.4		4.0		428.0		800		25.0		61.0
load=62.15
117574	41.5		10.4		4.0		430.1		800		25.0		62.1
load=61.32
118083	41.3		10.4		4.0		428.6		800		25.0		61.3
load=61.98
118592	41.2		10.4		4.0		427.4		800		25.0		62.0
load=60.89
119101	41.0		10.4		4.0		425.4		800		25.0		60.9
load=60.13
119610	41.2		10.4		4.0		426.8		800		25.0		60.1
load=59.46
120119	41.3		10.4		4.0		428.0		800		25.0		59.5
load=60.46
120628	41.2		10.4		4.0		426.2		799		25.0		60.5
load=60.66
121137	41.3		10.3		4.0		426.5		797		25.0		60.7
load=57.66
121646	41.2		10.1		4.1		417.2		782		25.0		57.7
load=59.25
122155	41.5		9.9		4.2		411.3		766		25.0		59.3
load=59.05
122664	41.5		9.7		4.3		403.4		751		25.0		59.1
load=62.05
123173	41.3		9.5		4.3		394.4		737		25.0		62.1
load=59.05
123682	41.5		9.4		4.4		388.5		723		25.0		59.1
load=59.25
124191	41.5		9.2		4.5		381.2		709		25.0		59.3
load=59.05
124700	41.5		9.0		4.6		372.9		692		25.0		59.1
load=59.25
125209	41.5		8.8		4.7		363.6		677		25.0		59.3
load=56.25
125718	41.3		8.6		4.8		355.4		663		25.0		56.3
load=59.25
126227	41.5		8.4		4.9		348.1		648		25.0		59.3
load=56.25
126736	41.3		8.2		5.0		339.6		634		25.0		56.3
load=56.45
127245	41.3		8.0		5.1		332.1		620		25.0		56.5
load=56.25
127754	41.3		7.8		5.3		323.3		604		25.0		56.3
load=59.25
128263	41.2		7.6		5.4		314.3		589		25.0		59.3
load=56.25
128772	41.3		7.5		5.5		307.8		575		25.0		56.3
load=56.45
129281	41.3		7.3		5.7		300.0		560		25.0		56.5
load=53.45
129790	41.2		7.1		5.8		291.7		546		25.0		53.5
load=56.45
130299	41.3		6.9		6.0		284.8		531		25.0		56.5
load=56.25
130808	41.3		6.7		6.2		276.1		515		25.0		56.3
load=56.45
131317	41.3		6.5		6.4		268.5		501		25.0		56.5
load=53.45
131826	41.2		6.3		6.5		259.4		486		25.0		53.5
load=56.45
132335	41.3		6.1		6.7		253.1		472		25.0		56.5
load=56.25
132844	41.3		5.9		7.0		244.9		458		25.0		56.3
load=56.45
133353	41.3		5.7		7.2		236.7		442		25.0		56.5
load=56.25
133862	41.3		5.5		7.5		228.2		427		25.0		56.3
load=59.25
134371	41.2		5.3		7.7		219.9		412		25.0		59.3
load=58.76
134880	41.8		5.2		8.1		216.3		399		25.0		58.8
load=59.34
135389	41.6		5.2		8.0		215.2		399		25.0		59.3
load=58.98
135898	41.2		5.2		7.9		213.3		400		25.0		59.0
load=58.40
136407	41.3		5.2		8.0		214.3		400		25.0		58.4
load=57.82
136916	41.5		5.2		8.0		215.4		400		25.0		57.8
load=58.24
137425	41.3		5.2		8.0		214.6		400		25.0		58.2
load=58.65
137934	41.5		5.2		8.0		215.4		400		25.0		58.7
load=58.07
138443	41.3		5.2		8.0		214.3		400		25.0		58.1
load=57.87
138952	41.3		5.2		7.9		214.9		400		25.0		57.9
load=58.07
139461	41.3		5.2		8.0		214.3		400		25.0		58.1
load=58.27
139970	41.3		5.2		8.0		214.6		400		25.0		58.3
load=58.52
140479	41.5		5.2		8.0		215.1		400		25.0		58.5
load=58.72
140988	41.5		5.2		8.0		215.1		400		25.0		58.7
load=58.92
141497	41.5		5.2		8.0		215.1		400		25.0		58.9
load=58.51
142006	41.3		5.2		8.0		214.3		400		25.0		58.5
load=58.09
142515	41.5		5.2		8.0		215.1		400		25.0		58.1
load=58.67
143024	41.3		5.2		8.0		214.0		400		25.0		58.7
load=59.08
143533	41.5		5.2		8.0		214.8		400		25.0		59.1
load=59.28
144042	41.5		5.2		8.0		215.4		400		25.0		59.3
load=59.08
144551	41.5		5.2		8.0		215.1		400		25.0		59.1
load=59.33
145060	41.3		5.2		8.0		214.6		400		25.0		59.3
load=59.58
145569	41.5		5.2		8.0		215.1		400		25.0		59.6
load=60.17
146078	41.6		5.2		8.0		216.1		400		25.0		60.2
load=59.58
146587	41.3		5.2		8.0		214.0		400		25.0		59.6
load=59.17
147096	41.6		5.2		8.0		215.5		400		25.0		59.2
load=59.37
147605	41.5		5.2		8.0		215.4		400		25.0		59.4
load=59.17
148114	41.5		5.2		8.0		215.1		400		25.0		59.2
load=58.97
148623	41.5		5.2		8.0		215.7		400		25.0		59.0
load=59.47
149132	41.2		5.2		7.9		213.9		400		25.0		59.5
load=59.72
149641	41.3		5.2		8.0		214.3		400		25.0		59.7
load=60.13
150150	41.5		5.2		8.0		215.1		400		25.0		60.1
load=59.88
150659	41.3		5.2		8.0		214.6		400		25.0		59.9
load=60.30
151168	41.2		5.2		7.9		213.9		400		25.0		60.3
load=60.10
151677	41.2		5.2		7.9		213.3		400		25.0		60.1
load=59.60
152186	41.5		5.2		8.0		215.1		400		25.0		59.6
load=60.02
152695	41.3		5.2		8.0		214.3		400		25.0		60.0
load=60.60
153204	41.5		5.2		8.0		215.4		400		25.0		60.6
load=60.10
153713	41.2		5.2		7.9		213.6		400		25.0		60.1
load=59.52
154222	41.3		5.2		8.0		214.6		400		25.0		59.5
load=59.27
154731	41.5		5.2		8.0		215.1		400		25.0		59.3
load=58.52
155240	41.6		5.2		8.0		216.4		400		25.0		58.5
load=59.10
155749	41.5		5.2		8.0		215.4		400		25.0		59.1
load=58.90
156258	41.5		5.2		8.0		215.1		400		25.0		58.9
load=58.49
156767	41.6		5.2		8.0		215.8		400		25.0		58.5
load=58.74
157276	41.3		5.2		7.9		214.9		400		25.0		58.7
load=58.99
157785	41.6		5.2		8.0		215.8		400		25.0		59.0
load=58.57
158294	41.3		5.2		8.0		214.3		400		25.0		58.6
load=58.24
158803	41.6		5.2		8.0		215.5		400		25.0		58.2
load=58.49
159312	41.3		5.2		8.0		214.6		400		25.0		58.5
load=58.69
159821	41.5		5.2		8.0		214.8		400		25.0		58.7
load=58.89
160330	41.5		5.2		8.0		215.4		400		25.0		58.9
load=58.48
160839	41.3		5.2		8.0		214.6		400		25.0		58.5
load=58.06
161348	41.5		5.2		8.0		215.4		400		25.0		58.1
load=57.64
161857	41.6		5.2		8.0		216.1		400		25.0		57.6
load=58.39
162366	41.5		5.2		8.0		214.8		400		25.0		58.4
load=58.59
162875	41.5		5.2		8.0		215.4		400		25.0		58.6
load=58.84
163384	41.6		5.2		8.0		215.8		400		25.0		58.8
load=59.04
163893	41.6		5.2		8.0		216.1		400		25.0		59.0
load=58.46
164402	41.5		5.2		8.0		215.1		400		25.0		58.5
load=58.26
164911	41.5		5.2		8.0		215.4		400		25.0		58.3
load=57.84
165420	41.6		5.2		8.0		216.1		400		25.0		57.8
load=57.64
165929	41.6		5.2		8.0		216.1		400		25.0		57.6
load=57.44
166438	41.6		5.2		8.0		216.1		400		25.0		57.4
load=58.03
166947	41.5		5.2		8.0		215.1		400		25.0		58.0
load=57.61
167456	41.3		5.2		8.0		214.3		400		25.0		57.6
load=57.81
167965	41.3		5.2		8.0		214.0		400		25.0		57.8
load=58.31
168474	41.6		5.2		8.0		215.8		400		25.0		58.3
load=58.11
168983	41.5		5.2		8.0		215.7		400		25.0		58.1
load=58.31
169492	41.5		5.2		8.0		215.4		400		25.0		58.3
load=58.56
170001	41.6		5.2		8.0		215.8		400		25.0		58.6
load=58.76
170510	41.6		5.2		8.0		216.4		401		25.0		58.8
load=59.17
171019	41.5		5.2		7.9		217.2		403		25.0		59.2
load=62.17
171528	41.6		5.4		7.7		225.3		417		25.0		62.2
load=65.17
172037	41.5		5.6		7.4		232.4		432		25.0		65.2
load=68.17
172546	41.3		5.8		7.1		238.8		446		25.0		68.2
load=68.37
173055	41.3		6.0		6.9		247.9		463		25.0		68.4
load=70.85
173564	41.6		6.2		6.7		257.0		477		25.0		70.8
load=71.05
174073	41.6		6.4		6.5		265.2		491		25.0		71.0
load=74.05
174582	41.5		6.6		6.3		272.8		507		25.0		74.0
load=74.25
175091	41.5		6.7		6.2		279.5		520		25.0		74.2
load=77.25
175600	41.6		6.9		6.0		289.1		536		25.0		77.2
load=80.25
176109	41.5		7.2		5.8		296.5		551		25.0		80.2
load=80.45
176618	41.5		7.3		5.7		303.8		565		25.0		80.4
load=80.65
177127	41.5		7.5		5.5		311.7		579		25.0		80.6
load=83.50
177636	41.8		7.7		5.4		322.1		594		25.0		83.5
load=86.50
178145	41.6		7.9		5.3		328.3		609		25.0		86.5
load=88.27
178654	41.3		8.1		5.1		334.8		625		25.0		88.3
load=90.48
179163	41.8		8.3		5.0		346.9		640		25.0		90.5
load=90.68
179672	41.8		8.5		4.9		354.6		654		25.0		90.7
load=92.07
180181	41.5		8.7		4.8		359.7		669		25.0		92.1
load=95.07
180690	41.6		8.9		4.7		368.9		683		25.0		95.1
load=95.27
181199	41.6		9.0		4.6		376.5		698		25.0		95.3
load=98.27
181708	41.5		9.2		4.5		383.4		713		25.0		98.3
load=100.00
182217	41.8		9.4		4.4		394.3		728		25.0		100.0
load=100.00
182726	41.5		9.6		4.3		399.5		743		25.0		100.0
load=100.00
183235	41.5		9.8		4.2		407.4		757		25.0		100.0
load=100.00
183744	41.6		10.0		4.2		416.7		772		25.0		100.0
load=100.00
184253	41.8		10.2		4.1		426.1		787		25.0		100.0
load=99.52
184762	41.5		10.2		4.1		424.4		790		25.0		99.5
load=98.03
185271	41.6		10.3		4.1		427.1		791		25.0		98.0
load=95.03
185780	41.8		10.4		4.0		433.2		800		25.0		95.0
load=95.61
186289	41.5		10.4		4.0		431.1		801		25.0		95.6
load=96.19
186798	41.8		10.4		4.0		433.2		800		25.0		96.2
load=95.45
187307	41.5		10.4		4.0		430.4		800		25.0		95.4
load=94.62
187816	41.6		10.4		4.0		432.0		800		25.0		94.6
load=94.42
188325	41.6		10.4		4.0		432.6		800		25.0		94.4
load=94.62
188834	41.6		10.4		4.0		431.4		800		25.0		94.6
load=93.95
189343	41.5		10.4		4.0		430.1		800		25.0		94.0
load=93.12
189852	41.5		10.4		4.0		431.0		800		25.0		93.1
load=93.65
190361	41.5		10.4		4.0		430.4		800		25.0		93.7
load=94.31
190870	41.6		10.4		4.0		431.7		800		25.0		94.3
load=94.98
191379	41.8		10.4		4.0		432.9		800		25.0		95.0
load=95.18
191888	41.8		10.4		4.0		433.2		800		25.0		95.2
load=94.51
192397	41.6		10.4		4.0		432.0		800		25.0		94.5
load=93.85
192906	41.8		10.4		4.0		433.2		800		25.0		93.9
load=94.35
193415	41.6		10.4		4.0		432.3		800		25.0		94.3
load=94.15
193924	41.6		10.4		4.0		432.0		800		25.0		94.1
load=93.95
194433	41.6		10.4		4.0		432.0		800		25.0		93.9
load=93.28
194942	41.8		10.4		4.0		433.2		800		25.0		93.3
load=93.98
195451	41.6		10.4		4.0		431.9		800		25.0		94.0
load=94.84
195960	41.8		10.4		4.0		433.5		800		25.0		94.8
load=94.10
196469	41.5		10.4		4.0		430.8		800		25.0		94.1
load=93.43
196978	41.8		10.4		4.0		433.2		800		25.0		93.4
load=94.26
197487	41.6		10.4		4.0		431.7		800		25.0		94.3
load=94.46
197996	41.6		10.4		4.0		431.7		800		25.0		94.5
load=95.46
198505	41.8		10.4		4.0		433.5		800		25.0		95.5
load=96.12
199014	41.9		10.4		4.0		434.7		800		25.0		96.1
load=95.29
199523	41.6		10.4		4.0		431.7		800		25.0		95.3
load=94.46
200032	41.8		10.4		4.0		433.2		800		25.0		94.5
load=94.26
200541	41.8		10.4		4.0		433.2		800		25.0		94.3
load=94.06
201050	41.8		10.4		4.0		433.5		800		25.0		94.1
load=93.86
201559	41.8		10.4		4.0		433.5		800		25.0		93.9
load=94.86
202068	41.6		10.4		4.0		431.7		800		25.0		94.9
load=95.06
202577	41.6		10.4		4.0		432.0		800		25.0		95.1
load=95.26
203086	41.6		10.4		4.0		432.0		800		25.0		95.3
load=95.06
203595	41.6		10.4		4.0		431.7		800		25.0		95.1
load=94.86
204104	41.6		10.4		4.0		432.0		800		25.0		94.9
load=94.20
204613	41.8		10.4		4.0		433.2		800		25.0		94.2
load=94.86
205122	41.6		10.4		4.0		432.0		800		25.0		94.9
load=94.66
205631	41.6		10.4		4.0		431.4		800		25.0		94.7
load=94.46
206140	41.6		10.4		4.0		431.7		800		25.0		94.5
load=93.46
206649	41.8		10.4		4.0		433.5		800		25.0		93.5
load=94.46
207158	41.6		10.4		4.0		431.7		800		25.0		94.5
load=93.46
207667	41.5		10.4		4.0		429.8		800		25.0		93.5
load=93.26
208176	41.5		10.4		4.0		430.8		800		25.0		93.3
load=93.46
208685	41.5		10.4		4.0		430.4		800		25.0		93.5
load=93.66
209194	41.5		10.4		4.0		430.4		800		25.0		93.7
load=94.58
209703	41.8		10.4		4.0		433.8		800		25.0		94.6
load=93.58
210212	41.6		10.4		4.0		432.0		800		25.0		93.6
load=92.92
210721	41.8		10.4		4.0		433.2		800		25.0		92.9
load=91.92
211230	41.9		10.4		4.0		435.0		800		25.0		91.9
load=92.75
211739	41.6		10.4		4.0		432.0		800		25.0		92.8
load=91.92
212248	41.5		10.4		4.0		430.4		800		25.0		91.9
load=91.15
212757	41.9		10.4		4.0		434.7		800		25.0		91.1
load=90.32
213266	42.1		10.4		4.1		436.2		800		25.0		90.3
load=90.98
213775	41.8		10.4		4.0		433.8		800		25.0		91.0
load=90.78
214284	41.8		10.4		4.0		433.5		800		25.0		90.8
load=90.28
214793	41.9		10.4		4.0		434.4		800		25.0		90.3
load=90.78
215302	41.8		10.4		4.0		433.5		800		25.0		90.8
load=90.98
215811	41.8		10.4		4.0		433.8		800		25.0		91.0
load=90.78
216320	41.8		10.4		4.0		433.5		800		25.0		90.8
load=91.69
216829	41.5		10.4		4.0		430.1		800		25.0		91.7
load=92.52
217338	41.8		10.4		4.0		433.2		800		25.0		92.5
load=93.69
217847	41.9		10.4		4.0		435.3		800		25.0		93.7
load=92.52
218356	41.8		10.4		4.0		433.2		800		25.0		92.5
load=92.32
218865	41.8		10.4		4.0		433.5		800		25.0		92.3
load=92.12
219374	41.8		10.4		4.0		433.5		800		25.0		92.1
load=91.92
219883	41.8		10.4		4.0		433.5		800		25.0		91.9
load=91.72
220392	41.8		10.4		4.0		433.5		800		25.0		91.7
load=91.92
220901	41.8		10.4		4.0		432.9		799		25.0		91.9
load=91.72
221410	41.8		10.3		4.1		430.4		794		25.0		91.7
load=94.72
221919	41.6		10.1		4.1		420.7		780		25.0		94.7
load=94.52
222428	41.6		9.9		4.2		413.1		765		25.0		94.5
load=94.72
222937	41.6		9.7		4.3		404.8		750		25.0		94.7
load=91.72
223446	41.8		9.6		4.4		399.2		736		25.0		91.7
load=91.92
223955	41.8		9.3		4.5		390.0		719		25.0		91.9
load=91.72
224464	41.8		9.1		4.6		381.8		706		25.0		91.7
load=91.92
224973	41.8		9.0		4.7		374.8		691		25.0		91.9
load=91.72
225482	41.8		8.8		4.8		366.8		677		25.0		91.7
load=94.72
225991	41.9		8.6		4.9		359.8		662		25.0		94.7
load=91.72
226500	41.8		8.4		5.0		350.6		647		25.0		91.7
load=94.72
227009	41.6		8.2		5.1		341.1		632		25.0		94.7
load=93.37
227518	41.9		8.0		5.2		336.2		617		25.0		93.4
load=96.37
228027	41.6		7.8		5.3		325.0		602		25.0		96.4
load=96.17
228536	41.6		7.6		5.5		317.7		588		25.0		96.2
load=96.37
229045	41.6		7.5		5.6		310.3		574		25.0		96.4
load=93.37
229554	41.8		7.2		5.8		301.9		557		25.0		93.4
load=93.57
230063	41.8		7.0		5.9		294.3		543		25.0		93.6
load=93.37
230572	41.8		6.8		6.1		286.0		528		25.0		93.4
load=96.37
231081	41.6		6.7		6.2		277.7		514		25.0		96.4
load=94.64
231590	41.9		6.5		6.5		271.4		499		25.0		94.6
load=94.84
232099	41.9		6.3		6.7		264.0		484		25.0		94.8
load=94.64
232608	41.9		6.1		6.9		255.1		469		25.0		94.6
load=97.64
233117	41.8		5.9		7.1		246.3		454		25.0		97.6
load=97.44
233626	41.8		5.7		7.3		238.3		440		25.0		97.4
load=97.64
234135	41.8		5.5		7.6		230.4		425		25.0		97.6
load=94.64
234644	41.9		5.3		7.8		224.1		412		25.0		94.6
load=97.48
235153	41.6		5.1		8.1		213.7		395		25.0		97.5
load=95.54
235662	41.9		4.9		8.5		206.6		380		25.0		95.5
load=97.77
236171	41.6		4.8		8.7		198.5		366		25.0		97.8
load=97.57
236680	41.6		4.6		9.1		189.9		352		25.0		97.6
load=99.30
237189	41.9		4.4		9.6		183.6		337		25.0		99.3
load=96.30
237698	42.1		4.2		10.1		175.9		322		25.0		96.3
load=99.30
238207	41.9		4.0		10.5		167.0		307		25.0		99.3
load=96.47
238716	41.8		3.9		10.8		161.8		298		25.0		96.5
load=96.00
239225	41.9		3.9		10.8		162.7		299		25.0		96.0
load=95.80
239734	41.9		3.9		10.8		162.7		300		25.0		95.8
load=95.60
240243	41.6		3.9		10.6		162.8		300		25.0		95.6
load=96.28
240752	41.5		3.9		10.6		162.2		300		25.0		96.3
load=96.66
241261	41.9		3.9		10.7		163.9		300		25.0		96.7
load=96.35
241770	41.8		3.9		10.7		163.4		300		25.0		96.3
load=96.99
242279	41.6		3.9		10.7		162.2		300		25.0		97.0
load=97.47
242788	41.8		3.9		10.7		163.1		300		25.0		97.5
load=97.67
243297	41.8		3.9		10.7		163.1		300		25.0		97.7
load=97.47
243806	41.8		3.9		10.7		162.8		300		25.0		97.5
load=97.27
244315	41.8		3.9		10.7		163.1		300		25.0		97.3
load=97.47
244824	41.8		3.9		10.7		162.8		300		25.0		97.5
load=97.67
245333	41.8		3.9		10.7		162.8		300		25.0		97.7
load=97.87
245842	41.9		3.9		10.8		163.0		300		25.0		97.9
load=98.07
246351	41.9		3.9		10.8		163.1		300		25.0		98.1
load=97.79
246860	41.5		3.9		10.6		161.6		300		25.0		97.8
load=97.42
247369	41.9		3.9		10.7		163.6		300		25.0		97.4
load=97.22
247878	41.9		3.9		10.7		163.6		300		25.0		97.2
load=97.42
248387	41.9		3.9		10.8		163.3		300		25.0		97.4
load=97.22
248896	41.6		3.9		10.6		162.8		300		25.0		97.2
load=97.42
249405	41.6		3.9		10.7		162.2		300		25.0		97.4
load=97.82
249914	41.9		3.9		10.7		163.6		300		25.0		97.8
load=98.02
250423	41.9		3.9		10.7		163.6		300		25.0		98.0
load=97.54
250932	41.8		3.9		10.7		162.8		300		25.0		97.5
load=97.34
251441	41.8		3.9		10.7		162.8		300		25.0		97.3
load=97.54
251950	41.8		3.9		10.7		162.5		300		25.0		97.5
load=97.99
252459	41.9		3.9		10.8		163.3		300		25.0		98.0
load=98.19
252968	41.9		3.9		10.7		163.6		300		25.0		98.2
load=97.99
253477	41.9		3.9		10.8		163.3		300		25.0		98.0
load=98.30
253986	41.8		3.9		10.7		162.8		300		25.0		98.3
load=98.50
254495	41.9		3.9		10.8		163.0		300		25.0		98.5
load=98.70
255004	41.9		3.9		10.8		163.3		300		25.0		98.7
load=98.39
255513	41.8		3.9		10.7		162.8		300		25.0		98.4
load=98.86
256022	41.6		3.9		10.7		161.9		300		25.0		98.9
load=99.51
256531	41.8		3.9		10.7		163.1		300		25.0		99.5
load=98.86
257040	41.6		3.9		10.7		161.9		300		25.0		98.9
load=98.47
257549	41.9		3.9		10.8		163.3		300		25.0		98.5
load=98.27
258058	41.9		3.9		10.8		163.3		300		25.0		98.3
load=98.58
258567	41.5		3.9		10.6		161.6		300		25.0		98.6
load=99.06
259076	41.6		3.9		10.7		162.5		300		25.0		99.1
load=99.29
259585	41.9		3.9		10.8		163.3		300		25.0		99.3
load=98.81
260094	41.8		3.9		10.7		162.4		300		25.0		98.8
load=98.33
260603	41.9		3.9		10.8		163.3		300		25.0		98.3
load=98.53
261112	41.8		3.9		10.7		163.1		300		25.0		98.5
load=98.33
261621	41.8		3.9		10.7		162.8		300		25.0		98.3
load=97.85
262130	41.9		3.9		10.7		163.6		300		25.0		97.9
load=98.16
262639	41.6		3.9		10.7		162.5		300		25.0		98.2
load=98.39
263148	41.9		3.9		10.8		163.3		300		25.0		98.4
load=98.59
263657	41.9		3.9		10.8		163.3		300		25.0		98.6
load=98.11
264166	41.8		3.9		10.7		162.4		300		25.0		98.1
load=97.91
264675	41.8		3.9		10.7		163.1		300		25.0		97.9
load=98.11
265184	41.8		3.9		10.7		162.4		300		25.0		98.1
load=98.42
265693	41.9		3.9		10.8		163.0		300		25.0		98.4
load=98.62
266202	41.8		3.9		10.7		163.1		300		25.0		98.6
load=98.82
266711	41.9		3.9		10.8		163.3		300		25.0		98.8
load=98.62
267220	41.8		3.9		10.7		163.1		300		25.0		98.6
load=98.94
267729	41.6		3.9		10.7		162.5		300		25.0		98.9
load=99.25
268238	41.8		3.9		10.7		163.1		300		25.0		99.2
load=99.45
268747	41.8		3.9		10.7		163.1		300		25.0		99.4
load=99.25
269256	41.9		3.9		10.8		163.0		300		25.0		99.2
load=99.64
269765	41.6		3.9		10.7		161.6		300		25.0		99.6
load=100.00
270274	41.9		3.9		10.8		163.0		300		25.0		100.0
load=100.00
270783	41.9		3.9		10.7		163.6		300		25.0		100.0
load=100.00
271292	42.1		3.9		10.8		164.2		300		25.0		100.0
load=99.60
271801	41.6		3.9		10.7		162.0		300		25.0		99.6
load=99.19
272310	41.8		3.9		10.7		162.8		300		25.0		99.2
load=99.39
272819	41.6		3.9		10.7		162.5		300		25.0		99.4
load=99.87
273328	41.8		3.9		10.7		163.4		300		25.0		99.9
load=99.22
273837	41.6		3.9		10.7		162.2		300		25.0		99.2
load=98.74
274346	41.9		3.9		10.7		163.9		300		25.0		98.7
load=99.22
274855	41.6		3.9		10.7		162.2		300		25.0		99.2
load=99.70
275364	41.8		3.9		10.7		163.1		300		25.0		99.7
load=99.22
275873	41.6		3.9		10.7		162.2		300		25.0		99.2
load=99.53
276382	41.5		3.9		10.6		161.6		300		25.0		99.5
load=99.93
276891	41.8		3.9		10.7		163.1		300		25.0		99.9
load=99.45
277400	41.6		3.9		10.7		162.2		300		25.0		99.4
load=98.97
277909	41.8		3.9		10.7		163.1		300		25.0		99.0
load=98.66
278418	41.9		3.9		10.7		163.6		300		25.0		98.7
load=98.86
278927	41.9		3.9		10.8		163.3		300		25.0		98.9
load=98.66
279436	41.9		3.9		10.8		163.0		300		25.0		98.7
load=98.86
279945	41.6		3.9		10.7		162.5		300		25.0		98.9
load=99.09
280454	41.9		3.9		10.8		163.3		300		25.0		99.1
load=99.29
280963	41.9		3.9		10.7		164.2		301		25.0		99.3
load=99.49
281472	41.6		3.9		10.5		164.3		304		25.0		99.5
load=100.00
281981	41.8		4.1		10.1		172.8		319		25.0		100.0
load=100.00
282490	41.5		4.3		9.6		178.6		332		25.0		100.0
load=100.00
282999	41.8		4.5		9.3		188.4		348		25.0		100.0
load=100.00
283508	41.5		4.7		8.8		195.6		363		25.0		100.0
load=100.00
284017	41.6		4.9		8.5		204.6		378		25.0		100.0
load=100.00
284526	41.6		5.1		8.2		211.6		392		25.0		100.0
load=100.00
285035	41.8		5.3		7.9		220.3		406		25.0		100.0
load=100.00
285544	41.6		5.5		7.6		227.1		421		25.0		100.0
load=100.00
286053	41.6		5.7		7.3		236.0		437		25.0		100.0
load=100.00
286562	41.5		5.9		7.1		243.3		452		25.0		100.0
load=100.00
287071	41.8		6.0		6.9		252.4		466		25.0		100.0
load=100.00
287580	41.5		6.2		6.6		259.1		481		25.0		100.0
load=100.00
288089	41.8		6.4		6.5		267.7		495		25.0		100.0
load=100.00
288598	41.8		6.6		6.3		276.2		510		25.0		100.0
load=100.00
289107	41.6		6.8		6.1		283.5		525		25.0		100.0
load=100.00
289616	41.6		7.0		5.9		291.7		540		25.0		100.0
load=100.00
290125	41.8		7.2		5.8		301.0		556		25.0		100.0
load=100.00
290634	41.8		7.4		5.7		308.4		569		25.0		100.0
load=100.00
291143	41.8		7.6		5.5		316.0		584		25.0		100.0
load=100.00
291652	41.7		7.8		5.4		324.6		600		25.0		100.0
load=100.00
292161	41.8		8.0		5.2		333.5		615		25.0		100.0
load=100.00
292670	41.6		8.2		5.1		339.6		629		25.0		100.0
load=100.00
293179	41.6		8.4		5.0		347.8		644		25.0		100.0
load=100.00
293688	41.8		8.5		4.9		356.4		658		25.0		100.0
load=100.00
294197	41.6		8.7		4.8		363.4		673		25.0		100.0
load=100.00
294706	41.6		8.9		4.7		372.2		689		25.0		100.0
load=100.00
295215	41.8		9.1		4.6		380.6		703		25.0		100.0
load=100.00
295724	41.6		9.3		4.5		387.5		718		25.0		100.0
load=100.00
296233	41.6		9.5		4.4		395.1		732		25.0		100.0
load=100.00
296742	41.6		9.7		4.3		403.0		747		25.0		100.0
load=100.00
297251	41.6		9.9		4.2		411.6		762		25.0		100.0
load=100.00
297760	41.8		10.1		4.1		421.3		777		25.0		100.0
load=100.00
298269	41.6		10.3		4.0		428.0		792		25.0		100.0
load=100.00
298778	41.5		10.4		4.0		431.1		802		25.0		100.0
load=100.00
299287	41.8		10.4		4.0		433.8		801		25.0		100.0
load=99.00
299796	41.6		10.4		4.0		432.0		800		25.0		99.0
load=98.34
300305	41.8		10.4		4.0		433.2		800		25.0		98.3
load=99.17
300814	41.6		10.4		4.0		431.7		800		25.0		99.2
load=99.37
301323	41.6		10.4		4.0		432.0		800		25.0		99.4
load=100.00
301832	41.8		10.4		4.0		433.5		800		25.0		100.0
load=99.17
302341	41.6		10.4		4.0		432.0		800		25.0		99.2
load=98.51
302850	41.8		10.4		4.0		433.2		800		25.0		98.5
load=98.31
303359	41.8		10.4		4.0		433.2		800		25.0		98.3
load=98.97
303868	41.6		10.4		4.0		432.0		800		25.0		99.0
load=99.63
304377	41.8		10.4		4.0		433.2		800		25.0		99.6
load=99.43
304886	41.8		10.4		4.0		432.6		800		25.0		99.4
load=100.00
305395	41.5		10.4		4.0		430.4		800		25.0		100.0
load=100.00
305904	41.9		10.4		4.0		434.7		800		25.0		100.0
load=99.17
306413	41.5		10.4		4.0		430.1		800		25.0		99.2
load=98.34
306922	41.8		10.4		4.0		433.2		800		25.0		98.3
load=99.09
307431	41.5		10.4		4.0		430.4		800		25.0		99.1
load=99.92
307940	41.6		10.4		4.0		432.0		800		25.0		99.9
load=100.00
308449	41.6		10.4		4.0		432.3		800		25.0		100.0
load=99.80
308958	41.6		10.4		4.0		431.7		800		25.0		99.8
load=99.60
309467	41.6		10.4		4.0		431.7		800		25.0		99.6
load=99.40
309976	41.6		10.4		4.0		431.7		800		25.0		99.4
load=99.20
310485	41.6		10.4		4.0		432.0		800		25.0		99.2
load=100.00
310994	41.3		10.4		4.0		428.3		800		25.0		100.0
load=100.00
311503	41.5		10.4		4.0		430.1		800		25.0		100.0
load=100.00
312012	41.5		10.4		4.0		430.4		800		25.0		100.0
load=100.00
312521	41.5		10.4		4.0		430.4		800		25.0		100.0
load=100.00
313030	41.6		10.4		4.0		432.0		800		25.0		100.0
load=99.80
313539	41.6		10.4		4.0		431.4		800		25.0		99.8
load=98.80
314048	41.8		10.4		4.0		433.2		800		25.0		98.8
load=99.80
314557	41.5		10.4		4.0		429.5		800		25.0		99.8
load=100.00
315066	41.5		10.4		4.0		430.8		800		25.0		100.0
load=99.80
315575	41.5		10.4		4.0		430.1		800		25.0		99.8
load=99.60
316084	41.5		10.4		4.0		430.1		800		25.0		99.6
load=99.40
316593	41.5		10.4		4.0		430.1		800		25.0		99.4
load=96.91
317102	41.5		10.4		4.0		430.6		800		25.0		96.9
load=99.40
317611	41.5		10.4		4.0		430.1		800		25.0		99.4
load=99.60
318120	41.5		10.4		4.0		430.1		800		25.0		99.6
load=98.77
318629	41.3		10.4		4.0		428.6		800		25.0		98.8
load=97.77
319138	41.5		10.4		4.0		430.4		800		25.0		97.8
load=97.57
319647	41.5		10.4		4.0		430.4		800		25.0		97.6
load=98.57
320156	41.3		10.4		4.0		428.6		800		25.0		98.6
load=99.46
320665	41.8		10.4		4.0		433.5		800		25.0		99.5
load=98.57
321174	41.3		10.4		4.0		428.6		800		25.0		98.6
load=97.91
321683	41.5		10.4		4.0		429.8		800		25.0		97.9
load=97.71
322192	41.5		10.4		4.0		430.1		800		25.0		97.7
load=96.94
322701	41.8		10.4		4.0		432.9		800		25.0		96.9
load=95.81
323210	41.9		10.4		4.0		435.0		800		25.0		95.8
load=96.64
323719	41.5		10.4		4.0		430.4		800		25.0		96.6
load=96.44
324228	41.5		10.4		4.0		430.1		800		25.0		96.4
load=95.61
324737	41.6		10.4		4.0		431.7		800		25.0		95.6
load=95.41
325246	41.6		10.4		4.0		431.7		800		25.0		95.4
load=96.57
325755	41.5		10.4		4.0		429.5		800		25.0		96.6
load=96.77
326264	41.5		10.4		4.0		430.1		800		25.0		96.8
load=97.60
326773	41.6		10.4		4.0		431.7		800		25.0		97.6
load=96.77
327282	41.5		10.4		4.0		430.1		800		25.0		96.8
load=95.78
327791	41.6		10.4		4.0		432.0		800		25.0		95.8
load=96.92
328300	41.5		10.4		4.0		429.9		800		25.0		96.9
load=97.12
328809	41.5		10.4		4.0		430.4		800		25.0		97.1
load=97.32
329318	41.5		10.4		4.0		430.4		800		25.0		97.3
load=96.16
329827	41.3		10.4		4.0		428.3		800		25.0		96.2
load=95.96
330336	41.3		10.4		4.0		428.3		800		25.0		96.0
load=94.97
330845	41.5		10.4		4.0		430.1		800		25.0		95.0
load=93.97
331354	41.6		10.4		4.0		432.0		800		25.0		94.0
load=94.88
331863	41.3		10.4		4.0		428.6		800		25.0		94.9
load=95.08
332372	41.3		10.4		4.0		428.6		800		25.0		95.1
load=95.91
332881	41.5		10.4		4.0		430.1		800		25.0		95.9
load=96.11
333390	41.5		10.4		4.0		430.1		800		25.0		96.1
load=95.28
333899	41.3		10.4		4.0		428.6		800		25.0		95.3
load=95.48
334408	41.3		10.4		4.0		428.3		800		25.0		95.5
load=96.48
334917	41.5		10.4		4.0		430.1		800		25.0		96.5
load=97.31
335426	41.6		10.4		4.0		431.7		800		25.0		97.3
load=97.11
335935	41.6		10.4		4.0		431.4		800		25.0		97.1
load=97.77
336444	41.5		10.4		4.0		430.1		800		25.0		97.8
load=97.97
336953	41.5		10.4		4.0		430.4		800		25.0		98.0
load=97.77
337462	41.5		10.4		4.0		429.8		800		25.0		97.8
load=98.44
337971	41.3		10.4		4.0		428.6		800		25.0		98.4
load=99.10
338480	41.5		10.4		4.0		429.8		800		25.0		99.1
load=98.44
338989	41.3		10.4		4.0		428.6		800		25.0		98.4
load=97.52
339498	41.6		10.4		4.0		432.0		800		25.0		97.5
load=98.52
340007	41.3		10.4		4.0		428.3		800		25.0		98.5
load=99.43
340516	41.6		10.4		4.0		431.7		800		25.0		99.4
load=100.00
341025	41.8		10.4		4.0		433.8		800		25.0		100.0
load=100.00
341534	42.1		10.4		4.0		437.1		800		25.0		100.0
load=99.04
342043	41.5		10.4		4.0		430.1		800		26.0		99.0
load=99.87
342552	41.1		10.4		4.0		426.6		800		27.0		99.9
load=99.17
343061	39.3		10.4		3.8		410.2		800		42.0		99.2
load=99.87
343570	38.2		10.5		3.6		401.2		800		53.0		99.9
load=100.00
344079	38.2		10.5		3.6		401.2		800		55.0		100.0
load=99.16
344588	37.7		10.5		3.6		395.0		800		57.0		99.2
load=100.00
345097	37.2		10.5		3.5		390.4		800		58.0		100.0
load=99.31
345606	37.1		10.5		3.5		389.2		800		58.0		99.3
load=98.32
346115	37.4		10.5		3.6		392.8		800		60.0		98.3
load=97.48
346624	37.5		10.5		3.6		394.3		800		60.0		97.5
load=98.42
347133	37.1		10.5		3.5		389.2		800		60.0		98.4
load=97.58
347642	36.6		10.5		3.5		384.5		800		60.0		97.6
load=96.74
348151	37.2		10.5		3.5		390.7		800		60.0		96.7
load=95.90
348660	37.5		10.5		3.6		393.8		800		60.0		95.9
load=96.74
349169	37.4		10.5		3.6		392.2		800		60.0		96.7
load=95.97
349678	37.1		10.5		3.5		389.4		800		60.0		96.0
load=97.40
350187	36.9		10.5		3.5		386.8		800		60.0		97.4
load=98.47
350696	37.2		10.5		3.5		390.7		800		60.0		98.5
load=99.31
351205	37.7		10.5		3.6		395.3		800		60.0		99.3
load=98.54
351714	37.4		10.5		3.6		392.5		800		60.0		98.5
load=99.38
352223	37.2		10.5		3.5		391.0		800		60.0		99.4
load=98.32
352732	36.9		10.5		3.5		387.1		800		60.0		98.3
load=97.33
353241	37.1		10.5		3.5		388.9		800		60.0		97.3
load=96.28
353750	37.4		10.5		3.6		392.8		800		60.0		96.3
load=95.42
354259	37.5		10.5		3.6		394.3		800		60.0		95.4
load=96.41
354768	37.4		10.5		3.6		392.5		800		60.0		96.4
load=95.47
355277	36.9		10.5		3.5		387.4		800		60.0		95.5
load=94.63
355786	37.2		10.5		3.5		390.4		800		60.0		94.6
load=93.64
356295	37.4		10.5		3.6		392.2		800		60.0		93.6
load=93.44
356804	37.4		10.5		3.6		392.2		800		60.0		93.4
load=94.28
357313	37.1		10.5		3.5		389.2		800		60.0		94.3
load=94.08
357822	37.1		10.5		3.5		388.9		800		60.0		94.1
load=92.95
358331	37.2		10.5		3.5		391.0		800		60.0		92.9
load=91.96
358840	37.4		10.5		3.6		392.8		800		60.0		92.0
load=91.27
359349	37.5		10.5		3.6		394.1		800		60.0		91.3
load=92.11
359858	37.2		10.5		3.5		391.0		800		60.0		92.1
load=91.12
360367	36.9		10.5		3.5		387.4		800		60.0		91.1
load=90.28
360876	37.1		10.5		3.5		388.9		800		60.0		90.3
load=89.36
361385	37.4		10.5		3.6		392.2		800		60.0		89.4
load=88.52
361894	37.5		10.5		3.6		393.8		800		60.0		88.5
load=89.32
362403	37.1		10.5		3.5		389.4		800		60.0		89.3
load=88.03
362912	36.9		10.5		3.5		387.1		800		60.0		88.0
load=87.19
363421	37.2		10.5		3.5		390.2		800		60.0		87.2
load=85.91
363930	37.4		10.5		3.6		392.5		800		60.0		85.9
load=85.22
364439	37.5		10.5		3.6		393.8		800		60.0		85.2
load=85.98
364948	37.2		10.5		3.5		391.0		800		60.0		86.0
load=84.99
365457	37.1		10.5		3.5		389.2		800		60.0		85.0
load=85.19
365966	37.1		10.5		3.5		388.9		800		60.0		85.2
load=86.11
366475	37.4		10.5		3.6		392.2		800		60.0		86.1
load=87.10
366984	37.5		10.5		3.6		394.1		800		60.0		87.1
load=86.18
367493	37.2		10.5		3.5		390.7		800		60.0		86.2
load=86.95
368002	36.9		10.5		3.5		387.9		800		60.0		86.9
load=87.49
368511	37.1		10.5		3.5		388.9		800		60.0		87.5
load=88.55
369020	37.4		10.5		3.6		392.8		800		60.0		88.6
load=87.42
369529	37.2		10.5		3.5		390.7		800		60.0		87.4
load=87.22
370038	37.2		10.5		3.5		391.0		800		60.0		87.2
load=88.13
370547	36.9		10.5		3.5		387.6		800		60.0		88.1
load=89.02
371056	37.4		10.5		3.6		392.5		800		60.0		89.0
load=90.16
371565	37.5		10.5		3.6		394.6		800		60.0		90.2
load=89.02
372074	37.4		10.5		3.6		392.5		800		60.0		89.0
load=89.86
372583	36.9		10.5		3.5		387.9		800		60.0		89.9
load=89.66
373092	36.9		10.5		3.5		387.4		800		60.0		89.7
load=88.61
373601	37.1		10.5		3.5		389.3		800		60.0		88.6
load=87.74
374110	37.5		10.5		3.6		394.1		800		60.0		87.7
load=87.54
374619	37.5		10.5		3.6		394.3		800		60.0		87.5
load=88.43
375128	37.1		10.5		3.5		389.4		800		60.0		88.4
load=87.45
375637	36.9		10.5		3.5		387.6		800		60.0		87.4
load=87.25
376146	36.9		10.5		3.5		387.6		800		60.0		87.2
load=86.37
376655	37.5		10.5		3.6		394.1		800		60.0		86.4
load=87.21
377164	37.4		10.5		3.6		392.5		800		60.0		87.2
load=86.29
377673	37.1		10.5		3.5		389.2		800		60.0		86.3
load=87.13
378182	36.9		10.5		3.5		387.6		800		60.0		87.1
load=87.97
378691	37.2		10.5		3.5		390.7		800		60.0		88.0
load=89.10
379200	37.4		10.5		3.6		392.8		800		60.0		89.1
load=89.30
379709	37.4		10.5		3.6		392.8		800		60.0		89.3
load=88.38
380218	37.1		10.5		3.5		389.4		800		60.0		88.4
load=89.52
380727	36.9		10.5		3.5		387.4		800		60.0		89.5
load=90.41
381236	37.4		10.5		3.6		392.2		800		60.0		90.4
load=90.61
381745	37.4		10.5		3.6		392.5		800		60.0		90.6
load=90.41
382254	37.4		10.5		3.6		392.2		800		60.0		90.4
load=91.25
382763	37.1		10.5		3.5		389.2		800		60.0		91.2
load=91.05
383272	37.1		10.5		3.5		388.9		800		60.0		91.0
load=90.85
383781	37.1		10.5		3.5		389.4		800		60.0		90.8
load=90.08
384290	37.4		10.5		3.6		392.2		800		60.0		90.1
load=91.00
384799	37.1		10.5		3.5		388.9		800		60.0		91.0
load=91.20
385308	37.1		10.5		3.5		389.4		800		60.0		91.2
load=91.00
385817	37.1		10.5		3.5		389.2		800		60.0		91.0
load=90.16
386326	37.2		10.5		3.5		390.7		800		60.0		90.2
load=89.17
386835	37.4		10.5		3.6		392.5		800		60.0		89.2
load=90.01
387344	37.2		10.5		3.5		391.0		800		60.0		90.0
load=89.81
387853	37.2		10.5		3.5		390.7		800		60.0		89.8
load=90.79
388362	37.1		10.5		3.5		388.9		800		60.0		90.8
load=90.10
388871	36.9		10.5		3.5		387.6		800		60.0		90.1
load=89.23
389380	37.7		10.5		3.6		395.6		800		60.0		89.2
load=90.07
389889	37.4		10.5		3.6		392.5		800		60.0		90.1
load=89.16
390398	37.1		10.5		3.5		389.2		800		60.0		89.2
load=88.96
390907	37.1		10.5		3.5		389.2		800		60.0		89.0
load=88.12
391416	37.4		10.5		3.6		392.2		800		60.0		88.1
load=87.13
391925	37.5		10.5		3.6		394.1		800		60.0		87.1
load=87.82
392434	37.4		10.5		3.6		392.8		800		60.0		87.8
load=86.91
392943	37.1		10.5		3.5		389.4		800		60.0		86.9
load=88.40
393452	37.0		10.5		3.5		388.2		800		60.0		88.4
load=89.24
393961	37.4		10.5		3.6		392.0		800		60.0		89.2
load=90.53
394470	37.5		10.5		3.6		394.3		800		60.0		90.5
load=90.33
394979	37.5		10.5		3.6		393.5		800		60.0		90.3
load=91.17
395488	37.2		10.5		3.5		390.4		800		60.0		91.2
load=90.41
395997	36.9		10.5		3.5		387.6		800		60.0		90.4
load=89.52
396506	37.4		10.5		3.6		392.5		800		60.0		89.5
load=88.53
397015	37.5		10.5		3.6		394.3		800		60.0		88.5
load=89.67
397524	37.4		10.5		3.6		392.2		800		60.0		89.7
load=88.97
398033	37.2		10.5		3.5		391.0		800		60.0		89.0
load=89.89
398542	36.9		10.5		3.5		387.6		800		60.0		89.9
load=90.77
399051	37.4		10.5		3.6		392.5		800		60.0		90.8
load=90.97
399560	37.4		10.5		3.6		392.5		800		60.0		91.0
load=91.17
400069	37.4		10.5		3.6		392.8		800		60.0		91.2
load=90.18
400578	37.2		10.5		3.5		391.0		800		59.0		90.2
load=89.64
401087	37.5		10.5		3.6		393.0		800		55.0		89.6
load=88.85
401596	39.4		10.4		3.8		411.8		800		41.0		88.8
load=88.09
402105	40.6		10.4		3.9		422.8		800		34.0		88.1
load=87.37
402614	41.0		10.4		3.9		426.8		800		31.0		87.4
load=88.37
403123	40.9		10.4		3.9		425.0		800		30.0		88.4
load=88.17
403632	40.9		10.4		3.9		424.1		800		26.0		88.2
load=87.30
404141	41.6		10.4		4.0		432.0		800		25.0		87.3
load=86.56
404650	41.9		10.4		4.0		434.7		800		25.0		86.6
load=87.22
405159	41.6		10.4		4.0		432.3		800		25.0		87.2
load=86.22
405668	41.3		10.4		4.0		428.6		800		25.0		86.2
load=85.39
406177	41.5		10.4		4.0		430.1		800		25.0		85.4
load=85.19
406686	41.5		10.4		4.0		430.4		800		25.0		85.2
load=84.70
407195	41.6		10.4		4.0		431.4		800		25.0		84.7
load=84.50
407704	41.6		10.4		4.0		431.7		800		25.0		84.5
load=85.38
408213	41.2		10.4		4.0		426.8		800		25.0		85.4
load=86.21
408722	41.3		10.4		4.0		428.3		800		25.0		86.2
load=86.96
409231	41.6		10.4		4.0		431.1		800		25.0		87.0
load=88.29
409740	41.8		10.4		4.0		433.5		800		25.0		88.3
load=87.29
410249	41.6		10.4		4.0		431.7		800		25.0		87.3
load=88.12
410758	41.3		10.4		4.0		428.6		800		25.0		88.1
load=87.29
411267	41.2		10.4		4.0		427.1		800		25.0		87.3
load=86.46
411776	41.8		10.4		4.0		433.2		800		25.0		86.5
load=85.63
412285	41.9		10.4		4.0		434.7		800		25.0		85.6
load=86.54
412794	41.6		10.4		4.0		431.4		800		25.0		86.5
load=85.71
413303	41.5		10.4		4.0		429.8		800		25.0		85.7
load=86.46
413812	41.2		10.4		4.0		427.1		800		25.0		86.5
load=87.21
414321	41.5		10.4		4.0		429.8		800		25.0		87.2
load=88.37
414830	41.6		10.4		4.0		432.0		800		25.0		88.4
load=88.57
415339	41.6		10.4		4.0		432.0		800		25.0		88.6
load=87.57
415848	41.3		10.4		4.0		428.3		800		25.0		87.6
load=86.58
416357	41.5		10.4		4.0		430.1		800		25.0		86.6
load=85.66
416866	41.8		10.4		4.0		433.5		800		25.0		85.7
load=85.86
417375	41.8		10.4		4.0		433.2		800		25.0		85.9
load=85.04
417884	41.6		10.4		4.0		431.7		800		25.0		85.0
load=85.24
418393	41.6		10.4		4.0		431.4		800		25.0		85.2
load=84.54
418902	41.3		10.4		4.0		428.2		800		25.0		84.5
load=83.81
419411	41.8		10.4		4.0		432.9		800		25.0		83.8
load=82.47
419920	41.9		10.4		4.0		435.3		800		25.0		82.5
load=83.39
420429	41.6		10.4		4.0		432.0		800		25.0		83.4
load=82.39
420938	41.5		10.4		4.0		430.1		800		25.0		82.4
load=83.22
421447	41.2		10.4		4.0		427.1		800		25.0		83.2
load=83.89
421956	41.5		10.4		4.0		429.5		800		25.0		83.9
load=85.38
422465	41.6		10.4		4.0		432.3		800		25.0		85.4
load=86.04
422974	41.8		10.4		4.0		433.5		800		25.0		86.0
load=85.16
423483	41.3		10.4		4.0		428.6		800		25.0		85.2
load=85.99
423992	41.2		10.4		4.0		427.1		800		25.0		86.0
load=86.82
424501	41.6		10.4		4.0		431.7		800		25.0		86.8
load=87.82
425010	41.9		10.4		4.0		435.3		800		25.0		87.8
load=86.82
425519	41.6		10.4		4.0		431.7		800		25.0		86.8
load=87.81
426028	41.5		10.4		4.0		429.8		800		25.0		87.8
load=88.01
426537	41.5		10.4		4.0		429.8		800		25.0		88.0
load=89.01
427046	41.6		10.4		4.0		431.7		800		25.0		89.0
load=89.92
427555	41.9		10.4		4.0		435.0		800		25.0		89.9
load=88.93
428064	41.8		10.4		4.0		433.2		800		25.0		88.9
load=89.92
428573	41.3		10.4		4.0		427.7		800		25.0		89.9
load=90.92
429082	41.6		10.4		4.0		431.4		800		25.0		90.9
load=91.12
429591	41.6		10.4		4.0		432.0		800		25.0		91.1
load=91.80
430100	41.8		10.4		4.0		433.2		800		25.0		91.8
load=90.95
430609	41.6		10.4		4.0		431.7		800		25.0		91.0
load=92.11
431118	41.5		10.4		4.0		429.5		800		25.0		92.1
load=91.45
431627	41.2		10.4		4.0		427.1		800		25.0		91.4
load=90.62
432136	41.6		10.4		4.0		431.7		800		25.0		90.6
load=89.62
432645	41.9		10.4		4.0		435.3		800		25.0		89.6
load=89.82
433154	41.9		10.4		4.0		435.0		800		25.0		89.8
load=88.96
433663	41.2		10.4		4.0		427.1		800		25.0		89.0
load=88.29
434172	41.3		10.4		4.0		428.3		800		25.0		88.3
load=87.21
434681	41.6		10.4		4.0		432.3		800		25.0		87.2
load=86.55
435190	41.9		10.4		4.0		434.7		800		25.0		86.5
load=87.38
435699	41.5		10.4		4.0		430.1		800		25.0		87.4
load=86.55
436208	41.3		10.4		4.0		428.6		800		25.0		86.5
load=86.22
436717	41.5		10.4		4.0		429.2		800		25.0		86.2
load=85.14
437226	41.8		10.4		4.0		433.2		800		25.0		85.1
load=84.14
437735	41.9		10.4		4.0		435.0		800		25.0		84.1
load=85.01
438244	41.3		10.4		4.0		428.6		800		25.0		85.0
load=84.81
438753	41.3		10.4		4.0		428.0		800		25.0		84.8
load=83.98
439262	41.5		10.4		4.0		429.5		800		25.0		84.0
load=82.82
439771	41.6		10.4		4.0		431.7		800		25.0		82.8
load=81.83
440280	41.9		10.4		4.0		435.3		800		25.0		81.8
load=82.77
440789	41.5		10.4		4.0		430.1		800		25.0		82.8
load=82.57
441298	41.5		10.4		4.0		429.8		800		25.0		82.6
load=82.37
441807	41.5		10.4		4.0		429.8		800		25.0		82.4
load=81.54
442316	41.8		10.4		4.0		432.9		800		25.0		81.5
load=82.03
442825	41.6		10.4		4.0		432.0		800		25.0		82.0
load=80.71
443334	41.5		10.4		4.0		429.5		800		25.0		80.7
load=81.20
443843	41.3		10.4		4.0		428.6		800		25.0		81.2
load=82.03
444352	41.5		10.4		4.0		430.0		800		25.0		82.0
load=82.86
444861	41.6		10.4		4.0		431.7		800		25.0		82.9
load=83.64
445370	42.1		10.4		4.1		435.9		800		25.0		83.6
load=82.92
445879	41.6		10.4		4.0		432.0		800		25.0		82.9
load=83.75
446388	41.3		10.4		4.0		428.9		800		25.0		83.7
load=82.59
446897	41.2		10.4		4.0		426.8		800		25.0		82.6
load=81.68
447406	41.8		10.4		4.0		433.5		800		25.0		81.7
load=81.48
447915	41.8		10.4		4.0		433.5		800		25.0		81.5
load=82.47
448424	41.6		10.4		4.0		431.7		800		25.0		82.5
load=81.56
448933	41.3		10.4		4.0		428.3		800		25.0		81.6
load=81.36
449442	41.3		10.4		4.0		428.9		800		25.0		81.4
load=80.54
449951	41.8		10.4		4.0		433.4		800		25.0		80.5
load=81.67
450460	41.6		10.4		4.0		431.4		800		25.0		81.7
load=81.87
450969	41.6		10.4		4.0		431.7		800		25.0		81.9
load=81.00
451478	41.0		10.4		4.0		425.3		800		25.0		81.0
load=80.17
451987	41.5		10.4		4.0		429.8		800		25.0		80.2
load=79.26
452496	41.8		10.4		4.0		433.2		800		25.0		79.3
load=80.26
453005	41.6		10.4		4.0		431.4		800		25.0		80.3
load=79.92
453514	41.5		10.4		4.0		430.8		800		25.0		79.9
load=80.86
454023	41.0		10.4		4.0		425.6		800		25.0		80.9
load=81.69
454532	41.5		10.4		4.0		430.1		800		25.0		81.7
load=82.69
455041	41.6		10.4		4.0		432.0		800		25.0		82.7
load=83.52
455550	41.8		10.4		4.0		433.5		800		25.0		83.5
load=82.19
456059	41.6		10.4		4.0		431.1		800		25.0		82.2
load=82.94
456568	41.3		10.4		4.0		428.3		800		25.0		82.9
load=83.14
457077	41.3		10.4		4.0		428.9		800		25.0		83.1
load=83.97
457586	41.8		10.4		4.0		433.5		800		25.0		84.0
load=84.80
458095	41.9		10.4		4.0		435.0		800		25.0		84.8
load=83.86
458604	41.5		10.4		4.0		429.8		800		25.0		83.9
load=84.60
459113	41.2		10.4		4.0		427.1		800		25.0		84.6
load=85.43
459622	41.3		10.4		4.0		428.6		800		25.0		85.4
load=86.26
460131	41.6		10.4		4.0		431.7		800		25.0		86.3
load=85.60
460640	41.5		10.4		4.0		430.4		800		25.0		85.6
load=84.94
461149	41.6		10.4		4.0		431.7		800		25.0		84.9
load=85.82
461658	41.2		10.4		4.0		426.8		800		25.0		85.8
load=86.65
462167	41.3		10.4		4.0		428.3		800		25.0		86.6
load=87.48
462676	41.5		10.4		4.0		429.8		800		25.0		87.5
load=88.39
463185	41.8		10.4		4.0		433.2		800		25.0		88.4
load=87.40
463694	41.6		10.4		4.0		431.4		800		25.0		87.4
load=88.06
464203	41.5		10.4		4.0		430.1		800		25.0		88.1
load=88.26
464712	41.5		10.4		4.0		430.1		800		25.0		88.3
load=88.46
465221	41.5		10.4		4.0		430.4		800		25.0		88.5
load=89.37
465730	41.8		10.4		4.0		433.8		800		25.0		89.4
load=88.21
466239	41.6		10.4		4.0		431.7		800		25.0		88.2
load=89.09
466748	41.2		10.4		4.0		426.8		800		25.0		89.1
load=90.09
467257	41.3		10.4		4.0		428.6		800		25.0		90.1
load=90.97
467766	41.8		10.4		4.0		433.5		800		25.0		91.0
load=91.80
468275	41.9		10.4		4.0		435.0		800		25.0		91.8
load=90.89
468784	41.6		10.4		4.0		431.7		800		25.0		90.9
load=91.72
469293	41.5		10.4		4.0		430.1		800		25.0		91.7
load=90.52
469802	41.4		10.4		4.0		429.2		800		25.0		90.5
load=89.69
470311	41.5		10.4		4.0		429.8		800		25.0		89.7
load=88.70
470820	41.6		10.4		4.0		431.7		800		25.0		88.7
load=88.50
471329	41.6		10.4		4.0		432.0		800		25.0		88.5
load=89.49
471838	41.5		10.4		4.0		430.1		800		25.0		89.5
load=88.58
472347	41.2		10.4		4.0		426.8		800		25.0		88.6
load=87.71
472856	41.8		10.4		4.0		433.2		800		25.0		87.7
load=87.51
473365	41.8		10.4		4.0		433.5		800		25.0		87.5
load=88.42
473874	41.5		10.4		4.0		430.1		800		25.0		88.4
load=88.22
474383	41.5		10.4		4.0		429.8		800		25.0		88.2
load=89.22
474892	41.3		10.4		4.0		428.0		800		25.0		89.2
load=90.14
475401	41.8		10.4		4.0		433.1		800		25.0		90.1
load=91.03
475910	41.9		10.4		4.0		434.7		800		25.0		91.0
load=90.29
476419	41.6		10.4		4.0		432.0		800		25.0		90.3
load=91.28
476928	41.5		10.4		4.0		430.1		800		25.0		91.3
load=90.45
477437	41.3		10.4		4.0		428.6		800		25.0		90.5
load=89.62
477946	41.8		10.4		4.0		433.2		800		25.0		89.6
load=89.42
478455	41.8		10.4		4.0		433.2		800		25.0		89.4
load=90.25
478964	41.5		10.4		4.0		430.1		800		25.0		90.3
load=89.34
479473	41.2		10.4		4.0		426.8		800		25.0		89.3
load=88.43
479982	41.5		10.4		4.0		430.1		800		25.0		88.4
load=87.60
480491	41.6		10.4		4.0		431.7		800		25.0		87.6
load=86.61
481000	41.9		10.4		4.0		435.3		800		25.0		86.6