tiempo[ms]V_Panel[V]	I_Panel[A]	R_Carga[Ohms]	P_Panel[W]	G[W/m2]	T[°C]	Load[%]							
load=51.0													
539	41.32		10.37		4.0		428.3		800		25.0		51.0
load=51.0													
2039	41.32		10.37		4.0		428.3		800		25.0		51.0
load=51.0													
2548	41.32		10.37		4.0		428.3		800		25.0		51.0
load=51.0													
3057	41.32		10.37		4.0		428.3		800		25.0		51.0
load=51.0													
3566	41.32		10.37		4.0		428.3		800		25.0		51.0
load=51.0													
4075	41.32		10.37		4.0		428.3		800		25.0		51.0
load=51.0													
4584	41.32		10.37		4.0		428.3		800		25.0		51.0
load=51.0													
5093	41.32		10.37		4.0		428.3		800		25.0		51.0
load=51.0													
5602	41.32		10.37		4.0		428.3		800		25.0		51.0
load=51.0													
6111	41.32		10.37		4.0		428.3		800		25.0		51.0
load=51.0													
6620	41.32		10.37		4.0		428.3		800		25.0		51.0
load=51.0													
7129	41.32		10.37		4.0		428.3		800		25.0		51.0
load=51.0													
7638	41.32		10.37		4.0		428.3		800		25.0		51.0
load=51.0													
8147	41.32		10.37		4.0		428.3		800		25.0		51.0
load=51.0													
8656	41.32		10.37		4.0		428.3		800		25.0		51.0
load=51.0													
9165	41.32		10.37		4.0		428.3		800		25.0		51.0
load=51.0													
9674	41.32		10.37		4.0		428.3		800		25.0		51.0
load=51.0													
10183	41.32		10.37		4.0		428.3		800		25.0		51.0
load=51.0													
10692	41.32		10.37		4.0		428.3		800		25.0		51.0
load=51.0													
11201	41.32		10.37		4.0		428.3		800		25.0		51.0
load=51.0													
11710	41.32		10.37		4.0		428.3		800		25.0		51.0
load=51.0													
12219	41.32		10.37		4.0		428.3		800		25.0		51.0
load=51.0													
12728	41.32		10.37		4.0		428.3		800		25.0		51.0
load=51.0													
13237	41.32		10.37		4.0		428.3		800		25.0		51.0
load=51.0													
13746	41.32		10.37		4.0		428.3		800		25.0		51.0
load=51.0													
14255	41.32		10.37		4.0		428.3		800		25.0		51.0
load=51.0													
14764	41.32		10.37		4.0		428.3		800		25.0		51.0
load=51.0													
15273	41.32		10.37		4.0		428.3		800		25.0		51.0
load=51.0													
15782	41.32		10.37		4.0		428.3		800		25.0		51.0
load=51.0													
16291	41.32		10.37		4.0		428.3		800		25.0		51.0
load=51.0													
16800	41.32		10.37		4.0		428.3		800		25.0		51.0
load=51.0													
17309	41.32		10.37		4.0		428.3		800		25.0		51.0
load=51.0													
17818	41.32		10.37		4.0		428.3		800		25.0		51.0
load=51.0													
18327	41.32		10.37		4.0		428.3		800		25.0		51.0
load=51.0													
18836	41.32		10.37		4.0		428.3		800		25.0		51.0
load=51.0													
19345	41.32		10.37		4.0		428.3		800		25.0		51.0
load=51.0													
19854	41.32		10.37		4.0		428.3		800		25.0		51.0
load=51.0													
20363	41.32		10.37		4.0		428.3		800		25.0		51.0
load=51.0													
20872	41.32		10.37		4.0		428.3		800		25.0		51.0
load=51.0													
21381	41.32		10.37		4.0		428.3		800		25.0		51.0
load=51.0													
21890	41.32		10.37		4.0		428.3		800		25.0		51.0
load=51.0													
22399	41.32		10.37		4.0		428.3		800		25.0		51.0
load=51.0													
22908	41.32		10.37		4.0		428.3		800		25.0		51.0
load=51.0													
23417	41.32		10.37		4.0		428.3		800		25.0		51.0
load=51.0													
23926	41.32		10.37		4.0		428.3		800		25.0		51.0
load=51.0													
24435	41.32		10.37		4.0		428.3		800		25.0		51.0
load=51.0													
24944	41.32		10.37		4.0		428.3		800		25.0		51.0
load=51.0													
25453	41.32		10.37		4.0		428.3		800		25.0		51.0
load=51.0													
25962	41.32		10.37		4.0		428.3		800		25.0		51.0
load=51.0													
26471	41.32		10.37		4.0		428.3		800		25.0		51.0
load=51.0													
26980	41.32		10.37		4.0		428.3		800		25.0		51.0
load=51.0													
27489	41.32		10.37		4.0		428.3		800		25.0		51.0
load=51.0													
27998	41.32		10.37		4.0		428.3		800		25.0		51.0
load=51.0													
28507	41.32		10.37		4.0		428.3		800		25.0		51.0
load=51.0													
29016	41.32		10.37		4.0		428.3		800		25.0		51.0
load=51.0													
29525	41.32		10.37		4.0		428.3		800		25.0		51.0
load=51.0													
30034	41.32		10.37		4.0		428.3		800		25.0		51.0
load=51.0													
30543	41.32		10.37		4.0		428.3		800		25.0		51.0
load=51.0													
31052	41.32		10.37		4.0		428.3		800		25.0		51.0
load=51.0													
31561	41.32		10.37		4.0		428.3		800		25.0		51.0
load=51.0													
32070	41.32		10.37		4.0		428.3		800		25.0		51.0
load=51.0													
32579	41.32		10.37		4.0		428.3		800		25.0		51.0
load=51.0													
33088	41.32		10.37		4.0		428.3		800		25.0		51.0
load=51.0													
33597	41.32		10.37		4.0		428.3		800		25.0		51.0
load=51.0													
34106	41.32		10.37		4.0		428.3		800		25.0		51.0
load=51.0													
34615	41.32		10.37		4.0		428.3		800		25.0		51.0
load=51.0													
35124	41.32		10.37		4.0		428.3		800		25.0		51.0
load=51.0													
35633	41.32		10.37		4.0		428.3		800		25.0		51.0
load=51.0													
36142	41.32		10.37		4.0		428.3		800		25.0		51.0
load=51.0													
36651	41.32		10.37		4.0		428.3		800		25.0		51.0
load=51.0													
37160	41.32		10.37		4.0		428.3		800		25.0		51.0
load=51.0													
37669	41.32		10.37		4.0		428.3		800		25.0		51.0
load=51.0													
38178	41.32		10.37		4.0		428.3		800		25.0		51.0
load=51.0													
38687	41.32		10.37		4.0		428.3		800		25.0		51.0
load=51.0													
39196	41.32		10.37		4.0		428.3		800		25.0		51.0
load=51.0													
39705	41.32		10.37		4.0		428.3		800		25.0		51.0
load=51.0													
40214	41.32		10.37		4.0		428.3		800		25.0		51.0
load=51.0													
40723	41.32		10.37		4.0		428.3		800		25.0		51.0
load=51.0													
41232	41.32		10.37		4.0		428.3		800		25.0		51.0
load=51.0													
41741	41.32		10.37		4.0		428.3		800		25.0		51.0
load=51.0													
42250	41.32		10.37		4.0		428.3		800		25.0		51.0
load=51.0													
42759	41.32		10.37		4.0		428.3		800		25.0		51.0
load=51.0													
43268	41.32		10.37		4.0		428.3		800		25.0		51.0
load=51.0													
43777	41.32		10.37		4.0		428.3		800		25.0		51.0
load=51.0													
44286	41.32		10.37		4.0		428.3		800		25.0		51.0
load=51.0													
44795	41.32		10.37		4.0		428.3		800		25.0		51.0
load=51.0													
45304	41.32		10.37		4.0		428.3		800		25.0		51.0
load=51.0													
45813	41.32		10.37		4.0		428.3		800		25.0		51.0
load=51.0													
46322	41.32		10.37		4.0		428.3		800		25.0		51.0
load=51.0													
46831	41.32		10.37		4.0		428.3		800		25.0		51.0
load=51.0													
47340	41.32		10.37		4.0		428.3		800		25.0		51.0
load=51.0													
47849	41.32		10.37		4.0		428.3		800		25.0		51.0
load=51.0													
48358	41.32		10.37		4.0		428.3		800		25.0		51.0
load=51.0													
48867	41.32		10.37		4.0		428.3		800		25.0		51.0
load=51.0													
49376	41.32		10.37		4.0		428.3		800		25.0		51.0
load=51.0													
49885	41.32		10.37		4.0		428.3		800		25.0		51.0
load=51.0													
50394	41.32		10.37		4.0		428.3		800		25.0		51.0
load=51.0													
50903	41.32		10.37		4.0		428.3		800		25.0		51.0
load=51.0													
51412	41.32		10.37		4.0		428.3		800		25.0		51.0
load=51.0													
51921	41.32		10.37		4.0		428.3		800		25.0		51.0
load=51.0													
52430	41.32		10.37		4.0		428.3		800		25.0		51.0
load=51.0													
52939	41.32		10.37		4.0		428.3		800		25.0		51.0
load=51.0													
53448	41.32		10.37		4.0		428.3		800		25.0		51.0
load=51.0													
53957	41.32		10.37		4.0		428.3		800		25.0		51.0
load=51.0													
54466	41.32		10.37		4.0		428.3		800		25.0		51.0
load=51.0													
54975	41.32		10.37		4.0		428.3		800		25.0		51.0
load=51.0													
55484	41.32		10.37		4.0		428.3		800		25.0		51.0
load=51.0													
55993	41.32		10.37		4.0		428.3		800		25.0		51.0
load=51.0													
56502	41.32		10.37		4.0		428.3		800		25.0		51.0
load=51.0													
57011	41.32		10.37		4.0		428.3		800		25.0		51.0
load=51.0													
57520	41.32		10.37		4.0		428.3		800		25.0		51.0
load=51.0													
58029	41.32		10.37		4.0		428.3		800		25.0		51.0
load=51.0													
58538	41.32		10.37		4.0		428.3		800		25.0		51.0
load=51.0													
59047	41.32		10.37		4.0		428.3		800		25.0		51.0
load=51.0													
59556	41.32		10.37		4.0		428.3		800		25.0		51.0
load=51.0													
60065	41.32		10.37		4.0		428.3		800		25.0		51.0
load=51.0													
60574	41.32		10.37		4.0		428.3		800		25.0		51.0
load=51.0													
61083	41.32		10.37		4.0		428.3		800		25.0		51.0
load=51.0													
61592	41.32		10.37		4.0		428.3		800		25.0		51.0
load=51.0													
62101	41.32		10.37		4.0		428.3		800		25.0		51.0
load=51.0													
62610	41.32		10.37		4.0		428.3		800		25.0		51.0
load=51.0													
63119	41.32		10.37		4.0		428.3		800		25.0		51.0
load=51.0													
63628	41.32		10.37		4.0		428.3		800		25.0		51.0
load=51.0													
64137	41.32		10.37		4.0		428.3		800		25.0		51.0
load=51.0													
64646	41.32		10.37		4.0		428.3		800		25.0		51.0
load=51.0													
65155	41.32		10.37		4.0		428.3		800		25.0		51.0
load=51.0													
65664	41.32		10.37		4.0		428.3		800		25.0		51.0
load=51.0													
66173	41.32		10.37		4.0		428.3		800		25.0		51.0
load=51.0													
66682	41.32		10.37		4.0		428.3		800		25.0		51.0
load=51.0													
67191	41.32		10.37		4.0		428.3		800		25.0		51.0
load=51.0													
67700	41.32		10.37		4.0		428.3		800		25.0		51.0
load=51.0													
68209	41.32		10.37		4.0		428.3		800		25.0		51.0
load=51.0													
68718	41.32		10.37		4.0		428.3		800		25.0		51.0
load=51.0													
69227	41.32		10.37		4.0		428.3		800		25.0		51.0
load=51.0													
69736	41.32		10.37		4.0		428.3		800		25.0		51.0
load=51.0													
70245	41.32		10.37		4.0		428.3		800		25.0		51.0
load=51.0													
70754	41.32		10.37		4.0		428.3		800		25.0		51.0
load=51.0													
71263	41.32		10.37		4.0		428.3		800		25.0		51.0
load=51.0													
71772	41.32		10.37		4.0		428.3		800		25.0		51.0
load=51.0													
72281	41.32		10.37		4.0		428.3		800		25.0		51.0
load=51.0													
72790	41.32		10.37		4.0		428.3		800		25.0		51.0
load=51.0													
73299	41.32		10.37		4.0		428.3		800		25.0		51.0
load=51.0													
73808	41.32		10.37		4.0		428.3		800		25.0		51.0
load=51.0													
74317	41.32		10.37		4.0		428.3		800		25.0		51.0
load=51.0													
74826	41.32		10.37		4.0		428.3		800		25.0		51.0
load=51.0													
75335	41.32		10.37		4.0		428.3		800		25.0		51.0
load=51.0													
75844	41.32		10.37		4.0		428.3		800		25.0		51.0
load=51.0													
76353	41.32		10.37		4.0		428.3		800		25.0		51.0
load=51.0													
76862	41.32		10.37		4.0		428.3		800		25.0		51.0
load=51.0													
77371	41.32		10.37		4.0		428.3		800		25.0		51.0
load=51.0													
77880	41.32		10.37		4.0		428.3		800		25.0		51.0
load=51.0													
78389	41.32		10.37		4.0		428.3		800		25.0		51.0
load=51.0													
78898	41.32		10.37		4.0		428.3		800		25.0		51.0
load=51.0													
79407	41.32		10.37		4.0		428.3		800		25.0		51.0
load=51.0													
79916	41.32		10.37		4.0		428.3		800		25.0		51.0
load=51.0													
80425	41.32		10.37		4.0		428.3		800		25.0		51.0
load=51.0													
80934	41.32		10.37		4.0		428.3		800		25.0		51.0
load=51.0													
81443	41.32		10.37		4.0		428.3		800		25.0		51.0
load=51.0													
81952	41.32		10.37		4.0		428.3		800		25.0		51.0
load=51.0													
82461	41.32		10.37		4.0		428.3		800		25.0		51.0
load=51.0													
82970	41.32		10.37		4.0		428.3		800		25.0		51.0
load=51.0													
83479	41.32		10.37		4.0		428.3		800		25.0		51.0
load=51.0													
83988	41.32		10.37		4.0		428.3		800		25.0		51.0
load=51.0													
84497	41.32		10.37		4.0		428.3		800		25.0		51.0
load=51.0													
85006	41.32		10.37		4.0		428.3		800		25.0		51.0
load=51.0													
85515	41.32		10.37		4.0		428.3		800		25.0		51.0
load=51.0													
86024	41.32		10.37		4.0		428.3		800		25.0		51.0
load=51.0													
86533	41.32		10.37		4.0		428.3		800		25.0		51.0
load=51.0													
87042	41.32		10.37		4.0		428.3		800		25.0		51.0
load=51.0													
87551	41.32		10.37		4.0		428.3		800		25.0		51.0
load=51.0													
88060	41.32		10.37		4.0		428.3		800		25.0		51.0
load=51.0													
88569	41.32		10.37		4.0		428.3		800		25.0		51.0
load=51.0													
89078	41.32		10.37		4.0		428.3		800		25.0		51.0
load=51.0													
89587	41.32		10.37		4.0		428.3		800		25.0		51.0
load=51.0													
90096	41.32		10.37		4.0		428.3		800		25.0		51.0
load=51.0													
90605	41.32		10.37		4.0		428.3		800		25.0		51.0
load=51.0													
91114	41.32		10.37		4.0		428.3		800		25.0		51.0
load=51.0													
91623	41.32		10.37		4.0		428.3		800		25.0		51.0
load=51.0													
92132	41.32		10.37		4.0		428.3		800		25.0		51.0
load=51.0													
92641	41.32		10.37		4.0		428.3		800		25.0		51.0
load=51.0													
93150	41.32		10.37		4.0		428.3		800		25.0		51.0
load=51.0													
93659	41.32		10.37		4.0		428.3		800		25.0		51.0
load=51.0													
94168	41.32		10.37		4.0		428.3		800		25.0		51.0
load=51.0													
94677	41.32		10.37		4.0		428.3		800		25.0		51.0
load=51.0													
95186	41.32		10.37		4.0		428.3		800		25.0		51.0
load=51.0													
95695	41.32		10.37		4.0		428.3		800		25.0		51.0
load=51.0													
96204	41.32		10.37		4.0		428.3		800		25.0		51.0
load=51.0													
96713	41.32		10.37		4.0		428.3		800		25.0		51.0
load=51.0													
97222	41.32		10.37		4.0		428.3		800		25.0		51.0
load=51.0													
97731	41.32		10.37		4.0		428.3		800		25.0		51.0
load=51.0													
98240	41.32		10.37		4.0		428.3		800		25.0		51.0
load=51.0													
98749	41.32		10.37		4.0		428.3		800		25.0		51.0
load=51.0													
99258	41.32		10.37		4.0		428.3		800		25.0		51.0
load=51.0													
99767	41.32		10.37		4.0		428.3		800		25.0		51.0
load=51.0													
100276	41.32		10.37		4.0		428.3		800		25.0		51.0
load=51.0													
100785	41.32		10.37		4.0		428.3		800		25.0		51.0
load=51.0													
101294	41.32		10.37		4.0		428.3		800		25.0		51.0
load=51.0													
101803	41.32		10.37		4.0		428.3		800		25.0		51.0
load=51.0													
102312	41.32		10.37		4.0		428.3		800		25.0		51.0
load=51.0													
102821	41.32		10.37		4.0		428.3		800		25.0		51.0
load=50.0													
103330	41.32		10.21		4.0		422.0		788		25.0		50.0
load=50.0													
103839	41.32		10.21		4.0		422.0		788		25.0		50.0
load=50.0													
104348	41.32		10.21		4.0		422.0		788		25.0		50.0
load=50.0													
104857	41.32		10.24		4.0		423.2		790		25.0		50.0
load=51.0													
105366	41.32		10.29		4.0		425.3		794		25.0		51.0
load=51.0													
105875	41.32		10.33		4.0		426.8		797		25.0		51.0
load=51.0													
106384	41.32		10.34		4.0		427.4		798		25.0		51.0
load=51.0													
106893	41.32		10.34		4.0		427.4		798		25.0		51.0
load=51.0													
107402	41.32		10.34		4.0		427.4		798		25.0		51.0
load=51.0													
107911	41.32		10.36		4.0		428.0		799		25.0		51.0
load=51.0													
108420	41.32		10.36		4.0		428.0		799		25.0		51.0
load=51.0													
108929	41.32		10.36		4.0		428.0		799		25.0		51.0
load=51.0													
109438	41.32		10.36		4.0		428.0		799		25.0		51.0
load=51.0													
109947	41.32		10.37		4.0		428.3		800		25.0		51.0
load=51.0													
110456	41.32		10.37		4.0		428.3		800		25.0		51.0
load=51.0													
110965	41.32		10.37		4.0		428.3		800		25.0		51.0
load=51.0													
111474	41.32		10.37		4.0		428.3		800		25.0		51.0
load=51.0													
111983	41.32		10.37		4.0		428.3		800		25.0		51.0
load=51.0													
112492	41.32		10.37		4.0		428.3		800		25.0		51.0
load=51.0													
113001	41.32		10.37		4.0		428.3		800		25.0		51.0
load=51.0													
113510	41.32		10.37		4.0		428.3		800		25.0		51.0
load=51.0													
114019	41.32		10.37		4.0		428.3		800		25.0		51.0
load=51.0													
114528	41.32		10.37		4.0		428.3		800		25.0		51.0
load=51.0													
115037	41.32		10.37		4.0		428.3		800		25.0		51.0
load=51.0													
115546	41.32		10.37		4.0		428.3		800		25.0		51.0
load=51.0													
116055	41.32		10.37		4.0		428.3		800		25.0		51.0
load=51.0													
116564	41.32		10.37		4.0		428.3		800		25.0		51.0
load=51.0													
117073	41.32		10.37		4.0		428.3		800		25.0		51.0
load=51.0													
117582	41.32		10.37		4.0		428.3		800		25.0		51.0
load=51.0													
118091	41.32		10.37		4.0		428.3		800		25.0		51.0
load=51.0													
118600	41.32		10.37		4.0		428.3		800		25.0		51.0
load=51.0													
119109	41.32		10.37		4.0		428.3		800		25.0		51.0
load=51.0													
119618	41.32		10.37		4.0		428.3		800		25.0		51.0
load=51.0													
120127	41.32		10.37		4.0		428.3		800		25.0		51.0
load=51.0													
120636	41.32		10.36		4.0		428.0		799		25.0		51.0
load=51.0													
121145	41.32		10.36		4.0		428.0		799		25.0		51.0
load=50.0													
121654	41.32		10.16		4.1		419.8		784		25.0		50.0
load=49.0													
122163	41.32		9.96		4.1		411.7		769		25.0		49.0
load=48.0													
122672	41.32		9.79		4.2		404.4		755		25.0		48.0
load=47.0													
123181	41.32		9.59		4.3		396.2		740		25.0		47.0
load=46.0													
123690	41.32		9.41		4.4		388.7		726		25.0		46.0
load=45.0													
124199	41.32		9.22		4.5		380.8		711		25.0		45.0
load=44.0													
124708	41.32		9.01		4.6		372.3		695		25.0		44.0
load=43.0													
125217	41.32		8.83		4.7		364.8		681		25.0		43.0
load=42.0													
125726	41.32		8.63		4.8		356.6		666		25.0		42.0
load=41.0													
126235	41.32		8.45		4.9		349.0		652		25.0		41.0
load=40.0													
126744	41.32		8.26		5.0		341.1		637		25.0		40.0
load=39.0													
127253	41.32		8.07		5.1		333.4		622		25.0		39.0
load=38.0													
127762	41.32		7.87		5.3		325.1		607		25.0		38.0
load=37.0													
128271	41.32		7.68		5.4		317.5		593		25.0		37.0
load=36.0													
128780	41.32		7.49		5.5		309.7		578		25.0		36.0
load=35.0													
129289	41.32		7.30		5.7		301.5		563		25.0		35.0
load=34.0													
129798	41.32		7.11		5.8		293.9		549		25.0		34.0
load=33.0													
130307	41.32		6.91		6.0		285.4		533		25.0		33.0
load=32.0													
130816	41.32		6.73		6.1		277.9		519		25.0		32.0
load=31.0													
131325	41.32		6.53		6.3		270.0		504		25.0		31.0
load=30.0													
131834	41.32		6.35		6.5		262.4		490		25.0		30.0
load=29.0													
132343	41.32		6.15		6.7		254.3		475		25.0		29.0
load=28.0													
132852	41.32		5.98		6.9		247.0		460		25.0		28.0
load=27.0													
133361	41.32		5.77		7.2		238.2		445		25.0		27.0
load=26.0													
133870	41.32		5.58		7.4		230.4		430		25.0		26.0
load=25.0													
134379	41.32		5.52		7.5		228.2		426		25.0		25.0
load=24.0													
134888	41.32		5.43		7.6		224.3		419		25.0		24.0
load=23.0													
135397	41.32		5.25		7.9		216.7		405		25.0		23.0
load=22.0													
135906	41.32		5.14		8.0		212.2		396		25.0		22.0
load=22.0													
136415	41.32		5.14		8.0		212.5		397		25.0		22.0
load=22.0													
136924	41.32		5.19		8.0		214.3		400		25.0		22.0
load=22.0													
137433	41.32		5.19		8.0		214.3		400		25.0		22.0
load=22.0													
137942	41.32		5.19		8.0		214.3		400		25.0		22.0
load=22.0													
138451	41.32		5.19		8.0		214.3		400		25.0		22.0
load=22.0													
138960	41.32		5.19		8.0		214.3		400		25.0		22.0
load=22.0													
139469	41.32		5.19		8.0		214.3		400		25.0		22.0
load=22.0													
139978	41.32		5.19		8.0		214.3		400		25.0		22.0
load=22.0													
140487	41.32		5.19		8.0		214.3		400		25.0		22.0
load=22.0													
140996	41.32		5.19		8.0		214.3		400		25.0		22.0
load=22.0													
141505	41.32		5.19		8.0		214.3		400		25.0		22.0
load=22.0													
142014	41.32		5.19		8.0		214.3		400		25.0		22.0
load=22.0													
142523	41.32		5.19		8.0		214.3		400		25.0		22.0
load=22.0													
143032	41.32		5.19		8.0		214.3		400		25.0		22.0
load=22.0													
143541	41.32		5.19		8.0		214.3		400		25.0		22.0
load=22.0													
144050	41.32		5.19		8.0		214.3		400		25.0		22.0
load=22.0													
144559	41.32		5.19		8.0		214.3		400		25.0		22.0
load=22.0													
145068	41.32		5.19		8.0		214.3		400		25.0		22.0
load=22.0													
145577	41.32		5.19		8.0		214.3		400		25.0		22.0
load=22.0													
146086	41.32		5.19		8.0		214.3		400		25.0		22.0
load=22.0													
146595	41.32		5.19		8.0		214.3		400		25.0		22.0
load=22.0													
147104	41.32		5.19		8.0		214.3		400		25.0		22.0
load=22.0													
147613	41.32		5.19		8.0		214.3		400		25.0		22.0
load=22.0													
148122	41.32		5.19		8.0		214.3		400		25.0		22.0
load=22.0													
148631	41.32		5.19		8.0		214.3		400		25.0		22.0
load=22.0													
149140	41.32		5.19		8.0		214.3		400		25.0		22.0
load=22.0													
149649	41.32		5.19		8.0		214.3		400		25.0		22.0
load=22.0													
150158	41.32		5.19		8.0		214.3		400		25.0		22.0
load=22.0													
150667	41.32		5.19		8.0		214.3		400		25.0		22.0
load=22.0													
151176	41.32		5.19		8.0		214.3		400		25.0		22.0
load=22.0													
151685	41.32		5.19		8.0		214.3		400		25.0		22.0
load=22.0													
152194	41.32		5.19		8.0		214.3		400		25.0		22.0
load=22.0													
152703	41.32		5.19		8.0		214.3		400		25.0		22.0
load=22.0													
153212	41.32		5.19		8.0		214.3		400		25.0		22.0
load=22.0													
153721	41.32		5.19		8.0		214.3		400		25.0		22.0
load=22.0													
154230	41.32		5.19		8.0		214.3		400		25.0		22.0
load=22.0													
154739	41.32		5.19		8.0		214.3		400		25.0		22.0
load=22.0													
155248	41.32		5.19		8.0		214.3		400		25.0		22.0
load=22.0													
155757	41.32		5.19		8.0		214.3		400		25.0		22.0
load=22.0													
156266	41.32		5.19		8.0		214.3		400		25.0		22.0
load=22.0													
156775	41.32		5.19		8.0		214.3		400		25.0		22.0
load=22.0													
157284	41.32		5.19		8.0		214.3		400		25.0		22.0
load=22.0													
157793	41.32		5.19		8.0		214.3		400		25.0		22.0
load=22.0													
158302	41.32		5.19		8.0		214.3		400		25.0		22.0
load=22.0													
158811	41.32		5.19		8.0		214.3		400		25.0		22.0
load=22.0													
159320	41.32		5.19		8.0		214.3		400		25.0		22.0
load=22.0													
159829	41.32		5.19		8.0		214.3		400		25.0		22.0
load=22.0													
160338	41.32		5.19		8.0		214.3		400		25.0		22.0
load=22.0													
160847	41.32		5.19		8.0		214.3		400		25.0		22.0
load=22.0													
161356	41.32		5.19		8.0		214.3		400		25.0		22.0
load=22.0													
161865	41.32		5.19		8.0		214.3		400		25.0		22.0
load=22.0													
162374	41.32		5.19		8.0		214.3		400		25.0		22.0
load=22.0													
162883	41.32		5.19		8.0		214.3		400		25.0		22.0
load=22.0													
163392	41.32		5.19		8.0		214.3		400		25.0		22.0
load=22.0													
163901	41.32		5.19		8.0		214.3		400		25.0		22.0
load=22.0													
164410	41.32		5.19		8.0		214.3		400		25.0		22.0
load=22.0													
164919	41.32		5.19		8.0		214.3		400		25.0		22.0
load=22.0													
165428	41.32		5.19		8.0		214.3		400		25.0		22.0
load=22.0													
165937	41.32		5.19		8.0		214.3		400		25.0		22.0
load=22.0													
166446	41.32		5.19		8.0		214.3		400		25.0		22.0
load=22.0													
166955	41.32		5.19		8.0		214.3		400		25.0		22.0
load=22.0													
167464	41.32		5.19		8.0		214.3		400		25.0		22.0
load=22.0													
167973	41.32		5.19		8.0		214.3		400		25.0		22.0
load=22.0													
168482	41.32		5.19		8.0		214.3		400		25.0		22.0
load=22.0													
168991	41.32		5.19		8.0		214.3		400		25.0		22.0
load=22.0													
169500	41.32		5.19		8.0		214.3		400		25.0		22.0
load=22.0													
170009	41.32		5.19		8.0		214.3		400		25.0		22.0
load=22.0													
170518	41.32		5.19		8.0		214.3		400		25.0		22.0
load=22.0													
171027	41.32		5.19		8.0		214.6		401		25.0		22.0
load=23.0													
171536	41.32		5.36		7.7		221.6		414		25.0		23.0
load=24.0													
172045	41.32		5.56		7.4		229.8		429		25.0		24.0
load=25.0													
172554	41.32		5.75		7.2		237.6		444		25.0		25.0
load=26.0													
173063	41.32		5.95		6.9		245.8		459		25.0		26.0
load=27.0													
173572	41.32		6.13		6.7		253.4		473		25.0		27.0
load=28.0													
174081	41.32		6.32		6.5		261.2		488		25.0		28.0
load=29.0													
174590	41.32		6.51		6.4		268.8		502		25.0		29.0
load=30.0													
175099	41.32		6.70		6.2		277.0		517		25.0		30.0
load=31.0													
175608	41.32		6.89		6.0		284.8		532		25.0		31.0
load=32.0													
176117	41.32		7.09		5.8		293.0		547		25.0		32.0
load=33.0													
176626	41.32		7.28		5.7		300.9		562		25.0		33.0
load=34.0													
177135	41.32		7.47		5.5		308.5		576		25.0		34.0
load=35.0													
177644	41.32		7.66		5.4		316.6		591		25.0		35.0
load=36.0													
178153	41.32		7.84		5.3		324.1		606		25.0		36.0
load=37.0													
178662	41.32		8.05		5.1		332.7		621		25.0		37.0
load=38.0													
179171	41.32		8.23		5.0		339.9		635		25.0		38.0
load=39.0													
179680	41.32		8.42		4.9		348.1		650		25.0		39.0
load=40.0													
180189	41.32		8.61		4.8		355.7		664		25.0		40.0
load=41.0													
180698	41.32		8.80		4.7		363.5		679		25.0		41.0
load=42.0													
181207	41.32		9.01		4.6		372.3		695		25.0		42.0
load=43.0													
181716	41.32		9.19		4.5		379.6		709		25.0		43.0
load=44.0													
182225	41.32		9.38		4.4		387.8		724		25.0		44.0
load=45.0													
182734	41.32		9.57		4.3		395.3		738		25.0		45.0
load=46.0													
183243	41.32		9.76		4.2		403.2		753		25.0		46.0
load=47.0													
183752	41.32		9.94		4.2		410.8		768		25.0		47.0
load=48.0													
184261	41.32		10.15		4.1		419.2		783		25.0		48.0
load=49.0													
184770	41.32		10.33		4.0		426.8		797		25.0		49.0
load=49.0													
185279	41.32		10.37		4.0		428.3		800		25.0		49.0
load=49.0													
185788	41.32		10.37		4.0		428.3		800		25.0		49.0
load=49.0													
186297	41.32		10.37		4.0		428.3		800		25.0		49.0
load=49.0													
186806	41.32		10.37		4.0		428.3		800		25.0		49.0
load=49.0													
187315	41.32		10.37		4.0		428.3		800		25.0		49.0
load=49.0													
187824	41.32		10.37		4.0		428.3		800		25.0		49.0
load=49.0													
188333	41.32		10.37		4.0		428.3		800		25.0		49.0
load=49.0													
188842	41.32		10.37		4.0		428.3		800		25.0		49.0
load=49.0													
189351	41.32		10.37		4.0		428.3		800		25.0		49.0
load=49.0													
189860	41.32		10.37		4.0		428.3		800		25.0		49.0
load=49.0													
190369	41.32		10.37		4.0		428.3		800		25.0		49.0
load=49.0													
190878	41.32		10.37		4.0		428.3		800		25.0		49.0
load=49.0													
191387	41.32		10.37		4.0		428.3		800		25.0		49.0
load=49.0													
191896	41.32		10.37		4.0		428.3		800		25.0		49.0
load=49.0													
192405	41.32		10.37		4.0		428.3		800		25.0		49.0
load=49.0													
192914	41.32		10.37		4.0		428.3		800		25.0		49.0
load=49.0													
193423	41.32		10.37		4.0		428.3		800		25.0		49.0
load=49.0													
193932	41.32		10.37		4.0		428.3		800		25.0		49.0
load=49.0													
194441	41.32		10.37		4.0		428.3		800		25.0		49.0
load=49.0													
194950	41.32		10.37		4.0		428.3		800		25.0		49.0
load=49.0													
195459	41.32		10.37		4.0		428.3		800		25.0		49.0
load=49.0													
195968	41.32		10.37		4.0		428.3		800		25.0		49.0
load=49.0													
196477	41.32		10.37		4.0		428.3		800		25.0		49.0
load=49.0													
196986	41.32		10.37		4.0		428.3		800		25.0		49.0
load=49.0													
197495	41.32		10.37		4.0		428.3		800		25.0		49.0
load=49.0													
198004	41.32		10.37		4.0		428.3		800		25.0		49.0
load=49.0													
198513	41.32		10.37		4.0		428.3		800		25.0		49.0
load=49.0													
199022	41.32		10.37		4.0		428.3		800		25.0		49.0
load=49.0													
199531	41.32		10.37		4.0		428.3		800		25.0		49.0
load=49.0													
200040	41.32		10.37		4.0		428.3		800		25.0		49.0
load=49.0													
200549	41.32		10.37		4.0		428.3		800		25.0		49.0
load=49.0													
201058	41.32		10.37		4.0		428.3		800		25.0		49.0
load=49.0													
201567	41.32		10.37		4.0		428.3		800		25.0		49.0
load=49.0													
202076	41.32		10.37		4.0		428.3		800		25.0		49.0
load=49.0													
202585	41.32		10.37		4.0		428.3		800		25.0		49.0
load=49.0													
203094	41.32		10.37		4.0		428.3		800		25.0		49.0
load=49.0													
203603	41.32		10.37		4.0		428.3		800		25.0		49.0
load=49.0													
204112	41.32		10.37		4.0		428.3		800		25.0		49.0
load=49.0													
204621	41.32		10.37		4.0		428.3		800		25.0		49.0
load=49.0													
205130	41.32		10.37		4.0		428.3		800		25.0		49.0
load=49.0													
205639	41.32		10.37		4.0		428.3		800		25.0		49.0
load=49.0													
206148	41.32		10.37		4.0		428.3		800		25.0		49.0
load=49.0													
206657	41.32		10.37		4.0		428.3		800		25.0		49.0
load=49.0													
207166	41.32		10.37		4.0		428.3		800		25.0		49.0
load=49.0													
207675	41.32		10.37		4.0		428.3		800		25.0		49.0
load=49.0													
208184	41.32		10.37		4.0		428.3		800		25.0		49.0
load=49.0													
208693	41.32		10.37		4.0		428.3		800		25.0		49.0
load=49.0													
209202	41.32		10.37		4.0		428.3		800		25.0		49.0
load=49.0													
209711	41.32		10.37		4.0		428.3		800		25.0		49.0
load=49.0													
210220	41.32		10.37		4.0		428.3		800		25.0		49.0
load=49.0													
210729	41.32		10.37		4.0		428.3		800		25.0		49.0
load=49.0													
211238	41.32		10.37		4.0		428.3		800		25.0		49.0
load=48.0													
211747	41.32		10.21		4.0		422.0		788		25.0		48.0
load=48.0													
212256	41.32		10.21		4.0		422.0		788		25.0		48.0
load=48.0													
212765	41.32		10.21		4.0		422.0		788		25.0		48.0
load=48.0													
213274	41.32		10.21		4.0		422.0		788		25.0		48.0
load=48.0													
213783	41.32		10.21		4.0		422.0		788		25.0		48.0
load=48.0													
214292	41.32		10.24		4.0		423.2		790		25.0		48.0
load=48.0													
214801	41.32		10.28		4.0		424.7		793		25.0		48.0
load=48.0													
215310	41.32		10.32		4.0		426.2		796		25.0		48.0
load=48.0													
215819	41.32		10.34		4.0		427.4		798		25.0		48.0
load=48.0													
216328	41.32		10.36		4.0		428.0		799		25.0		48.0
load=48.0													
216837	41.32		10.37		4.0		428.3		800		25.0		48.0
load=48.0													
217346	41.32		10.37		4.0		428.3		800		25.0		48.0
load=48.0													
217855	41.32		10.37		4.0		428.3		800		25.0		48.0
load=48.0													
218364	41.32		10.37		4.0		428.3		800		25.0		48.0
load=48.0													
218873	41.32		10.37		4.0		428.3		800		25.0		48.0
load=48.0													
219382	41.32		10.37		4.0		428.3		800		25.0		48.0
load=48.0													
219891	41.32		10.37		4.0		428.3		800		25.0		48.0
load=48.0													
220400	41.32		10.37		4.0		428.3		800		25.0		48.0
load=48.0													
220909	41.32		10.36		4.0		428.0		799		25.0		48.0
load=47.0													
221418	41.32		10.26		4.0		424.1		792		25.0		47.0
load=46.0													
221927	41.32		10.08		4.1		416.5		778		25.0		46.0
load=45.0													
222436	41.32		9.89		4.2		408.6		763		25.0		45.0
load=44.0													
222945	41.32		9.71		4.3		401.1		749		25.0		44.0
load=43.0													
223454	41.32		9.49		4.4		392.0		732		25.0		43.0
load=42.0													
223963	41.32		9.30		4.4		384.4		718		25.0		42.0
load=41.0													
224472	41.32		9.12		4.5		376.9		704		25.0		41.0
load=40.0													
224981	41.32		8.93		4.6		369.0		689		25.0		40.0
load=39.0													
225490	41.32		8.75		4.7		361.4		675		25.0		39.0
load=38.0													
225999	41.32		8.56		4.8		353.6		660		25.0		38.0
load=37.0													
226508	41.32		8.34		5.0		344.8		644		25.0		37.0
load=36.0													
227017	41.32		8.15		5.1		336.9		629		25.0		36.0
load=35.0													
227526	41.32		7.99		5.2		329.9		616		25.0		35.0
load=34.0													
228035	41.32		7.79		5.3		321.8		601		25.0		34.0
load=33.0													
228544	41.32		7.60		5.4		313.9		586		25.0		33.0
load=32.0													
229053	41.32		7.41		5.6		306.0		570		25.0		32.0
load=31.0													
229562	41.32		7.19		5.7		297.3		555		25.0		31.0
load=30.0													
230071	41.32		7.01		5.9		289.7		541		25.0		30.0
load=29.0													
230580	41.32		6.83		6.1		282.1		527		25.0		29.0
load=28.0													
231089	41.32		6.65		6.2		274.9		513		25.0		28.0
load=27.0													
231598	41.32		6.45		6.4		266.7		498		25.0		27.0
load=26.0													
232107	41.32		6.25		6.6		258.2		482		25.0		26.0
load=25.0													
232616	41.32		6.05		6.8		250.0		467		25.0		25.0
load=24.0													
233125	41.32		5.86		7.1		242.2		452		25.0		24.0
load=23.0													
233634	41.32		5.68		7.3		234.6		438		25.0		23.0
load=22.0													
234143	41.32		5.49		7.5		227.0		424		25.0		22.0
load=21.0													
234652	41.32		5.30		7.8		219.2		408		25.0		21.0
load=20.0													
235161	41.32		5.09		8.1		210.4		393		25.0		20.0
load=19.0													
235670	41.32		4.91		8.4		202.8		379		25.0		19.0
load=18.0													
236179	41.32		4.72		8.8		194.9		364		25.0		18.0
load=17.0													
236688	41.32		4.53		9.1		187.4		350		25.0		17.0
load=16.0													
237197	41.32		4.34		9.5		179.5		335		25.0		16.0
load=15.0													
237706	41.32		4.16		9.9		171.9		321		25.0		15.0
load=15.0													
238215	41.32		4.13		10.0		170.7		319		25.0		15.0
load=15.0													
238724	41.32		4.10		10.1		169.2		316		25.0		15.0
load=15.0													
239233	41.32		4.07		10.1		168.3		314		25.0		15.0
load=15.0													
239742	41.32		4.03		10.3		166.5		311		25.0		15.0
load=15.0													
240251	41.32		4.01		10.3		165.6		309		25.0		15.0
load=15.0													
240760	41.32		3.99		10.3		165.0		308		25.0		15.0
load=15.0													
241269	41.32		3.98		10.4		164.4		307		25.0		15.0
load=15.0													
241778	41.32		3.96		10.4		163.8		306		25.0		15.0
load=15.0													
242287	41.32		3.94		10.5		162.9		304		25.0		15.0
load=15.0													
242796	41.32		3.93		10.5		162.2		303		25.0		15.0
load=15.0													
243305	41.32		3.89		10.6		160.7		300		25.0		15.0
load=15.0													
243814	41.32		3.89		10.6		160.7		300		25.0		15.0
load=15.0													
244323	41.32		3.89		10.6		160.7		300		25.0		15.0
load=15.0													
244832	41.32		3.89		10.6		160.7		300		25.0		15.0
load=15.0													
245341	41.32		3.89		10.6		160.7		300		25.0		15.0
load=15.0													
245850	41.32		3.89		10.6		160.7		300		25.0		15.0
load=15.0													
246359	41.32		3.89		10.6		160.7		300		25.0		15.0
load=15.0													
246868	41.32		3.89		10.6		160.7		300		25.0		15.0
load=15.0													
247377	41.32		3.89		10.6		160.7		300		25.0		15.0
load=15.0													
247886	41.32		3.89		10.6		160.7		300		25.0		15.0
load=15.0													
248395	41.32		3.89		10.6		160.7		300		25.0		15.0
load=15.0													
248904	41.32		3.89		10.6		160.7		300		25.0		15.0
load=15.0													
249413	41.32		3.89		10.6		160.7		300		25.0		15.0
load=15.0													
249922	41.32		3.89		10.6		160.7		300		25.0		15.0
load=15.0													
250431	41.32		3.89		10.6		160.7		300		25.0		15.0
load=15.0													
250940	41.32		3.89		10.6		160.7		300		25.0		15.0
load=15.0													
251449	41.32		3.89		10.6		160.7		300		25.0		15.0
load=15.0													
251958	41.32		3.89		10.6		160.7		300		25.0		15.0
load=15.0													
252467	41.32		3.89		10.6		160.7		300		25.0		15.0
load=15.0													
252976	41.32		3.89		10.6		160.7		300		25.0		15.0
load=15.0													
253485	41.32		3.89		10.6		160.7		300		25.0		15.0
load=15.0													
253994	41.32		3.89		10.6		160.7		300		25.0		15.0
load=15.0													
254503	41.32		3.89		10.6		160.7		300		25.0		15.0
load=15.0													
255012	41.32		3.89		10.6		160.7		300		25.0		15.0
load=15.0													
255521	41.32		3.89		10.6		160.7		300		25.0		15.0
load=15.0													
256030	41.32		3.89		10.6		160.7		300		25.0		15.0
load=15.0													
256539	41.32		3.89		10.6		160.7		300		25.0		15.0
load=15.0													
257048	41.32		3.89		10.6		160.7		300		25.0		15.0
load=15.0													
257557	41.32		3.89		10.6		160.7		300		25.0		15.0
load=15.0													
258066	41.32		3.89		10.6		160.7		300		25.0		15.0
load=15.0													
258575	41.32		3.89		10.6		160.7		300		25.0		15.0
load=15.0													
259084	41.32		3.89		10.6		160.7		300		25.0		15.0
load=15.0													
259593	41.32		3.89		10.6		160.7		300		25.0		15.0
load=15.0													
260102	41.32		3.89		10.6		160.7		300		25.0		15.0
load=15.0													
260611	41.32		3.89		10.6		160.7		300		25.0		15.0
load=15.0													
261120	41.32		3.89		10.6		160.7		300		25.0		15.0
load=15.0													
261629	41.32		3.89		10.6		160.7		300		25.0		15.0
load=15.0													
262138	41.32		3.89		10.6		160.7		300		25.0		15.0
load=15.0													
262647	41.32		3.89		10.6		160.7		300		25.0		15.0
load=16.0													
263156	41.32		4.01		10.3		165.9		310		25.0		16.0
load=16.0													
263665	41.32		4.01		10.3		165.9		310		25.0		16.0
load=16.0													
264174	41.32		4.01		10.3		165.9		310		25.0		16.0
load=16.0													
264683	41.32		4.01		10.3		165.9		310		25.0		16.0
load=16.0													
265192	41.32		4.01		10.3		165.9		310		25.0		16.0
load=16.0													
265701	41.32		4.01		10.3		165.9		310		25.0		16.0
load=16.0													
266210	41.32		3.99		10.3		165.0		308		25.0		16.0
load=16.0													
266719	41.32		3.96		10.4		163.5		305		25.0		16.0
load=16.0													
267228	41.32		3.93		10.5		162.2		303		25.0		16.0
load=16.0													
267737	41.32		3.91		10.6		161.6		302		25.0		16.0
load=16.0													
268246	41.32		3.89		10.6		160.7		300		25.0		16.0
load=16.0													
268755	41.32		3.89		10.6		160.7		300		25.0		16.0
load=16.0													
269264	41.32		3.89		10.6		160.7		300		25.0		16.0
load=16.0													
269773	41.32		3.89		10.6		160.7		300		25.0		16.0
load=16.0													
270282	41.32		3.89		10.6		160.7		300		25.0		16.0
load=16.0													
270791	41.32		3.89		10.6		160.7		300		25.0		16.0
load=16.0													
271300	41.32		3.89		10.6		160.7		300		25.0		16.0
load=16.0													
271809	41.32		3.89		10.6		160.7		300		25.0		16.0
load=16.0													
272318	41.32		3.89		10.6		160.7		300		25.0		16.0
load=16.0													
272827	41.32		3.89		10.6		160.7		300		25.0		16.0
load=16.0													
273336	41.32		3.89		10.6		160.7		300		25.0		16.0
load=16.0													
273845	41.32		3.89		10.6		160.7		300		25.0		16.0
load=16.0													
274354	41.32		3.89		10.6		160.7		300		25.0		16.0
load=16.0													
274863	41.32		3.89		10.6		160.7		300		25.0		16.0
load=16.0													
275372	41.32		3.89		10.6		160.7		300		25.0		16.0
load=16.0													
275881	41.32		3.89		10.6		160.7		300		25.0		16.0
load=16.0													
276390	41.32		3.89		10.6		160.7		300		25.0		16.0
load=16.0													
276899	41.32		3.89		10.6		160.7		300		25.0		16.0
load=16.0													
277408	41.32		3.89		10.6		160.7		300		25.0		16.0
load=16.0													
277917	41.32		3.89		10.6		160.7		300		25.0		16.0
load=16.0													
278426	41.32		3.89		10.6		160.7		300		25.0		16.0
load=16.0													
278935	41.32		3.89		10.6		160.7		300		25.0		16.0
load=16.0													
279444	41.32		3.89		10.6		160.7		300		25.0		16.0
load=16.0													
279953	41.32		3.89		10.6		160.7		300		25.0		16.0
load=16.0													
280462	41.32		3.89		10.6		160.7		300		25.0		16.0
load=16.0													
280971	41.32		3.90		10.6		161.3		301		25.0		16.0
load=17.0													
281480	41.32		3.96		10.4		163.5		305		25.0		17.0
load=18.0													
281989	41.32		4.15		10.0		171.3		320		25.0		18.0
load=19.0													
282498	41.32		4.33		9.5		178.9		334		25.0		19.0
load=20.0													
283007	41.32		4.53		9.1		187.4		350		25.0		20.0
load=21.0													
283516	41.32		4.72		8.8		194.9		364		25.0		21.0
load=22.0													
284025	41.32		4.91		8.4		202.8		379		25.0		22.0
load=23.0													
284534	41.32		5.09		8.1		210.4		393		25.0		23.0
load=24.0													
285043	41.32		5.29		7.8		218.6		408		25.0		24.0
load=25.0													
285552	41.32		5.48		7.5		226.4		424		25.0		25.0
load=26.0													
286061	41.32		5.68		7.3		234.6		438		25.0		26.0
load=27.0													
286570	41.32		5.87		7.0		242.5		453		25.0		27.0
load=28.0													
287079	41.32		6.05		6.8		250.0		467		25.0		28.0
load=29.0													
287588	41.32		6.25		6.6		258.2		482		25.0		29.0
load=30.0													
288097	41.32		6.42		6.4		265.5		496		25.0		30.0
load=31.0													
288606	41.32		6.64		6.2		274.2		512		25.0		31.0
load=32.0													
289115	41.32		6.82		6.1		281.8		526		25.0		32.0
load=33.0													
289624	41.32		7.01		5.9		289.7		541		25.0		33.0
load=34.0													
290133	41.32		7.21		5.7		297.9		556		25.0		34.0
load=35.0													
290642	41.32		7.38		5.6		305.1		570		25.0		35.0
load=36.0													
291151	41.32		7.57		5.5		312.7		584		25.0		36.0
load=37.0													
291660	41.32		7.77		5.3		321.2		600		25.0		37.0
load=38.0													
292169	41.32		7.97		5.2		329.3		615		25.0		38.0
load=39.0													
292678	41.32		8.15		5.1		336.9		629		25.0		39.0
load=40.0													
293187	41.32		8.34		5.0		344.8		644		25.0		40.0
load=41.0													
293696	41.32		8.54		4.8		352.9		659		25.0		41.0
load=42.0													
294205	41.32		8.73		4.7		360.8		674		25.0		42.0
load=43.0													
294714	41.32		8.93		4.6		369.0		689		25.0		43.0
load=44.0													
295223	41.32		9.11		4.5		376.6		703		25.0		44.0
load=45.0													
295732	41.32		9.30		4.4		384.4		718		25.0		45.0
load=46.0													
296241	41.32		9.49		4.4		392.0		732		25.0		46.0
load=47.0													
296750	41.32		9.55		4.3		394.7		737		25.0		47.0
load=47.0													
297259	41.32		9.58		4.3		395.6		739		25.0		47.0
load=47.0													
297768	41.32		9.62		4.3		397.4		742		25.0		47.0
load=47.0													
298277	41.32		9.64		4.3		398.4		744		25.0		47.0
load=47.0													
298786	41.32		9.68		4.3		400.2		747		25.0		47.0
load=48.0													
299295	41.32		9.86		4.2		407.4		761		25.0		48.0
load=49.0													
299804	41.32		10.07		4.1		416.2		777		25.0		49.0
load=50.0													
300313	41.32		10.26		4.0		424.1		792		25.0		50.0
load=51.0													
300822	41.32		10.45		4.0		431.7		806		25.0		51.0
load=52.0													
301331	41.32		10.56		3.9		436.5		815		25.0		52.0
load=52.0													
301840	41.32		10.55		3.9		435.9		814		25.0		52.0
load=51.0													
302349	41.32		10.41		4.0		430.1		803		25.0		51.0
load=51.0													
302858	41.32		10.40		4.0		429.5		802		25.0		51.0
load=51.0													
303367	41.32		10.36		4.0		428.0		799		25.0		51.0
load=51.0													
303876	41.32		10.37		4.0		428.3		800		25.0		51.0
load=51.0													
304385	41.32		10.37		4.0		428.3		800		25.0		51.0
load=51.0													
304894	41.32		10.37		4.0		428.3		800		25.0		51.0
load=51.0													
305403	41.32		10.37		4.0		428.3		800		25.0		51.0
load=51.0													
305912	41.32		10.37		4.0		428.3		800		25.0		51.0
load=51.0													
306421	41.32		10.37		4.0		428.3		800		25.0		51.0
load=51.0													
306930	41.32		10.37		4.0		428.3		800		25.0		51.0
load=51.0													
307439	41.32		10.37		4.0		428.3		800		25.0		51.0
load=51.0													
307948	41.32		10.37		4.0		428.3		800		25.0		51.0
load=51.0													
308457	41.32		10.37		4.0		428.3		800		25.0		51.0
load=51.0													
308966	41.32		10.37		4.0		428.3		800		25.0		51.0
load=51.0													
309475	41.32		10.37		4.0		428.3		800		25.0		51.0
load=51.0													
309984	41.32		10.37		4.0		428.3		800		25.0		51.0
load=51.0													
310493	41.32		10.37		4.0		428.3		800		25.0		51.0
load=51.0													
311002	41.32		10.37		4.0		428.3		800		25.0		51.0
load=51.0													
311511	41.32		10.37		4.0		428.3		800		25.0		51.0
load=51.0													
312020	41.32		10.37		4.0		428.3		800		25.0		51.0
load=51.0													
312529	41.32		10.37		4.0		428.3		800		25.0		51.0
load=51.0													
313038	41.32		10.37		4.0		428.3		800		25.0		51.0
load=51.0													
313547	41.32		10.37		4.0		428.3		800		25.0		51.0
load=51.0													
314056	41.32		10.37		4.0		428.3		800		25.0		51.0
load=51.0													
314565	41.32		10.37		4.0		428.3		800		25.0		51.0
load=51.0													
315074	41.32		10.37		4.0		428.3		800		25.0		51.0
load=51.0													
315583	41.32		10.37		4.0		428.3		800		25.0		51.0
load=51.0													
316092	41.32		10.37		4.0		428.3		800		25.0		51.0
load=51.0													
316601	41.32		10.37		4.0		428.3		800		25.0		51.0
load=51.0													
317110	41.32		10.37		4.0		428.3		800		25.0		51.0
load=51.0													
317619	41.32		10.37		4.0		428.3		800		25.0		51.0
load=51.0													
318128	41.32		10.37		4.0		428.3		800		25.0		51.0
load=51.0													
318637	41.32		10.37		4.0		428.3		800		25.0		51.0
load=51.0													
319146	41.32		10.37		4.0		428.3		800		25.0		51.0
load=51.0													
319655	41.32		10.37		4.0		428.3		800		25.0		51.0
load=51.0													
320164	41.32		10.37		4.0		428.3		800		25.0		51.0
load=51.0													
320673	41.32		10.37		4.0		428.3		800		25.0		51.0
load=51.0													
321182	41.32		10.37		4.0		428.3		800		25.0		51.0
load=51.0													
321691	41.32		10.37		4.0		428.3		800		25.0		51.0
load=51.0													
322200	41.32		10.37		4.0		428.3		800		25.0		51.0
load=51.0													
322709	41.32		10.37		4.0		428.3		800		25.0		51.0
load=51.0													
323218	41.32		10.37		4.0		428.3		800		25.0		51.0
load=51.0													
323727	41.32		10.37		4.0		428.3		800		25.0		51.0
load=51.0													
324236	41.32		10.37		4.0		428.3		800		25.0		51.0
load=51.0													
324745	41.32		10.37		4.0		428.3		800		25.0		51.0
load=51.0													
325254	41.32		10.37		4.0		428.3		800		25.0		51.0
load=51.0													
325763	41.32		10.37		4.0		428.3		800		25.0		51.0
load=51.0													
326272	41.32		10.37		4.0		428.3		800		25.0		51.0
load=51.0													
326781	41.32		10.37		4.0		428.3		800		25.0		51.0
load=51.0													
327290	41.32		10.37		4.0		428.3		800		25.0		51.0
load=51.0													
327799	41.32		10.37		4.0		428.3		800		25.0		51.0
load=51.0													
328308	41.32		10.37		4.0		428.3		800		25.0		51.0
load=51.0													
328817	41.32		10.37		4.0		428.3		800		25.0		51.0
load=51.0													
329326	41.32		10.37		4.0		428.3		800		25.0		51.0
load=51.0													
329835	41.32		10.37		4.0		428.3		800		25.0		51.0
load=51.0													
330344	41.32		10.37		4.0		428.3		800		25.0		51.0
load=51.0													
330853	41.32		10.37		4.0		428.3		800		25.0		51.0
load=51.0													
331362	41.32		10.37		4.0		428.3		800		25.0		51.0
load=51.0													
331871	41.32		10.37		4.0		428.3		800		25.0		51.0
load=51.0													
332380	41.32		10.37		4.0		428.3		800		25.0		51.0
load=51.0													
332889	41.32		10.37		4.0		428.3		800		25.0		51.0
load=51.0													
333398	41.32		10.37		4.0		428.3		800		25.0		51.0
load=51.0													
333907	41.32		10.37		4.0		428.3		800		25.0		51.0
load=51.0													
334416	41.32		10.37		4.0		428.3		800		25.0		51.0
load=51.0													
334925	41.32		10.37		4.0		428.3		800		25.0		51.0
load=51.0													
335434	41.32		10.37		4.0		428.3		800		25.0		51.0
load=51.0													
335943	41.32		10.37		4.0		428.3		800		25.0		51.0
load=51.0													
336452	41.32		10.37		4.0		428.3		800		25.0		51.0
load=51.0													
336961	41.32		10.37		4.0		428.3		800		25.0		51.0
load=51.0													
337470	41.32		10.37		4.0		428.3		800		25.0		51.0
load=51.0													
337979	41.32		10.37		4.0		428.3		800		25.0		51.0
load=51.0													
338488	41.32		10.37		4.0		428.3		800		25.0		51.0
load=51.0													
338997	41.32		10.37		4.0		428.3		800		25.0		51.0
load=51.0													
339506	41.32		10.37		4.0		428.3		800		25.0		51.0
load=51.0													
340015	41.32		10.37		4.0		428.3		800		25.0		51.0
load=52.0													
340524	41.17		10.37		4.0		427.1		800		26.0		52.0
load=53.0													
341033	40.88		10.38		3.9		424.4		800		28.0		53.0
load=54.0													
341542	39.12		10.43		3.7		408.1		800		43.0		54.0
load=55.0													
342051	38.10		10.46		3.6		398.5		800		51.0		55.0
load=56.0													
342560	37.66		10.48		3.6		394.5		800		54.0		56.0
load=57.0													
343069	37.51		10.48		3.6		393.2		800		56.0		57.0
load=58.0													
343578	37.07		10.49		3.5		388.9		800		59.0		58.0
load=59.0													
344087	36.92		10.49		3.5		387.4		800		60.0		59.0
load=60.0													
344596	36.78		10.50		3.5		386.1		800		62.0		60.0
load=61.0													
345105	36.89		10.49		3.5		387.0		800		60.0		61.0
load=61.0													
345614	36.92		10.49		3.5		387.4		800		60.0		61.0
load=61.0													
346123	36.92		10.49		3.5		387.4		800		60.0		61.0
load=61.0													
346632	36.92		10.49		3.5		387.4		800		60.0		61.0
load=61.0													
347141	36.92		10.49		3.5		387.4		800		60.0		61.0
load=61.0													
347650	36.92		10.49		3.5		387.4		800		60.0		61.0
load=61.0													
348159	36.92		10.49		3.5		387.4		800		60.0		61.0
load=61.0													
348668	36.92		10.49		3.5		387.4		800		60.0		61.0
load=61.0													
349177	36.92		10.49		3.5		387.4		800		60.0		61.0
load=61.0													
349686	36.92		10.49		3.5		387.4		800		60.0		61.0
load=61.0													
350195	36.92		10.49		3.5		387.4		800		60.0		61.0
load=61.0													
350704	36.92		10.49		3.5		387.4		800		60.0		61.0
load=61.0													
351213	36.92		10.49		3.5		387.4		800		60.0		61.0
load=61.0													
351722	36.92		10.49		3.5		387.4		800		60.0		61.0
load=61.0													
352231	36.92		10.49		3.5		387.4		800		60.0		61.0
load=61.0													
352740	36.92		10.49		3.5		387.4		800		60.0		61.0
load=61.0													
353249	36.92		10.49		3.5		387.4		800		60.0		61.0
load=61.0													
353758	36.92		10.49		3.5		387.4		800		60.0		61.0
load=61.0													
354267	36.92		10.49		3.5		387.4		800		60.0		61.0
load=61.0													
354776	36.92		10.49		3.5		387.4		800		60.0		61.0
load=61.0													
355285	36.92		10.49		3.5		387.4		800		60.0		61.0
load=61.0													
355794	36.92		10.49		3.5		387.4		800		60.0		61.0
load=61.0													
356303	36.92		10.49		3.5		387.4		800		60.0		61.0
load=61.0													
356812	36.92		10.49		3.5		387.4		800		60.0		61.0
load=61.0													
357321	36.92		10.49		3.5		387.4		800		60.0		61.0
load=61.0													
357830	36.92		10.49		3.5		387.4		800		60.0		61.0
load=61.0													
358339	36.92		10.49		3.5		387.4		800		60.0		61.0
load=61.0													
358848	36.92		10.49		3.5		387.4		800		60.0		61.0
load=61.0													
359357	36.92		10.49		3.5		387.4		800		60.0		61.0
load=61.0													
359866	36.92		10.49		3.5		387.4		800		60.0		61.0
load=61.0													
360375	36.92		10.49		3.5		387.4		800		60.0		61.0
load=61.0													
360884	36.92		10.49		3.5		387.4		800		60.0		61.0
load=61.0													
361393	36.92		10.49		3.5		387.4		800		60.0		61.0
load=61.0													
361902	36.92		10.49		3.5		387.4		800		60.0		61.0
load=61.0													
362411	36.92		10.49		3.5		387.4		800		60.0		61.0
load=61.0													
362920	36.92		10.49		3.5		387.4		800		60.0		61.0
load=61.0													
363429	36.92		10.49		3.5		387.4		800		60.0		61.0
load=61.0													
363938	36.92		10.49		3.5		387.4		800		60.0		61.0
load=61.0													
364447	36.92		10.49		3.5		387.4		800		60.0		61.0
load=61.0													
364956	36.92		10.49		3.5		387.4		800		60.0		61.0
load=61.0													
365465	36.92		10.49		3.5		387.4		800		60.0		61.0
load=61.0													
365974	36.92		10.49		3.5		387.4		800		60.0		61.0
load=61.0													
366483	36.92		10.49		3.5		387.4		800		60.0		61.0
load=61.0													
366992	36.92		10.49		3.5		387.4		800		60.0		61.0
load=61.0													
367501	36.92		10.49		3.5		387.4		800		60.0		61.0
load=61.0													
368010	36.92		10.49		3.5		387.4		800		60.0		61.0
load=61.0													
368519	36.92		10.49		3.5		387.4		800		60.0		61.0
load=61.0													
369028	36.92		10.49		3.5		387.4		800		60.0		61.0
load=61.0													
369537	36.92		10.49		3.5		387.4		800		60.0		61.0
load=61.0													
370046	36.92		10.49		3.5		387.4		800		60.0		61.0
load=61.0													
370555	36.92		10.49		3.5		387.4		800		60.0		61.0
load=61.0													
371064	36.92		10.49		3.5		387.4		800		60.0		61.0
load=61.0													
371573	36.92		10.49		3.5		387.4		800		60.0		61.0
load=61.0													
372082	36.92		10.49		3.5		387.4		800		60.0		61.0
load=61.0													
372591	36.92		10.49		3.5		387.4		800		60.0		61.0
load=61.0													
373100	36.92		10.49		3.5		387.4		800		60.0		61.0
load=61.0													
373609	36.92		10.49		3.5		387.4		800		60.0		61.0
load=61.0													
374118	36.92		10.49		3.5		387.4		800		60.0		61.0
load=61.0													
374627	36.92		10.49		3.5		387.4		800		60.0		61.0
load=61.0													
375136	36.92		10.49		3.5		387.4		800		60.0		61.0
load=61.0													
375645	36.92		10.49		3.5		387.4		800		60.0		61.0
load=61.0													
376154	36.92		10.49		3.5		387.4		800		60.0		61.0
load=61.0													
376663	36.92		10.49		3.5		387.4		800		60.0		61.0
load=61.0													
377172	36.92		10.49		3.5		387.4		800		60.0		61.0
load=61.0													
377681	36.92		10.49		3.5		387.4		800		60.0		61.0
load=61.0													
378190	36.92		10.49		3.5		387.4		800		60.0		61.0
load=61.0													
378699	36.92		10.49		3.5		387.4		800		60.0		61.0
load=61.0													
379208	36.92		10.49		3.5		387.4		800		60.0		61.0
load=61.0													
379717	36.92		10.49		3.5		387.4		800		60.0		61.0
load=61.0													
380226	36.92		10.49		3.5		387.4		800		60.0		61.0
load=61.0													
380735	36.92		10.49		3.5		387.4		800		60.0		61.0
load=61.0													
381244	36.92		10.49		3.5		387.4		800		60.0		61.0
load=61.0													
381753	36.92		10.49		3.5		387.4		800		60.0		61.0
load=61.0													
382262	36.92		10.49		3.5		387.4		800		60.0		61.0
load=61.0													
382771	36.92		10.49		3.5		387.4		800		60.0		61.0
load=61.0													
383280	36.92		10.49		3.5		387.4		800		60.0		61.0
load=61.0													
383789	36.92		10.49		3.5		387.4		800		60.0		61.0
load=61.0													
384298	36.92		10.49		3.5		387.4		800		60.0		61.0
load=61.0													
384807	36.92		10.49		3.5		387.4		800		60.0		61.0
load=61.0													
385316	36.92		10.49		3.5		387.4		800		60.0		61.0
load=61.0													
385825	36.92		10.49		3.5		387.4		800		60.0		61.0
load=61.0													
386334	36.92		10.49		3.5		387.4		800		60.0		61.0
load=61.0													
386843	36.92		10.49		3.5		387.4		800		60.0		61.0
load=61.0													
387352	36.92		10.49		3.5		387.4		800		60.0		61.0
load=61.0													
387861	36.92		10.49		3.5		387.4		800		60.0		61.0
load=61.0													
388370	36.92		10.49		3.5		387.4		800		60.0		61.0
load=61.0													
388879	36.92		10.49		3.5		387.4		800		60.0		61.0
load=61.0													
389388	36.92		10.49		3.5		387.4		800		60.0		61.0
load=61.0													
389897	36.92		10.49		3.5		387.4		800		60.0		61.0
load=61.0													
390406	36.92		10.49		3.5		387.4		800		60.0		61.0
load=61.0													
390915	36.92		10.49		3.5		387.4		800		60.0		61.0
load=61.0													
391424	36.92		10.49		3.5		387.4		800		60.0		61.0
load=61.0													
391933	36.92		10.49		3.5		387.4		800		60.0		61.0
load=61.0													
392442	36.92		10.49		3.5		387.4		800		60.0		61.0
load=61.0													
392951	36.92		10.49		3.5		387.4		800		60.0		61.0
load=61.0													
393460	36.92		10.49		3.5		387.4		800		60.0		61.0
load=61.0													
393969	36.92		10.49		3.5		387.4		800		60.0		61.0
load=61.0													
394478	36.92		10.49		3.5		387.4		800		60.0		61.0
load=61.0													
394987	36.92		10.49		3.5		387.4		800		60.0		61.0
load=61.0													
395496	36.92		10.49		3.5		387.4		800		60.0		61.0
load=61.0													
396005	36.92		10.49		3.5		387.4		800		60.0		61.0
load=61.0													
396514	36.92		10.49		3.5		387.4		800		60.0		61.0
load=61.0													
397023	36.92		10.49		3.5		387.4		800		60.0		61.0
load=61.0													
397532	36.92		10.49		3.5		387.4		800		60.0		61.0
load=61.0													
398041	36.92		10.49		3.5		387.4		800		60.0		61.0
load=61.0													
398550	36.92		10.49		3.5		387.4		800		60.0		61.0
load=61.0													
399059	36.92		10.49		3.5		387.4		800		60.0		61.0
load=61.0													
399568	36.92		10.49		3.5		387.4		800		60.0		61.0
load=61.0													
400077	36.92		10.49		3.5		387.4		800		60.0		61.0
load=62.0													
400586	37.07		10.49		3.5		388.9		800		59.0		62.0
load=62.0													
401095	37.07		10.49		3.5		388.9		800		59.0		62.0
load=63.0													
401604	38.97		10.43		3.7		406.6		800		43.0		63.0
load=64.0													
402113	40.73		10.38		3.9		422.8		800		29.0		64.0
load=65.0													
402622	41.03		10.37		4.0		425.6		800		27.0		65.0
load=66.0													
403131	41.32		10.37		4.0		428.3		800		25.0		66.0
load=66.0													
403640	41.32		10.37		4.0		428.3		800		24.0		66.0
load=66.0													
404149	41.32		10.37		4.0		428.3		800		25.0		66.0
load=66.0													
404658	41.32		10.37		4.0		428.3		800		25.0		66.0
load=66.0													
405167	41.32		10.37		4.0		428.3		800		25.0		66.0
load=66.0													
405676	41.32		10.37		4.0		428.3		800		25.0		66.0
load=66.0													
406185	41.32		10.37		4.0		428.3		800		25.0		66.0
load=66.0													
406694	41.32		10.37		4.0		428.3		800		25.0		66.0
load=66.0													
407203	41.32		10.37		4.0		428.3		800		25.0		66.0
load=66.0													
407712	41.32		10.37		4.0		428.3		800		25.0		66.0
load=66.0													
408221	41.32		10.37		4.0		428.3		800		25.0		66.0
load=66.0													
408730	41.32		10.37		4.0		428.3		800		25.0		66.0
load=66.0													
409239	41.32		10.37		4.0		428.3		800		25.0		66.0
load=66.0													
409748	41.32		10.37		4.0		428.3		800		25.0		66.0
load=66.0													
410257	41.32		10.37		4.0		428.3		800		25.0		66.0
load=66.0													
410766	41.32		10.37		4.0		428.3		800		25.0		66.0
load=66.0													
411275	41.32		10.37		4.0		428.3		800		25.0		66.0
load=66.0													
411784	41.32		10.37		4.0		428.3		800		25.0		66.0
load=66.0													
412293	41.32		10.37		4.0		428.3		800		25.0		66.0
load=66.0													
412802	41.32		10.37		4.0		428.3		800		25.0		66.0
load=66.0													
413311	41.32		10.37		4.0		428.3		800		25.0		66.0
load=66.0													
413820	41.32		10.37		4.0		428.3		800		25.0		66.0
load=66.0													
414329	41.32		10.37		4.0		428.3		800		25.0		66.0
load=66.0													
414838	41.32		10.37		4.0		428.3		800		25.0		66.0
load=66.0													
415347	41.32		10.37		4.0		428.3		800		25.0		66.0
load=66.0													
415856	41.32		10.37		4.0		428.3		800		25.0		66.0
load=66.0													
416365	41.32		10.37		4.0		428.3		800		25.0		66.0
load=66.0													
416874	41.32		10.37		4.0		428.3		800		25.0		66.0
load=66.0													
417383	41.32		10.37		4.0		428.3		800		25.0		66.0
load=66.0													
417892	41.32		10.37		4.0		428.3		800		25.0		66.0
load=66.0													
418401	41.32		10.37		4.0		428.3		800		25.0		66.0
load=66.0													
418910	41.32		10.37		4.0		428.3		800		25.0		66.0
load=66.0													
419419	41.32		10.37		4.0		428.3		800		25.0		66.0
load=66.0													
419928	41.32		10.37		4.0		428.3		800		25.0		66.0
load=66.0													
420437	41.32		10.37		4.0		428.3		800		25.0		66.0
load=66.0													
420946	41.32		10.37		4.0		428.3		800		25.0		66.0
load=66.0													
421455	41.32		10.37		4.0		428.3		800		25.0		66.0
load=66.0													
421964	41.32		10.37		4.0		428.3		800		25.0		66.0
load=66.0													
422473	41.32		10.37		4.0		428.3		800		25.0		66.0
load=66.0													
422982	41.32		10.37		4.0		428.3		800		25.0		66.0
load=66.0													
423491	41.32		10.37		4.0		428.3		800		25.0		66.0
load=66.0													
424000	41.32		10.37		4.0		428.3		800		25.0		66.0
load=66.0													
424509	41.32		10.37		4.0		428.3		800		25.0		66.0
load=66.0													
425018	41.32		10.37		4.0		428.3		800		25.0		66.0
load=66.0													
425527	41.32		10.37		4.0		428.3		800		25.0		66.0
load=66.0													
426036	41.32		10.37		4.0		428.3		800		25.0		66.0
load=66.0													
426545	41.32		10.37		4.0		428.3		800		25.0		66.0
load=66.0													
427054	41.32		10.37		4.0		428.3		800		25.0		66.0
load=66.0													
427563	41.32		10.37		4.0		428.3		800		25.0		66.0
load=66.0													
428072	41.32		10.37		4.0		428.3		800		25.0		66.0
load=66.0													
428581	41.32		10.37		4.0		428.3		800		25.0		66.0
load=66.0													
429090	41.32		10.37		4.0		428.3		800		25.0		66.0
load=66.0													
429599	41.32		10.37		4.0		428.3		800		25.0		66.0
load=66.0													
430108	41.32		10.37		4.0		428.3		800		25.0		66.0
load=66.0													
430617	41.32		10.37		4.0		428.3		800		25.0		66.0
load=66.0													
431126	41.32		10.37		4.0		428.3		800		25.0		66.0
load=66.0													
431635	41.32		10.37		4.0		428.3		800		25.0		66.0
load=66.0													
432144	41.32		10.37		4.0		428.3		800		25.0		66.0
load=66.0													
432653	41.32		10.37		4.0		428.3		800		25.0		66.0
load=66.0													
433162	41.32		10.37		4.0		428.3		800		25.0		66.0
load=66.0													
433671	41.32		10.37		4.0		428.3		800		25.0		66.0
load=66.0													
434180	41.32		10.37		4.0		428.3		800		25.0		66.0
load=66.0													
434689	41.32		10.37		4.0		428.3		800		25.0		66.0
load=66.0													
435198	41.32		10.37		4.0		428.3		800		25.0		66.0
load=66.0													
435707	41.32		10.37		4.0		428.3		800		25.0		66.0
load=66.0													
436216	41.32		10.37		4.0		428.3		800		25.0		66.0
load=66.0													
436725	41.32		10.37		4.0		428.3		800		25.0		66.0
load=66.0													
437234	41.32		10.37		4.0		428.3		800		25.0		66.0
load=66.0													
437743	41.32		10.37		4.0		428.3		800		25.0		66.0
load=66.0													
438252	41.32		10.37		4.0		428.3		800		25.0		66.0
load=66.0													
438761	41.32		10.37		4.0		428.3		800		25.0		66.0
load=66.0													
439270	41.32		10.37		4.0		428.3		800		25.0		66.0
load=66.0													
439779	41.32		10.37		4.0		428.3		800		25.0		66.0
load=66.0													
440288	41.32		10.37		4.0		428.3		800		25.0		66.0
load=66.0													
440797	41.32		10.37		4.0		428.3		800		25.0		66.0
load=66.0													
441306	41.32		10.37		4.0		428.3		800		25.0		66.0
load=66.0													
441815	41.32		10.37		4.0		428.3		800		25.0		66.0
load=66.0													
442324	41.32		10.37		4.0		428.3		800		25.0		66.0
load=66.0													
442833	41.32		10.37		4.0		428.3		800		25.0		66.0
load=66.0													
443342	41.32		10.37		4.0		428.3		800		25.0		66.0
load=66.0													
443851	41.32		10.37		4.0		428.3		800		25.0		66.0
load=66.0													
444360	41.32		10.37		4.0		428.3		800		25.0		66.0
load=66.0													
444869	41.32		10.37		4.0		428.3		800		25.0		66.0
load=66.0													
445378	41.32		10.37		4.0		428.3		800		25.0		66.0
load=66.0													
445887	41.32		10.37		4.0		428.3		800		25.0		66.0
load=66.0													
446396	41.32		10.37		4.0		428.3		800		25.0		66.0
load=66.0													
446905	41.32		10.37		4.0		428.3		800		25.0		66.0
load=66.0													
447414	41.32		10.37		4.0		428.3		800		25.0		66.0
load=66.0													
447923	41.32		10.37		4.0		428.3		800		25.0		66.0
load=66.0													
448432	41.32		10.37		4.0		428.3		800		25.0		66.0
load=66.0													
448941	41.32		10.37		4.0		428.3		800		25.0		66.0
load=66.0													
449450	41.32		10.37		4.0		428.3		800		25.0		66.0
load=66.0													
449959	41.32		10.37		4.0		428.3		800		25.0		66.0
load=66.0													
450468	41.32		10.37		4.0		428.3		800		25.0		66.0
load=66.0													
450977	41.32		10.37		4.0		428.3		800		25.0		66.0
load=66.0													
451486	41.32		10.37		4.0		428.3		800		25.0		66.0
load=66.0													
451995	41.32		10.37		4.0		428.3		800		25.0		66.0
load=66.0													
452504	41.32		10.37		4.0		428.3		800		25.0		66.0
load=66.0													
453013	41.32		10.37		4.0		428.3		800		25.0		66.0
load=66.0													
453522	41.32		10.37		4.0		428.3		800		25.0		66.0
load=66.0													
454031	41.32		10.37		4.0		428.3		800		25.0		66.0
load=66.0													
454540	41.32		10.37		4.0		428.3		800		25.0		66.0
load=66.0													
455049	41.32		10.37		4.0		428.3		800		25.0		66.0
load=66.0													
455558	41.32		10.37		4.0		428.3		800		25.0		66.0
load=66.0													
456067	41.32		10.37		4.0		428.3		800		25.0		66.0
load=66.0													
456576	41.32		10.37		4.0		428.3		800		25.0		66.0
load=66.0													
457085	41.32		10.37		4.0		428.3		800		25.0		66.0
load=66.0													
457594	41.32		10.37		4.0		428.3		800		25.0		66.0
load=66.0													
458103	41.32		10.37		4.0		428.3		800		25.0		66.0
load=66.0													
458612	41.32		10.37		4.0		428.3		800		25.0		66.0
load=66.0													
459121	41.32		10.37		4.0		428.3		800		25.0		66.0
load=66.0													
459630	41.32		10.37		4.0		428.3		800		25.0		66.0
load=66.0													
460139	41.32		10.37		4.0		428.3		800		25.0		66.0
load=66.0													
460648	41.32		10.37		4.0		428.3		800		25.0		66.0
load=66.0													
461157	41.32		10.37		4.0		428.3		800		25.0		66.0
load=66.0													
461666	41.32		10.37		4.0		428.3		800		25.0		66.0
load=66.0													
462175	41.32		10.37		4.0		428.3		800		25.0		66.0
load=66.0													
462684	41.32		10.37		4.0		428.3		800		25.0		66.0
load=66.0													
463193	41.32		10.37		4.0		428.3		800		25.0		66.0
load=66.0													
463702	41.32		10.37		4.0		428.3		800		25.0		66.0
load=66.0													
464211	41.32		10.37		4.0		428.3		800		25.0		66.0
load=66.0													
464720	41.32		10.37		4.0		428.3		800		25.0		66.0
load=66.0													
465229	41.32		10.37		4.0		428.3		800		25.0		66.0
load=66.0													
465738	41.32		10.37		4.0		428.3		800		25.0		66.0
load=66.0													
466247	41.32		10.37		4.0		428.3		800		25.0		66.0
load=66.0													
466756	41.32		10.37		4.0		428.3		800		25.0		66.0
load=66.0													
467265	41.32		10.37		4.0		428.3		800		25.0		66.0
load=66.0													
467774	41.32		10.37		4.0		428.3		800		25.0		66.0
load=66.0													
468283	41.32		10.37		4.0		428.3		800		25.0		66.0
load=66.0													
468792	41.32		10.37		4.0		428.3		800		25.0		66.0
load=66.0													
469301	41.32		10.37		4.0		428.3		800		25.0		66.0
load=66.0													
469810	41.32		10.37		4.0		428.3		800		25.0		66.0
load=66.0													
470319	41.32		10.37		4.0		428.3		800		25.0		66.0
load=66.0													
470828	41.32		10.37		4.0		428.3		800		25.0		66.0
load=66.0													
471337	41.32		10.37		4.0		428.3		800		25.0		66.0
load=66.0													
471846	41.32		10.37		4.0		428.3		800		25.0		66.0
load=66.0													
472355	41.32		10.37		4.0		428.3		800		25.0		66.0
load=66.0													
472864	41.32		10.37		4.0		428.3		800		25.0		66.0
load=66.0													
473373	41.32		10.37		4.0		428.3		800		25.0		66.0
load=66.0													
473882	41.32		10.37		4.0		428.3		800		25.0		66.0
load=66.0													
474391	41.32		10.37		4.0		428.3		800		25.0		66.0
load=66.0													
474900	41.32		10.37		4.0		428.3		800		25.0		66.0
load=66.0													
475409	41.32		10.37		4.0		428.3		800		25.0		66.0
load=66.0													
475918	41.32		10.37		4.0		428.3		800		25.0		66.0
load=66.0													
476427	41.32		10.37		4.0		428.3		800		25.0		66.0
load=66.0													
476936	41.32		10.37		4.0		428.3		800		25.0		66.0
load=66.0													
477445	41.32		10.37		4.0		428.3		800		25.0		66.0
load=66.0													
477954	41.32		10.37		4.0		428.3		800		25.0		66.0
load=66.0													
478463	41.32		10.37		4.0		428.3		800		25.0		66.0
load=66.0													
478972	41.32		10.37		4.0		428.3		800		25.0		66.0
load=66.0													
479481	41.32		10.37		4.0		428.3		800		25.0		66.0
load=66.0													
479990	41.32		10.37		4.0		428.3		800		25.0		66.0
load=66.0													
480499	41.32		10.37		4.0		428.3		800		25.0		66.0
