tiempo[ms]V_Panel[V]	I_Panel[A]	R_Carga[Ohms]	P_Panel[W]	G[W/m2]	T[°C]	Load[%]							
load=52.5													
539	41.3		10.4		4.0		428.3		800		25.0		52.5
load=55.0													
2038	41.3		10.4		4.0		428.3		800		25.0		55.0
load=57.5													
2547	41.3		10.4		4.0		428.3		800		25.0		57.5
load=60.0													
3055	41.3		10.4		4.0		428.3		800		25.0		60.0
load=62.5													
3563	41.3		10.4		4.0		428.3		800		25.0		62.5
load=65.1													
4071	41.3		10.4		4.0		428.3		800		25.0		65.1
load=67.6													
4579	41.3		10.4		4.0		428.3		800		25.0		67.6
load=70.1													
5087	41.3		10.4		4.0		428.3		800		25.0		70.1
load=72.6													
5595	41.3		10.4		4.0		428.3		800		25.0		72.6
load=75.1													
6103	41.3		10.4		4.0		428.3		800		25.0		75.1
load=77.6													
6611	41.3		10.4		4.0		428.3		800		25.0		77.6
load=80.1													
7119	41.3		10.4		4.0		428.3		800		25.0		80.1
load=82.6													
7627	41.3		10.4		4.0		428.3		800		25.0		82.6
load=85.1													
8135	41.3		10.4		4.0		428.3		800		25.0		85.1
load=87.6													
8643	41.3		10.4		4.0		428.3		800		25.0		87.6
load=90.1													
9151	41.3		10.4		4.0		428.3		800		25.0		90.1
load=92.7													
9659	41.3		10.4		4.0		428.3		800		25.0		92.7
load=95.0													
10167	41.3		10.4		4.0		428.3		800		25.0		95.0
load=95.0													
10675	41.3		10.4		4.0		428.3		800		25.0		95.0
load=95.0													
11183	41.3		10.4		4.0		428.3		800		25.0		95.0
load=95.0													
11691	41.3		10.4		4.0		428.3		800		25.0		95.0
load=95.0													
12199	41.3		10.4		4.0		428.3		800		25.0		95.0
load=95.0													
12707	41.3		10.4		4.0		428.3		800		25.0		95.0
load=95.0													
13215	41.3		10.4		4.0		428.3		800		25.0		95.0
load=95.0													
13723	41.3		10.4		4.0		428.3		800		25.0		95.0
load=95.0													
14231	41.3		10.4		4.0		428.3		800		25.0		95.0
load=95.0													
14739	41.3		10.4		4.0		428.3		800		25.0		95.0
load=95.0													
15247	41.3		10.4		4.0		428.3		800		25.0		95.0
load=95.0													
15755	41.3		10.4		4.0		428.3		800		25.0		95.0
load=95.0													
16263	41.3		10.4		4.0		428.3		800		25.0		95.0
load=95.0													
16771	41.3		10.4		4.0		428.3		800		25.0		95.0
load=95.0													
17279	41.3		10.4		4.0		428.3		800		25.0		95.0
load=95.0													
17787	41.3		10.4		4.0		428.3		800		25.0		95.0
load=95.0													
18295	41.3		10.4		4.0		428.3		800		25.0		95.0
load=95.0													
18803	41.3		10.4		4.0		428.3		800		25.0		95.0
load=95.0													
19311	41.3		10.4		4.0		428.3		800		25.0		95.0
load=95.0													
19819	41.3		10.4		4.0		428.3		800		25.0		95.0
load=95.0													
20327	41.3		10.4		4.0		428.3		800		25.0		95.0
load=95.0													
20835	41.3		10.4		4.0		428.3		800		25.0		95.0
load=95.0													
21343	41.3		10.4		4.0		428.3		800		25.0		95.0
load=95.0													
21851	41.3		10.4		4.0		428.3		800		25.0		95.0
load=95.0													
22359	41.3		10.4		4.0		428.3		800		25.0		95.0
load=95.0													
22867	41.3		10.4		4.0		428.3		800		25.0		95.0
load=95.0													
23375	41.3		10.4		4.0		428.3		800		25.0		95.0
load=95.0													
23883	41.3		10.4		4.0		428.3		800		25.0		95.0
load=95.0													
24391	41.3		10.4		4.0		428.3		800		25.0		95.0
load=95.0													
24899	41.3		10.4		4.0		428.3		800		25.0		95.0
load=95.0													
25407	41.3		10.4		4.0		428.3		800		25.0		95.0
load=95.0													
25915	41.3		10.4		4.0		428.3		800		25.0		95.0
load=95.0													
26423	41.3		10.4		4.0		428.3		800		25.0		95.0
load=95.0													
26931	41.3		10.4		4.0		428.3		800		25.0		95.0
load=95.0													
27439	41.3		10.4		4.0		428.3		800		25.0		95.0
load=95.0													
27947	41.3		10.4		4.0		428.3		800		25.0		95.0
load=95.0													
28455	41.3		10.4		4.0		428.3		800		25.0		95.0
load=95.0													
28963	41.3		10.4		4.0		428.3		800		25.0		95.0
load=95.0													
29471	41.3		10.4		4.0		428.3		800		25.0		95.0
load=95.0													
29979	41.3		10.4		4.0		428.3		800		25.0		95.0
load=95.0													
30487	41.3		10.4		4.0		428.3		800		25.0		95.0
load=95.0													
30995	41.3		10.4		4.0		428.3		800		25.0		95.0
load=95.0													
31503	41.3		10.4		4.0		428.3		800		25.0		95.0
load=95.0													
32011	41.3		10.4		4.0		428.3		800		25.0		95.0
load=95.0													
32519	41.3		10.4		4.0		428.3		800		25.0		95.0
load=95.0													
33027	41.3		10.4		4.0		428.3		800		25.0		95.0
load=95.0													
33535	41.3		10.4		4.0		428.3		800		25.0		95.0
load=95.0													
34043	41.3		10.4		4.0		428.3		800		25.0		95.0
load=95.0													
34551	41.3		10.4		4.0		428.3		800		25.0		95.0
load=95.0													
35059	41.3		10.4		4.0		428.3		800		25.0		95.0
load=95.0													
35567	41.3		10.4		4.0		428.3		800		25.0		95.0
load=95.0													
36075	41.3		10.4		4.0		428.3		800		25.0		95.0
load=95.0													
36583	41.3		10.4		4.0		428.3		800		25.0		95.0
load=95.0													
37091	41.3		10.4		4.0		428.3		800		25.0		95.0
load=95.0													
37599	41.3		10.4		4.0		428.3		800		25.0		95.0
load=95.0													
38107	41.3		10.4		4.0		428.3		800		25.0		95.0
load=95.0													
38615	41.3		10.4		4.0		428.3		800		25.0		95.0
load=95.0													
39123	41.3		10.4		4.0		428.3		800		25.0		95.0
load=95.0													
39631	41.3		10.4		4.0		428.3		800		25.0		95.0
load=95.0													
40139	41.3		10.4		4.0		428.3		800		25.0		95.0
load=95.0													
40647	41.3		10.4		4.0		428.3		800		25.0		95.0
load=95.0													
41155	41.3		10.4		4.0		428.3		800		25.0		95.0
load=95.0													
41663	41.3		10.4		4.0		428.3		800		25.0		95.0
load=95.0													
42171	41.3		10.4		4.0		428.3		800		25.0		95.0
load=95.0													
42679	41.3		10.4		4.0		428.3		800		25.0		95.0
load=95.0													
43187	41.3		10.4		4.0		428.3		800		25.0		95.0
load=95.0													
43695	41.3		10.4		4.0		428.3		800		25.0		95.0
load=95.0													
44203	41.3		10.4		4.0		428.3		800		25.0		95.0
load=95.0													
44711	41.3		10.4		4.0		428.3		800		25.0		95.0
load=95.0													
45219	41.3		10.4		4.0		428.3		800		25.0		95.0
load=95.0													
45727	41.3		10.4		4.0		428.3		800		25.0		95.0
load=95.0													
46235	41.3		10.4		4.0		428.3		800		25.0		95.0
load=95.0													
46743	41.3		10.4		4.0		428.3		800		25.0		95.0
load=95.0													
47251	41.3		10.4		4.0		428.3		800		25.0		95.0
load=95.0													
47759	41.3		10.4		4.0		428.3		800		25.0		95.0
load=95.0													
48267	41.3		10.4		4.0		428.3		800		25.0		95.0
load=95.0													
48775	41.3		10.4		4.0		428.3		800		25.0		95.0
load=95.0													
49283	41.3		10.4		4.0		428.3		800		25.0		95.0
load=95.0													
49791	41.3		10.4		4.0		428.3		800		25.0		95.0
load=95.0													
50299	41.3		10.4		4.0		428.3		800		25.0		95.0
load=95.0													
50807	41.3		10.4		4.0		428.3		800		25.0		95.0
load=95.0													
51315	41.3		10.4		4.0		428.3		800		25.0		95.0
load=95.0													
51823	41.3		10.4		4.0		428.3		800		25.0		95.0
load=95.0													
52331	41.3		10.4		4.0		428.3		800		25.0		95.0
load=95.0													
52839	41.3		10.4		4.0		428.3		800		25.0		95.0
load=95.0													
53347	41.3		10.4		4.0		428.3		800		25.0		95.0
load=95.0													
53855	41.3		10.4		4.0		428.3		800		25.0		95.0
load=95.0													
54363	41.3		10.4		4.0		428.3		800		25.0		95.0
load=95.0													
54871	41.3		10.4		4.0		428.3		800		25.0		95.0
load=95.0													
55379	41.3		10.4		4.0		428.3		800		25.0		95.0
load=95.0													
55887	41.3		10.4		4.0		428.3		800		25.0		95.0
load=95.0													
56395	41.3		10.4		4.0		428.3		800		25.0		95.0
load=95.0													
56903	41.3		10.4		4.0		428.3		800		25.0		95.0
load=95.0													
57411	41.3		10.4		4.0		428.3		800		25.0		95.0
load=95.0													
57919	41.3		10.4		4.0		428.3		800		25.0		95.0
load=95.0													
58427	41.3		10.4		4.0		428.3		800		25.0		95.0
load=95.0													
58935	41.3		10.4		4.0		428.3		800		25.0		95.0
load=95.0													
59443	41.3		10.4		4.0		428.3		800		25.0		95.0
load=95.0													
59951	41.3		10.4		4.0		428.3		800		25.0		95.0
load=95.0													
60459	41.3		10.4		4.0		428.3		800		25.0		95.0
load=95.0													
60967	41.3		10.4		4.0		428.3		800		25.0		95.0
load=95.0													
61475	41.3		10.4		4.0		428.3		800		25.0		95.0
load=95.0													
61983	41.3		10.4		4.0		428.3		800		25.0		95.0
load=95.0													
62491	41.3		10.4		4.0		428.3		800		25.0		95.0
load=95.0													
62999	41.3		10.4		4.0		428.3		800		25.0		95.0
load=95.0													
63507	41.3		10.4		4.0		428.3		800		25.0		95.0
load=95.0													
64015	41.3		10.4		4.0		428.3		800		25.0		95.0
load=95.0													
64523	41.3		10.4		4.0		428.3		800		25.0		95.0
load=95.0													
65031	41.3		10.4		4.0		428.3		800		25.0		95.0
load=95.0													
65539	41.3		10.4		4.0		428.3		800		25.0		95.0
load=95.0													
66047	41.3		10.4		4.0		428.3		800		25.0		95.0
load=95.0													
66555	41.3		10.4		4.0		428.3		800		25.0		95.0
load=95.0													
67063	41.3		10.4		4.0		428.3		800		25.0		95.0
load=95.0													
67571	41.3		10.4		4.0		428.3		800		25.0		95.0
load=95.0													
68079	41.3		10.4		4.0		428.3		800		25.0		95.0
load=95.0													
68587	41.3		10.4		4.0		428.3		800		25.0		95.0
load=95.0													
69095	41.3		10.4		4.0		428.3		800		25.0		95.0
load=95.0													
69603	41.3		10.4		4.0		428.3		800		25.0		95.0
load=95.0													
70111	41.3		10.4		4.0		428.3		800		25.0		95.0
load=95.0													
70619	41.3		10.4		4.0		428.3		800		25.0		95.0
load=95.0													
71127	41.3		10.4		4.0		428.3		800		25.0		95.0
load=95.0													
71635	41.3		10.4		4.0		428.3		800		25.0		95.0
load=95.0													
72143	41.3		10.4		4.0		428.3		800		25.0		95.0
load=95.0													
72651	41.3		10.4		4.0		428.3		800		25.0		95.0
load=95.0													
73159	41.3		10.4		4.0		428.3		800		25.0		95.0
load=95.0													
73667	41.3		10.4		4.0		428.3		800		25.0		95.0
load=95.0													
74175	41.3		10.4		4.0		428.3		800		25.0		95.0
load=95.0													
74683	41.3		10.4		4.0		428.3		800		25.0		95.0
load=95.0													
75191	41.3		10.4		4.0		428.3		800		25.0		95.0
load=95.0													
75699	41.3		10.4		4.0		428.3		800		25.0		95.0
load=95.0													
76207	41.3		10.4		4.0		428.3		800		25.0		95.0
load=95.0													
76715	41.3		10.4		4.0		428.3		800		25.0		95.0
load=95.0													
77223	41.3		10.4		4.0		428.3		800		25.0		95.0
load=95.0													
77731	41.3		10.4		4.0		428.3		800		25.0		95.0
load=95.0													
78239	41.3		10.4		4.0		428.3		800		25.0		95.0
load=95.0													
78747	41.3		10.4		4.0		428.3		800		25.0		95.0
load=95.0													
79255	41.3		10.4		4.0		428.3		800		25.0		95.0
load=95.0													
79763	41.3		10.4		4.0		428.3		800		25.0		95.0
load=95.0													
80271	41.3		10.4		4.0		428.3		800		25.0		95.0
load=95.0													
80779	41.3		10.4		4.0		428.3		800		25.0		95.0
load=95.0													
81287	41.3		10.4		4.0		428.3		800		25.0		95.0
load=95.0													
81795	41.3		10.4		4.0		428.3		800		25.0		95.0
load=95.0													
82303	41.3		10.4		4.0		428.3		800		25.0		95.0
load=95.0													
82811	41.3		10.4		4.0		428.3		800		25.0		95.0
load=95.0													
83319	41.3		10.4		4.0		428.3		800		25.0		95.0
load=95.0													
83827	41.3		10.4		4.0		428.3		800		25.0		95.0
load=95.0													
84335	41.3		10.4		4.0		428.3		800		25.0		95.0
load=95.0													
84843	41.3		10.4		4.0		428.3		800		25.0		95.0
load=95.0													
85351	41.3		10.4		4.0		428.3		800		25.0		95.0
load=95.0													
85859	41.3		10.4		4.0		428.3		800		25.0		95.0
load=95.0													
86367	41.3		10.4		4.0		428.3		800		25.0		95.0
load=95.0													
86875	41.3		10.4		4.0		428.3		800		25.0		95.0
load=95.0													
87383	41.3		10.4		4.0		428.3		800		25.0		95.0
load=95.0													
87891	41.3		10.4		4.0		428.3		800		25.0		95.0
load=95.0													
88399	41.3		10.4		4.0		428.3		800		25.0		95.0
load=95.0													
88907	41.3		10.4		4.0		428.3		800		25.0		95.0
load=95.0													
89415	41.3		10.4		4.0		428.3		800		25.0		95.0
load=95.0													
89923	41.3		10.4		4.0		428.3		800		25.0		95.0
load=95.0													
90431	41.3		10.4		4.0		428.3		800		25.0		95.0
load=95.0													
90939	41.3		10.4		4.0		428.3		800		25.0		95.0
load=95.0													
91447	41.3		10.4		4.0		428.3		800		25.0		95.0
load=95.0													
91955	41.3		10.4		4.0		428.3		800		25.0		95.0
load=95.0													
92463	41.3		10.4		4.0		428.3		800		25.0		95.0
load=95.0													
92971	41.3		10.4		4.0		428.3		800		25.0		95.0
load=95.0													
93479	41.3		10.4		4.0		428.3		800		25.0		95.0
load=95.0													
93987	41.3		10.4		4.0		428.3		800		25.0		95.0
load=95.0													
94495	41.3		10.4		4.0		428.3		800		25.0		95.0
load=95.0													
95003	41.3		10.4		4.0		428.3		800		25.0		95.0
load=95.0													
95511	41.3		10.4		4.0		428.3		800		25.0		95.0
load=95.0													
96019	41.3		10.4		4.0		428.3		800		25.0		95.0
load=95.0													
96527	41.3		10.4		4.0		428.3		800		25.0		95.0
load=95.0													
97035	41.3		10.4		4.0		428.3		800		25.0		95.0
load=95.0													
97543	41.3		10.4		4.0		428.3		800		25.0		95.0
load=95.0													
98051	41.3		10.4		4.0		428.3		800		25.0		95.0
load=95.0													
98559	41.3		10.4		4.0		428.3		800		25.0		95.0
load=95.0													
99067	41.3		10.4		4.0		428.3		800		25.0		95.0
load=95.0													
99575	41.3		10.4		4.0		428.3		800		25.0		95.0
load=95.0													
100083	41.3		10.4		4.0		428.3		800		25.0		95.0
load=95.0													
100591	41.3		10.4		4.0		428.3		800		25.0		95.0
load=95.0													
101099	41.3		10.4		4.0		428.3		800		25.0		95.0
load=95.0													
101607	41.3		10.4		4.0		428.3		800		25.0		95.0
load=95.0													
102115	41.3		10.4		4.0		428.3		800		25.0		95.0
load=95.0													
102623	41.3		10.4		4.0		428.3		800		25.0		95.0
load=95.0													
103131	41.3		10.4		4.0		428.3		800		25.0		95.0
load=95.0													
103639	41.3		10.4		4.0		428.3		800		25.0		95.0
load=95.0													
104147	41.3		10.4		4.0		428.3		800		25.0		95.0
load=95.0													
104655	41.3		10.4		4.0		428.3		800		25.0		95.0
load=95.0													
105163	41.3		10.4		4.0		428.3		800		25.0		95.0
load=95.0													
105671	41.3		10.4		4.0		428.3		800		25.0		95.0
load=95.0													
106179	41.3		10.4		4.0		428.3		800		25.0		95.0
load=95.0													
106687	41.3		10.4		4.0		428.3		800		25.0		95.0
load=95.0													
107195	41.3		10.4		4.0		428.3		800		25.0		95.0
load=95.0													
107703	41.3		10.4		4.0		428.3		800		25.0		95.0
load=95.0													
108211	41.3		10.4		4.0		428.3		800		25.0		95.0
load=95.0													
108719	41.3		10.4		4.0		428.3		800		25.0		95.0
load=95.0													
109227	41.3		10.4		4.0		428.3		800		25.0		95.0
load=95.0													
109735	41.3		10.4		4.0		428.3		800		25.0		95.0
load=95.0													
110243	41.3		10.4		4.0		428.3		800		25.0		95.0
load=95.0													
110751	41.3		10.4		4.0		428.3		800		25.0		95.0
load=95.0													
111259	41.3		10.4		4.0		428.3		800		25.0		95.0
load=95.0													
111767	41.3		10.4		4.0		428.3		800		25.0		95.0
load=95.0													
112275	41.3		10.4		4.0		428.3		800		25.0		95.0
load=95.0													
112783	41.3		10.4		4.0		428.3		800		25.0		95.0
load=95.0													
113291	41.3		10.4		4.0		428.3		800		25.0		95.0
load=95.0													
113799	41.3		10.4		4.0		428.3		800		25.0		95.0
load=95.0													
114307	41.3		10.4		4.0		428.3		800		25.0		95.0
load=95.0													
114815	41.3		10.4		4.0		428.3		800		25.0		95.0
load=95.0													
115323	41.3		10.4		4.0		428.3		800		25.0		95.0
load=95.0													
115831	41.3		10.4		4.0		428.3		800		25.0		95.0
load=95.0													
116339	41.3		10.4		4.0		428.3		800		25.0		95.0
load=95.0													
116847	41.3		10.4		4.0		428.3		800		25.0		95.0
load=95.0													
117355	41.3		10.4		4.0		428.3		800		25.0		95.0
load=95.0													
117863	41.3		10.4		4.0		428.3		800		25.0		95.0
load=95.0													
118371	41.3		10.4		4.0		428.3		800		25.0		95.0
load=95.0													
118879	41.3		10.4		4.0		428.3		800		25.0		95.0
load=95.0													
119387	41.3		10.4		4.0		428.3		800		25.0		95.0
load=95.0													
119895	41.3		10.4		4.0		428.3		800		25.0		95.0
load=95.0													
120403	41.3		10.4		4.0		428.3		800		25.0		95.0
load=95.0													
120911	41.3		10.4		4.0		428.0		799		25.0		95.0
load=92.0													
121419	41.3		10.2		4.0		423.2		790		25.0		92.0
load=89.0													
121927	41.3		10.0		4.1		415.0		775		25.0		89.0
load=86.0													
122435	41.3		9.9		4.2		407.4		761		25.0		86.0
load=83.0													
122943	41.3		9.7		4.3		399.6		746		25.0		83.0
load=80.0													
123451	41.3		9.5		4.4		392.0		732		25.0		80.0
load=77.0													
123959	41.3		9.3		4.5		383.5		716		25.0		77.0
load=74.0													
124467	41.3		9.1		4.5		375.3		701		25.0		74.0
load=71.0													
124975	41.3		8.9		4.6		367.8		687		25.0		71.0
load=68.0													
125483	41.3		8.7		4.7		359.9		672		25.0		68.0
load=65.0													
125991	41.3		8.5		4.8		352.3		658		25.0		65.0
load=62.0													
126499	41.3		8.3		5.0		344.5		643		25.0		62.0
load=59.0													
127007	41.3		8.1		5.1		336.3		628		25.0		59.0
load=56.0													
127515	41.3		7.9		5.2		328.1		613		25.0		56.0
load=53.0													
128023	41.3		7.8		5.3		320.9		599		25.0		53.0
load=50.0													
128531	41.3		7.6		5.5		312.7		584		25.0		50.0
load=47.0													
129039	41.3		7.4		5.6		305.1		570		25.0		47.0
load=44.0													
129547	41.3		7.2		5.7		297.9		556		25.0		44.0
load=41.0													
130055	41.3		7.0		5.9		288.8		539		25.0		41.0
load=38.0													
130563	41.3		6.8		6.1		281.2		525		25.0		38.0
load=35.0													
131071	41.3		6.6		6.2		273.6		511		25.0		35.0
load=32.0													
131579	41.3		6.4		6.4		265.5		496		25.0		32.0
load=29.0													
132087	41.3		6.2		6.6		258.2		482		25.0		29.0
load=26.0													
132595	41.3		6.1		6.8		251.5		470		25.0		26.0
load=23.0													
133103	41.3		6.1		6.8		251.2		469		25.0		23.0
load=20.0													
133611	41.3		6.0		6.8		249.4		466		25.0		20.0
load=17.0													
134119	41.3		5.9		7.1		242.2		452		25.0		17.0
load=14.0													
134627	41.3		5.7		7.3		234.0		437		25.0		14.0
load=11.0													
135135	41.3		5.5		7.5		226.4		423		25.0		11.0
load=8.0													
135643	41.3		5.4		7.7		221.3		413		25.0		8.0
load=5.0													
136151	41.3		5.3		7.7		220.7		412		25.0		5.0
load=5.0													
136659	41.3		5.2		7.9		215.2		402		25.0		5.0
load=5.0													
137167	41.3		5.2		8.0		214.6		401		25.0		5.0
load=5.0													
137675	41.3		5.2		8.0		214.3		400		25.0		5.0
load=5.0													
138183	41.3		5.2		8.0		214.3		400		25.0		5.0
load=5.0													
138691	41.3		5.2		8.0		214.3		400		25.0		5.0
load=5.0													
139199	41.3		5.2		8.0		214.3		400		25.0		5.0
load=5.0													
139707	41.3		5.2		8.0		214.3		400		25.0		5.0
load=5.0													
140215	41.3		5.2		8.0		214.3		400		25.0		5.0
load=5.0													
140723	41.3		5.2		8.0		214.3		400		25.0		5.0
load=5.0													
141231	41.3		5.2		8.0		214.3		400		25.0		5.0
load=5.0													
141739	41.3		5.2		8.0		214.3		400		25.0		5.0
load=5.0													
142247	41.3		5.2		8.0		214.3		400		25.0		5.0
load=5.0													
142755	41.3		5.2		8.0		214.3		400		25.0		5.0
load=5.3													
143263	41.3		5.2		8.0		214.3		400		25.0		5.3
load=5.7													
143771	41.3		5.2		8.0		214.3		400		25.0		5.7
load=6.2													
144279	41.3		5.2		8.0		214.3		400		25.0		6.2
load=6.7													
144787	41.3		5.2		8.0		214.3		400		25.0		6.7
load=7.3													
145295	41.3		5.2		8.0		214.3		400		25.0		7.3
load=7.9													
145803	41.3		5.2		8.0		214.3		400		25.0		7.9
load=8.5													
146311	41.3		5.2		8.0		214.3		400		25.0		8.5
load=9.1													
146819	41.3		5.2		8.0		214.3		400		25.0		9.1
load=9.7													
147327	41.3		5.2		8.0		214.3		400		25.0		9.7
load=10.3													
147835	41.3		5.2		8.0		214.3		400		25.0		10.3
load=10.9													
148343	41.3		5.2		8.0		214.3		400		25.0		10.9
load=11.5													
148851	41.3		5.2		8.0		214.3		400		25.0		11.5
load=12.2													
149359	41.3		5.2		8.0		214.3		400		25.0		12.2
load=12.8													
149867	41.3		5.2		8.0		214.3		400		25.0		12.8
load=13.4													
150375	41.3		5.2		8.0		214.3		400		25.0		13.4
load=14.0													
150883	41.3		5.2		8.0		214.3		400		25.0		14.0
load=14.7													
151391	41.3		5.2		8.0		214.3		400		25.0		14.7
load=15.3													
151899	41.3		5.2		8.0		214.3		400		25.0		15.3
load=15.9													
152407	41.3		5.2		8.0		214.3		400		25.0		15.9
load=16.5													
152915	41.3		5.2		8.0		214.3		400		25.0		16.5
load=17.2													
153423	41.3		5.2		8.0		214.3		400		25.0		17.2
load=17.8													
153931	41.3		5.2		8.0		214.3		400		25.0		17.8
load=18.4													
154439	41.3		5.2		8.0		214.3		400		25.0		18.4
load=19.0													
154947	41.3		5.2		8.0		214.3		400		25.0		19.0
load=19.7													
155455	41.3		5.2		8.0		214.3		400		25.0		19.7
load=20.3													
155963	41.3		5.2		8.0		214.3		400		25.0		20.3
load=20.9													
156471	41.3		5.2		8.0		214.3		400		25.0		20.9
load=21.6													
156979	41.3		5.2		8.0		214.3		400		25.0		21.6
load=22.2													
157487	41.3		5.2		8.0		214.3		400		25.0		22.2
load=22.8													
157995	41.3		5.2		8.0		214.3		400		25.0		22.8
load=23.4													
158503	41.3		5.2		8.0		214.3		400		25.0		23.4
load=24.1													
159011	41.3		5.2		8.0		214.3		400		25.0		24.1
load=24.7													
159519	41.3		5.2		8.0		214.3		400		25.0		24.7
load=25.3													
160027	41.3		5.2		8.0		214.3		400		25.0		25.3
load=26.0													
160535	41.3		5.2		8.0		214.3		400		25.0		26.0
load=26.6													
161043	41.3		5.2		8.0		214.3		400		25.0		26.6
load=27.2													
161551	41.3		5.2		8.0		214.3		400		25.0		27.2
load=27.8													
162059	41.3		5.2		8.0		214.3		400		25.0		27.8
load=28.5													
162567	41.3		5.2		8.0		214.3		400		25.0		28.5
load=29.1													
163075	41.3		5.2		8.0		214.3		400		25.0		29.1
load=29.7													
163583	41.3		5.2		8.0		214.3		400		25.0		29.7
load=30.3													
164091	41.3		5.2		8.0		214.3		400		25.0		30.3
load=31.0													
164599	41.3		5.2		8.0		214.3		400		25.0		31.0
load=31.6													
165107	41.3		5.2		8.0		214.3		400		25.0		31.6
load=32.2													
165615	41.3		5.2		8.0		214.3		400		25.0		32.2
load=32.9													
166123	41.3		5.2		8.0		214.3		400		25.0		32.9
load=33.5													
166631	41.3		5.2		8.0		214.3		400		25.0		33.5
load=34.1													
167139	41.3		5.2		8.0		214.3		400		25.0		34.1
load=34.7													
167647	41.3		5.2		8.0		214.3		400		25.0		34.7
load=35.4													
168155	41.3		5.2		8.0		214.3		400		25.0		35.4
load=36.0													
168663	41.3		5.2		8.0		214.3		400		25.0		36.0
load=36.6													
169171	41.3		5.2		8.0		214.3		400		25.0		36.6
load=37.3													
169679	41.3		5.2		8.0		214.3		400		25.0		37.3
load=37.9													
170187	41.3		5.2		8.0		214.3		400		25.0		37.9
load=39.1													
170695	41.3		5.2		8.0		214.6		401		25.0		39.1
load=40.4													
171203	41.3		5.2		7.9		214.8		402		25.0		40.4
load=43.4													
171711	41.3		5.4		7.6		223.4		417		25.0		43.4
load=46.4													
172219	41.3		5.6		7.4		230.7		431		25.0		46.4
load=49.4													
172727	41.3		5.8		7.1		238.8		446		25.0		49.4
load=52.4													
173235	41.3		6.0		6.9		246.4		460		25.0		52.4
load=55.4													
173743	41.3		6.1		6.7		254.0		474		25.0		55.4
load=58.4													
174251	41.3		6.3		6.5		261.8		489		25.0		58.4
load=61.4													
174759	41.3		6.5		6.3		270.3		505		25.0		61.4
load=64.4													
175267	41.3		6.7		6.1		278.5		520		25.0		64.4
load=67.4													
175775	41.3		6.9		6.0		286.1		534		25.0		67.4
load=70.4													
176283	41.3		7.1		5.8		293.9		549		25.0		70.4
load=73.4													
176791	41.3		7.3		5.7		301.5		563		25.0		73.4
load=76.4													
177299	41.3		7.5		5.5		309.1		577		25.0		76.4
load=79.4													
177807	41.3		7.7		5.4		317.5		593		25.0		79.4
load=82.4													
178315	41.3		7.9		5.2		325.7		608		25.0		82.4
load=85.4													
178823	41.3		8.1		5.1		333.0		622		25.0		85.4
load=88.4													
179331	41.3		8.3		5.0		341.1		637		25.0		88.4
load=91.4													
179839	41.3		8.4		4.9		349.0		652		25.0		91.4
load=94.4													
180347	41.3		8.6		4.8		356.6		666		25.0		94.4
load=95.0													
180855	41.3		8.8		4.7		365.4		682		25.0		95.0
load=95.0													
181363	41.3		9.0		4.6		372.6		696		25.0		95.0
load=95.0													
181871	41.3		9.2		4.5		380.8		711		25.0		95.0
load=95.0													
182379	41.3		9.4		4.4		388.4		725		25.0		95.0
load=95.0													
182887	41.3		9.6		4.3		396.2		740		25.0		95.0
load=95.0													
183395	41.3		9.8		4.2		403.8		754		25.0		95.0
load=95.0													
183903	41.3		10.0		4.1		411.9		770		25.0		95.0
load=95.0													
184411	41.3		10.2		4.1		420.5		785		25.0		95.0
load=95.0													
184919	41.3		10.4		4.0		428.0		799		25.0		95.0
load=95.0													
185427	41.3		10.4		4.0		430.1		803		25.0		95.0
load=95.0													
185935	41.3		10.4		4.0		428.3		800		25.0		95.0
load=95.0													
186443	41.3		10.4		4.0		428.3		800		25.0		95.0
load=95.0													
186951	41.3		10.4		4.0		428.3		800		25.0		95.0
load=95.0													
187459	41.3		10.4		4.0		428.3		800		25.0		95.0
load=95.0													
187967	41.3		10.4		4.0		428.3		800		25.0		95.0
load=95.0													
188475	41.3		10.4		4.0		428.3		800		25.0		95.0
load=95.0													
188983	41.3		10.4		4.0		428.3		800		25.0		95.0
load=95.0													
189491	41.3		10.4		4.0		428.3		800		25.0		95.0
load=95.0													
189999	41.3		10.4		4.0		428.3		800		25.0		95.0
load=95.0													
190507	41.3		10.4		4.0		428.3		800		25.0		95.0
load=95.0													
191015	41.3		10.4		4.0		428.3		800		25.0		95.0
load=95.0													
191523	41.3		10.4		4.0		428.3		800		25.0		95.0
load=95.0													
192031	41.3		10.4		4.0		428.3		800		25.0		95.0
load=95.0													
192539	41.3		10.4		4.0		428.3		800		25.0		95.0
load=95.0													
193047	41.3		10.4		4.0		428.3		800		25.0		95.0
load=95.0													
193555	41.3		10.4		4.0		428.3		800		25.0		95.0
load=95.0													
194063	41.3		10.4		4.0		428.3		800		25.0		95.0
load=95.0													
194571	41.3		10.4		4.0		428.3		800		25.0		95.0
load=95.0													
195079	41.3		10.4		4.0		428.3		800		25.0		95.0
load=95.0													
195587	41.3		10.4		4.0		428.3		800		25.0		95.0
load=95.0													
196095	41.3		10.4		4.0		428.3		800		25.0		95.0
load=95.0													
196603	41.3		10.4		4.0		428.3		800		25.0		95.0
load=95.0													
197111	41.3		10.4		4.0		428.3		800		25.0		95.0
load=95.0													
197619	41.3		10.4		4.0		428.3		800		25.0		95.0
load=95.0													
198127	41.3		10.4		4.0		428.3		800		25.0		95.0
load=95.0													
198635	41.3		10.4		4.0		428.3		800		25.0		95.0
load=95.0													
199143	41.3		10.4		4.0		428.3		800		25.0		95.0
load=95.0													
199651	41.3		10.4		4.0		428.3		800		25.0		95.0
load=95.0													
200159	41.3		10.4		4.0		428.3		800		25.0		95.0
load=95.0													
200667	41.3		10.4		4.0		428.3		800		25.0		95.0
load=95.0													
201175	41.3		10.4		4.0		428.3		800		25.0		95.0
load=95.0													
201683	41.3		10.4		4.0		428.3		800		25.0		95.0
load=95.0													
202191	41.3		10.4		4.0		428.3		800		25.0		95.0
load=95.0													
202699	41.3		10.4		4.0		428.3		800		25.0		95.0
load=95.0													
203207	41.3		10.4		4.0		428.3		800		25.0		95.0
load=95.0													
203715	41.3		10.4		4.0		428.3		800		25.0		95.0
load=95.0													
204223	41.3		10.4		4.0		428.3		800		25.0		95.0
load=95.0													
204731	41.3		10.4		4.0		428.3		800		25.0		95.0
load=95.0													
205239	41.3		10.4		4.0		428.3		800		25.0		95.0
load=95.0													
205747	41.3		10.4		4.0		428.3		800		25.0		95.0
load=95.0													
206255	41.3		10.4		4.0		428.3		800		25.0		95.0
load=95.0													
206763	41.3		10.4		4.0		428.3		800		25.0		95.0
load=95.0													
207271	41.3		10.4		4.0		428.3		800		25.0		95.0
load=95.0													
207779	41.3		10.4		4.0		428.3		800		25.0		95.0
load=95.0													
208287	41.3		10.4		4.0		428.3		800		25.0		95.0
load=95.0													
208795	41.3		10.4		4.0		428.3		800		25.0		95.0
load=95.0													
209303	41.3		10.4		4.0		428.3		800		25.0		95.0
load=95.0													
209811	41.3		10.4		4.0		428.3		800		25.0		95.0
load=95.0													
210319	41.3		10.4		4.0		428.3		800		25.0		95.0
load=95.0													
210827	41.3		10.4		4.0		428.3		800		25.0		95.0
load=95.0													
211335	41.3		10.4		4.0		428.3		800		25.0		95.0
load=95.0													
211843	41.3		10.4		4.0		428.3		800		25.0		95.0
load=95.0													
212351	41.3		10.4		4.0		428.3		800		25.0		95.0
load=95.0													
212859	41.3		10.4		4.0		428.3		800		25.0		95.0
load=95.0													
213367	41.3		10.4		4.0		428.3		800		25.0		95.0
load=95.0													
213875	41.3		10.4		4.0		428.3		800		25.0		95.0
load=95.0													
214383	41.3		10.4		4.0		428.3		800		25.0		95.0
load=95.0													
214891	41.3		10.4		4.0		428.3		800		25.0		95.0
load=95.0													
215399	41.3		10.4		4.0		428.3		800		25.0		95.0
load=95.0													
215907	41.3		10.4		4.0		428.3		800		25.0		95.0
load=95.0													
216415	41.3		10.4		4.0		428.3		800		25.0		95.0
load=95.0													
216923	41.3		10.4		4.0		428.3		800		25.0		95.0
load=95.0													
217431	41.3		10.4		4.0		428.3		800		25.0		95.0
load=95.0													
217939	41.3		10.4		4.0		428.3		800		25.0		95.0
load=95.0													
218447	41.3		10.4		4.0		428.3		800		25.0		95.0
load=95.0													
218955	41.3		10.4		4.0		428.3		800		25.0		95.0
load=95.0													
219463	41.3		10.4		4.0		428.3		800		25.0		95.0
load=95.0													
219971	41.3		10.4		4.0		428.3		800		25.0		95.0
load=95.0													
220479	41.3		10.4		4.0		428.3		800		25.0		95.0
load=95.0													
220987	41.3		10.4		4.0		428.0		799		25.0		95.0
load=92.0													
221495	41.3		10.3		4.0		425.6		795		25.0		92.0
load=89.0													
222003	41.3		10.1		4.1		417.4		778		25.0		89.0
load=86.0													
222511	41.3		9.9		4.2		409.3		764		25.0		86.0
load=83.0													
223019	41.3		9.7		4.3		401.1		749		25.0		83.0
load=80.0													
223527	41.3		9.5		4.3		393.5		735		25.0		80.0
load=77.0													
224035	41.3		9.3		4.4		385.6		720		25.0		77.0
load=74.0													
224543	41.3		9.2		4.5		378.1		706		25.0		74.0
load=71.0													
225051	41.3		9.0		4.6		370.5		692		25.0		71.0
load=68.0													
225559	41.3		8.7		4.7		361.4		675		25.0		68.0
load=65.0													
226067	41.3		8.6		4.8		354.5		662		25.0		65.0
load=62.0													
226575	41.3		8.4		4.9		346.0		646		25.0		62.0
load=59.0													
227083	41.3		8.2		5.0		338.4		632		25.0		59.0
load=56.0													
227591	41.3		8.0		5.2		330.9		618		25.0		56.0
load=53.0													
228099	41.3		7.8		5.3		323.0		603		25.0		53.0
load=50.0													
228607	41.3		7.6		5.4		314.2		587		25.0		50.0
load=47.0													
229115	41.3		7.4		5.6		306.3		572		25.0		47.0
load=44.0													
229623	41.3		7.2		5.7		298.8		558		25.0		44.0
load=41.0													
230131	41.3		7.0		5.9		291.2		544		25.0		41.0
load=38.0													
230639	41.3		6.9		6.0		283.9		530		25.0		38.0
load=35.0													
231147	41.3		6.7		6.2		275.8		515		25.0		35.0
load=32.0													
231655	41.3		6.5		6.4		267.3		499		25.0		32.0
load=29.0													
232163	41.3		6.3		6.6		259.7		485		25.0		29.0
load=26.0													
232671	41.3		6.1		6.8		251.5		470		25.0		26.0
load=23.0													
233179	41.3		5.9		7.0		244.3		456		25.0		23.0
load=20.0													
233687	41.3		5.7		7.2		236.1		441		25.0		20.0
load=17.0													
234195	41.3		5.5		7.5		228.5		427		25.0		17.0
load=14.0													
234703	41.3		5.3		7.7		220.5		411		25.0		14.0
load=11.0													
235211	41.3		5.1		8.0		212.2		396		25.0		11.0
load=8.0													
235719	41.3		5.0		8.3		204.6		382		25.0		8.0
load=5.0													
236227	41.3		4.8		8.7		196.5		367		25.0		5.0
load=5.0													
236735	41.3		4.6		9.0		189.2		353		25.0		5.0
load=5.0													
237243	41.3		4.4		9.4		181.0		338		25.0		5.0
load=5.0													
237751	41.3		4.2		9.8		173.4		324		25.0		5.0
load=5.0													
238259	41.3		4.1		10.1		168.6		315		25.0		5.0
load=5.0													
238767	41.3		4.1		10.2		167.7		313		25.0		5.0
load=5.0													
239275	41.3		4.0		10.3		165.6		309		25.0		5.0
load=5.0													
239783	41.3		3.8		10.8		158.0		295		25.0		5.0
load=5.0													
240291	41.3		3.8		10.8		158.0		295		25.0		5.0
load=5.0													
240799	41.3		3.8		10.7		158.9		297		25.0		5.0
load=5.0													
241307	41.3		3.9		10.6		160.7		300		25.0		5.0
load=5.0													
241815	41.3		3.9		10.6		160.7		300		25.0		5.0
load=5.0													
242323	41.3		3.9		10.6		160.7		300		25.0		5.0
load=5.0													
242831	41.3		3.9		10.6		160.7		300		25.0		5.0
load=5.0													
243339	41.3		3.9		10.6		160.7		300		25.0		5.0
load=5.0													
243847	41.3		3.9		10.6		160.7		300		25.0		5.0
load=5.0													
244355	41.3		3.9		10.6		160.7		300		25.0		5.0
load=5.0													
244863	41.3		3.9		10.6		160.7		300		25.0		5.0
load=5.0													
245371	41.3		3.9		10.6		160.7		300		25.0		5.0
load=5.0													
245879	41.3		3.9		10.6		160.7		300		25.0		5.0
load=5.3													
246387	41.3		3.9		10.6		160.7		300		25.0		5.3
load=5.6													
246895	41.3		3.9		10.6		160.7		300		25.0		5.6
load=6.0													
247403	41.3		3.9		10.6		160.7		300		25.0		6.0
load=6.4													
247911	41.3		3.9		10.6		160.7		300		25.0		6.4
load=6.9													
248419	41.3		3.9		10.6		160.7		300		25.0		6.9
load=7.3													
248927	41.3		3.9		10.6		160.7		300		25.0		7.3
load=7.7													
249435	41.3		3.9		10.6		160.7		300		25.0		7.7
load=8.2													
249943	41.3		3.9		10.6		160.7		300		25.0		8.2
load=8.7													
250451	41.3		3.9		10.6		160.7		300		25.0		8.7
load=9.1													
250959	41.3		3.9		10.6		160.7		300		25.0		9.1
load=9.6													
251467	41.3		3.9		10.6		160.7		300		25.0		9.6
load=10.1													
251975	41.3		3.9		10.6		160.7		300		25.0		10.1
load=10.5													
252483	41.3		3.9		10.6		160.7		300		25.0		10.5
load=11.0													
252991	41.3		3.9		10.6		160.7		300		25.0		11.0
load=11.5													
253499	41.3		3.9		10.6		160.7		300		25.0		11.5
load=11.9													
254007	41.3		3.9		10.6		160.7		300		25.0		11.9
load=12.4													
254515	41.3		3.9		10.6		160.7		300		25.0		12.4
load=12.9													
255023	41.3		3.9		10.6		160.7		300		25.0		12.9
load=13.3													
255531	41.3		3.9		10.6		160.7		300		25.0		13.3
load=13.8													
256039	41.3		3.9		10.6		160.7		300		25.0		13.8
load=14.3													
256547	41.3		3.9		10.6		160.7		300		25.0		14.3
load=14.8													
257055	41.3		3.9		10.6		160.7		300		25.0		14.8
load=15.2													
257563	41.3		3.9		10.6		160.7		300		25.0		15.2
load=15.7													
258071	41.3		3.9		10.6		160.7		300		25.0		15.7
load=16.2													
258579	41.3		3.9		10.6		160.7		300		25.0		16.2
load=16.6													
259087	41.3		3.9		10.6		160.7		300		25.0		16.6
load=17.1													
259595	41.3		3.9		10.6		160.7		300		25.0		17.1
load=17.6													
260103	41.3		3.9		10.6		160.7		300		25.0		17.6
load=18.1													
260611	41.3		3.9		10.6		160.7		300		25.0		18.1
load=18.5													
261119	41.3		3.9		10.6		160.7		300		25.0		18.5
load=19.0													
261627	41.3		3.9		10.6		160.7		300		25.0		19.0
load=19.5													
262135	41.3		3.9		10.6		160.7		300		25.0		19.5
load=19.9													
262643	41.3		3.9		10.6		160.7		300		25.0		19.9
load=20.4													
263151	41.3		3.9		10.6		160.7		300		25.0		20.4
load=20.9													
263659	41.3		3.9		10.6		160.7		300		25.0		20.9
load=21.3													
264167	41.3		3.9		10.6		160.7		300		25.0		21.3
load=21.8													
264675	41.3		3.9		10.6		160.7		300		25.0		21.8
load=22.3													
265183	41.3		3.9		10.6		160.7		300		25.0		22.3
load=22.8													
265691	41.3		3.9		10.6		160.7		300		25.0		22.8
load=23.2													
266199	41.3		3.9		10.6		160.7		300		25.0		23.2
load=23.7													
266707	41.3		3.9		10.6		160.7		300		25.0		23.7
load=24.2													
267215	41.3		3.9		10.6		160.7		300		25.0		24.2
load=24.6													
267723	41.3		3.9		10.6		160.7		300		25.0		24.6
load=25.1													
268231	41.3		3.9		10.6		160.7		300		25.0		25.1
load=25.6													
268739	41.3		3.9		10.6		160.7		300		25.0		25.6
load=26.1													
269247	41.3		3.9		10.6		160.7		300		25.0		26.1
load=26.5													
269755	41.3		3.9		10.6		160.7		300		25.0		26.5
load=27.0													
270263	41.3		3.9		10.6		160.7		300		25.0		27.0
load=27.5													
270771	41.3		3.9		10.6		160.7		300		25.0		27.5
load=27.9													
271279	41.3		3.9		10.6		160.7		300		25.0		27.9
load=28.4													
271787	41.3		3.9		10.6		160.7		300		25.0		28.4
load=28.9													
272295	41.3		3.9		10.6		160.7		300		25.0		28.9
load=29.3													
272803	41.3		3.9		10.6		160.7		300		25.0		29.3
load=29.8													
273311	41.3		3.9		10.6		160.7		300		25.0		29.8
load=30.3													
273819	41.3		3.9		10.6		160.7		300		25.0		30.3
load=30.8													
274327	41.3		3.9		10.6		160.7		300		25.0		30.8
load=31.2													
274835	41.3		3.9		10.6		160.7		300		25.0		31.2
load=31.7													
275343	41.3		3.9		10.6		160.7		300		25.0		31.7
load=32.2													
275851	41.3		3.9		10.6		160.7		300		25.0		32.2
load=32.6													
276359	41.3		3.9		10.6		160.7		300		25.0		32.6
load=33.1													
276867	41.3		3.9		10.6		160.7		300		25.0		33.1
load=33.6													
277375	41.3		3.9		10.6		160.7		300		25.0		33.6
load=34.1													
277883	41.3		3.9		10.6		160.7		300		25.0		34.1
load=34.5													
278391	41.3		3.9		10.6		160.7		300		25.0		34.5
load=35.0													
278899	41.3		3.9		10.6		160.7		300		25.0		35.0
load=35.5													
279407	41.3		3.9		10.6		160.7		300		25.0		35.5
load=35.9													
279915	41.3		3.9		10.6		160.7		300		25.0		35.9
load=36.4													
280423	41.3		3.9		10.6		160.7		300		25.0		36.4
load=38.0													
280931	41.3		3.9		10.6		161.3		301		25.0		38.0
load=41.0													
281439	41.3		4.0		10.4		164.4		307		25.0		41.0
load=44.0													
281947	41.3		4.2		9.9		171.9		321		25.0		44.0
load=47.0													
282455	41.3		4.4		9.5		180.4		337		25.0		47.0
load=50.0													
282963	41.3		4.6		9.1		188.6		352		25.0		50.0
load=53.0													
283471	41.3		4.7		8.7		195.8		366		25.0		53.0
load=56.0													
283979	41.3		4.9		8.4		204.0		381		25.0		56.0
load=59.0													
284487	41.3		5.1		8.1		211.6		395		25.0		59.0
load=62.0													
284995	41.3		5.3		7.8		219.5		410		25.0		62.0
load=65.0													
285503	41.3		5.5		7.5		227.2		425		25.0		65.0
load=68.0													
286011	41.3		5.7		7.2		235.5		440		25.0		68.0
load=71.0													
286519	41.3		5.9		7.0		243.1		454		25.0		71.0
load=74.0													
287027	41.3		6.1		6.8		251.2		469		25.0		74.0
load=77.0													
287535	41.3		6.3		6.6		259.1		484		25.0		77.0
load=80.0													
288043	41.3		6.5		6.4		266.7		498		25.0		80.0
load=83.0													
288551	41.3		6.6		6.2		274.2		512		25.0		83.0
load=86.0													
289059	41.3		6.8		6.0		282.7		528		25.0		86.0
load=89.0													
289567	41.3		7.0		5.9		290.9		543		25.0		89.0
load=92.0													
290075	41.3		7.2		5.7		298.2		557		25.0		92.0
load=95.0													
290583	41.3		7.4		5.6		306.3		572		25.0		95.0
load=95.0													
291091	41.3		7.6		5.4		314.2		587		25.0		95.0
load=95.0													
291599	41.3		7.8		5.3		321.8		601		25.0		95.0
load=95.0													
292107	41.3		8.0		5.2		330.5		617		25.0		95.0
load=95.0													
292615	41.3		8.2		5.1		337.8		631		25.0		95.0
load=95.0													
293123	41.3		8.4		4.9		346.0		646		25.0		95.0
load=95.0													
293631	41.3		8.6		4.8		353.6		660		25.0		95.0
load=95.0													
294139	41.3		8.7		4.7		361.4		675		25.0		95.0
load=95.0													
294647	41.3		8.9		4.6		369.0		689		25.0		95.0
load=95.0													
295155	41.3		9.1		4.5		377.5		705		25.0		95.0
load=95.0													
295663	41.3		9.3		4.4		385.6		720		25.0		95.0
load=95.0													
296171	41.3		9.5		4.3		393.2		734		25.0		95.0
load=95.0													
296679	41.3		9.7		4.3		401.1		749		25.0		95.0
load=95.0													
297187	41.3		9.9		4.2		408.6		763		25.0		95.0
load=95.0													
297695	41.3		10.1		4.1		416.5		778		25.0		95.0
load=95.0													
298203	41.3		10.2		4.0		422.0		788		25.0		95.0
load=95.0													
298711	41.3		10.2		4.0		422.6		789		25.0		95.0
load=95.0													
299219	41.3		10.4		4.0		428.3		800		25.0		95.0
load=95.0													
299727	41.3		10.4		4.0		428.9		801		25.0		95.0
load=95.0													
300235	41.3		10.4		4.0		428.3		800		25.0		95.0
load=95.0													
300743	41.3		10.4		4.0		428.3		800		25.0		95.0
load=95.0													
301251	41.3		10.4		4.0		428.3		800		25.0		95.0
load=95.0													
301759	41.3		10.4		4.0		428.3		800		25.0		95.0
load=95.0													
302267	41.3		10.4		4.0		428.3		800		25.0		95.0
load=95.0													
302775	41.3		10.4		4.0		428.3		800		25.0		95.0
load=95.0													
303283	41.3		10.4		4.0		428.3		800		25.0		95.0
load=95.0													
303791	41.3		10.4		4.0		428.3		800		25.0		95.0
load=95.0													
304299	41.3		10.4		4.0		428.3		800		25.0		95.0
load=95.0													
304807	41.3		10.4		4.0		428.3		800		25.0		95.0
load=95.0													
305315	41.3		10.4		4.0		428.3		800		25.0		95.0
load=95.0													
305823	41.3		10.4		4.0		428.3		800		25.0		95.0
load=95.0													
306331	41.3		10.4		4.0		428.3		800		25.0		95.0
load=95.0													
306839	41.3		10.4		4.0		428.3		800		25.0		95.0
load=95.0													
307347	41.3		10.4		4.0		428.3		800		25.0		95.0
load=95.0													
307855	41.3		10.4		4.0		428.3		800		25.0		95.0
load=95.0													
308363	41.3		10.4		4.0		428.3		800		25.0		95.0
load=95.0													
308871	41.3		10.4		4.0		428.3		800		25.0		95.0
load=95.0													
309379	41.3		10.4		4.0		428.3		800		25.0		95.0
load=95.0													
309887	41.3		10.4		4.0		428.3		800		25.0		95.0
load=95.0													
310395	41.3		10.4		4.0		428.3		800		25.0		95.0
load=95.0													
310903	41.3		10.4		4.0		428.3		800		25.0		95.0
load=95.0													
311411	41.3		10.4		4.0		428.3		800		25.0		95.0
load=95.0													
311919	41.3		10.4		4.0		428.3		800		25.0		95.0
load=95.0													
312427	41.3		10.4		4.0		428.3		800		25.0		95.0
load=95.0													
312935	41.3		10.4		4.0		428.3		800		25.0		95.0
load=95.0													
313443	41.3		10.4		4.0		428.3		800		25.0		95.0
load=95.0													
313951	41.3		10.4		4.0		428.3		800		25.0		95.0
load=95.0													
314459	41.3		10.4		4.0		428.3		800		25.0		95.0
load=95.0													
314967	41.3		10.4		4.0		428.3		800		25.0		95.0
load=95.0													
315475	41.3		10.4		4.0		428.3		800		25.0		95.0
load=95.0													
315983	41.3		10.4		4.0		428.3		800		25.0		95.0
load=95.0													
316491	41.3		10.4		4.0		428.3		800		25.0		95.0
load=95.0													
316999	41.3		10.4		4.0		428.3		800		25.0		95.0
load=95.0													
317507	41.3		10.4		4.0		428.3		800		25.0		95.0
load=95.0													
318015	41.3		10.4		4.0		428.3		800		25.0		95.0
load=95.0													
318523	41.3		10.4		4.0		428.3		800		25.0		95.0
load=95.0													
319031	41.3		10.4		4.0		428.3		800		25.0		95.0
load=95.0													
319539	41.3		10.4		4.0		428.3		800		25.0		95.0
load=95.0													
320047	41.3		10.4		4.0		428.3		800		25.0		95.0
load=95.0													
320555	41.3		10.4		4.0		428.3		800		25.0		95.0
load=95.0													
321063	41.3		10.4		4.0		428.3		800		25.0		95.0
load=95.0													
321571	41.3		10.4		4.0		428.3		800		25.0		95.0
load=95.0													
322079	41.3		10.4		4.0		428.3		800		25.0		95.0
load=95.0													
322587	41.3		10.4		4.0		428.3		800		25.0		95.0
load=95.0													
323095	41.3		10.4		4.0		428.3		800		25.0		95.0
load=95.0													
323603	41.3		10.4		4.0		428.3		800		25.0		95.0
load=95.0													
324111	41.3		10.4		4.0		428.3		800		25.0		95.0
load=95.0													
324619	41.3		10.4		4.0		428.3		800		25.0		95.0
load=95.0													
325127	41.3		10.4		4.0		428.3		800		25.0		95.0
load=95.0													
325635	41.3		10.4		4.0		428.3		800		25.0		95.0
load=95.0													
326143	41.3		10.4		4.0		428.3		800		25.0		95.0
load=95.0													
326651	41.3		10.4		4.0		428.3		800		25.0		95.0
load=95.0													
327159	41.3		10.4		4.0		428.3		800		25.0		95.0
load=95.0													
327667	41.3		10.4		4.0		428.3		800		25.0		95.0
load=95.0													
328175	41.3		10.4		4.0		428.3		800		25.0		95.0
load=95.0													
328683	41.3		10.4		4.0		428.3		800		25.0		95.0
load=95.0													
329191	41.3		10.4		4.0		428.3		800		25.0		95.0
load=95.0													
329699	41.3		10.4		4.0		428.3		800		25.0		95.0
load=95.0													
330207	41.3		10.4		4.0		428.3		800		25.0		95.0
load=95.0													
330715	41.3		10.4		4.0		428.3		800		25.0		95.0
load=95.0													
331223	41.3		10.4		4.0		428.3		800		25.0		95.0
load=95.0													
331731	41.3		10.4		4.0		428.3		800		25.0		95.0
load=95.0													
332239	41.3		10.4		4.0		428.3		800		25.0		95.0
load=95.0													
332747	41.3		10.4		4.0		428.3		800		25.0		95.0
load=95.0													
333255	41.3		10.4		4.0		428.3		800		25.0		95.0
load=95.0													
333763	41.3		10.4		4.0		428.3		800		25.0		95.0
load=95.0													
334271	41.3		10.4		4.0		428.3		800		25.0		95.0
load=95.0													
334779	41.3		10.4		4.0		428.3		800		25.0		95.0
load=95.0													
335287	41.3		10.4		4.0		428.3		800		25.0		95.0
load=95.0													
335795	41.3		10.4		4.0		428.3		800		25.0		95.0
load=95.0													
336303	41.3		10.4		4.0		428.3		800		25.0		95.0
load=95.0													
336811	41.3		10.4		4.0		428.3		800		25.0		95.0
load=95.0													
337319	41.3		10.4		4.0		428.3		800		25.0		95.0
load=95.0													
337827	41.3		10.4		4.0		428.3		800		25.0		95.0
load=95.0													
338335	41.3		10.4		4.0		428.3		800		25.0		95.0
load=95.0													
338843	41.3		10.4		4.0		428.3		800		25.0		95.0
load=95.0													
339351	41.3		10.4		4.0		428.3		800		25.0		95.0
load=95.0													
339859	41.3		10.4		4.0		428.3		800		25.0		95.0
load=95.0													
340367	41.3		10.4		4.0		428.3		800		25.0		95.0
load=95.0													
340875	41.3		10.4		4.0		428.3		800		25.0		95.0
load=95.0													
341383	41.2		10.4		4.0		427.1		800		26.0		95.0
load=95.0													
341891	40.7		10.4		3.9		422.8		800		29.0		95.0
load=95.0													
342399	39.1		10.4		3.7		408.1		800		43.0		95.0
load=95.0													
342907	38.1		10.5		3.6		398.5		800		51.0		95.0
load=95.0													
343415	37.8		10.5		3.6		395.7		800		53.0		95.0
load=95.0													
343923	37.5		10.5		3.6		393.2		800		56.0		95.0
load=95.0													
344431	37.1		10.5		3.5		388.9		800		59.0		95.0
load=95.0													
344939	36.9		10.5		3.5		387.4		800		60.0		95.0
load=95.0													
345447	36.9		10.5		3.5		387.4		800		60.0		95.0
load=95.0													
345955	36.9		10.5		3.5		387.4		800		60.0		95.0
load=95.0													
346463	36.9		10.5		3.5		387.4		800		60.0		95.0
load=95.0													
346971	36.9		10.5		3.5		387.4		800		60.0		95.0
load=95.0													
347479	36.9		10.5		3.5		387.4		800		60.0		95.0
load=95.0													
347987	36.9		10.5		3.5		387.4		800		60.0		95.0
load=95.0													
348495	36.9		10.5		3.5		387.4		800		60.0		95.0
load=95.0													
349003	36.9		10.5		3.5		387.4		800		60.0		95.0
load=95.0													
349511	36.9		10.5		3.5		387.4		800		60.0		95.0
load=95.0													
350019	36.9		10.5		3.5		387.4		800		60.0		95.0
load=95.0													
350527	36.9		10.5		3.5		387.4		800		60.0		95.0
load=95.0													
351035	36.9		10.5		3.5		387.4		800		60.0		95.0
load=95.0													
351543	36.9		10.5		3.5		387.4		800		60.0		95.0
load=95.0													
352051	36.9		10.5		3.5		387.4		800		60.0		95.0
load=95.0													
352559	36.9		10.5		3.5		387.4		800		60.0		95.0
load=95.0													
353067	36.9		10.5		3.5		387.4		800		60.0		95.0
load=95.0													
353575	36.9		10.5		3.5		387.4		800		60.0		95.0
load=95.0													
354083	36.9		10.5		3.5		387.4		800		60.0		95.0
load=95.0													
354591	36.9		10.5		3.5		387.4		800		60.0		95.0
load=95.0													
355099	36.9		10.5		3.5		387.4		800		60.0		95.0
load=95.0													
355607	36.9		10.5		3.5		387.4		800		60.0		95.0
load=95.0													
356115	36.9		10.5		3.5		387.4		800		60.0		95.0
load=95.0													
356623	36.9		10.5		3.5		387.4		800		60.0		95.0
load=95.0													
357131	36.9		10.5		3.5		387.4		800		60.0		95.0
load=95.0													
357639	36.9		10.5		3.5		387.4		800		60.0		95.0
load=95.0													
358147	36.9		10.5		3.5		387.4		800		60.0		95.0
load=95.0													
358655	36.9		10.5		3.5		387.4		800		60.0		95.0
load=95.0													
359163	36.9		10.5		3.5		387.4		800		60.0		95.0
load=95.0													
359671	36.9		10.5		3.5		387.4		800		60.0		95.0
load=95.0													
360179	36.9		10.5		3.5		387.4		800		60.0		95.0
load=95.0													
360687	36.9		10.5		3.5		387.4		800		60.0		95.0
load=95.0													
361195	36.9		10.5		3.5		387.4		800		60.0		95.0
load=95.0													
361703	36.9		10.5		3.5		387.4		800		60.0		95.0
load=95.0													
362211	36.9		10.5		3.5		387.4		800		60.0		95.0
load=95.0													
362719	36.9		10.5		3.5		387.4		800		60.0		95.0
load=95.0													
363227	36.9		10.5		3.5		387.4		800		60.0		95.0
load=95.0													
363735	36.9		10.5		3.5		387.4		800		60.0		95.0
load=95.0													
364243	36.9		10.5		3.5		387.4		800		60.0		95.0
load=95.0													
364751	36.9		10.5		3.5		387.4		800		60.0		95.0
load=95.0													
365259	36.9		10.5		3.5		387.4		800		60.0		95.0
load=95.0													
365767	36.9		10.5		3.5		387.4		800		60.0		95.0
load=95.0													
366275	36.9		10.5		3.5		387.4		800		60.0		95.0
load=95.0													
366783	36.9		10.5		3.5		387.4		800		60.0		95.0
load=95.0													
367291	36.9		10.5		3.5		387.4		800		60.0		95.0
load=95.0													
367799	36.9		10.5		3.5		387.4		800		60.0		95.0
load=95.0													
368307	36.9		10.5		3.5		387.4		800		60.0		95.0
load=95.0													
368815	36.9		10.5		3.5		387.4		800		60.0		95.0
load=95.0													
369323	36.9		10.5		3.5		387.4		800		60.0		95.0
load=95.0													
369831	36.9		10.5		3.5		387.4		800		60.0		95.0
load=95.0													
370339	36.9		10.5		3.5		387.4		800		60.0		95.0
load=95.0													
370847	36.9		10.5		3.5		387.4		800		60.0		95.0
load=95.0													
371355	36.9		10.5		3.5		387.4		800		60.0		95.0
load=95.0													
371863	36.9		10.5		3.5		387.4		800		60.0		95.0
load=95.0													
372371	36.9		10.5		3.5		387.4		800		60.0		95.0
load=95.0													
372879	36.9		10.5		3.5		387.4		800		60.0		95.0
load=95.0													
373387	36.9		10.5		3.5		387.4		800		60.0		95.0
load=95.0													
373895	36.9		10.5		3.5		387.4		800		60.0		95.0
load=95.0													
374403	36.9		10.5		3.5		387.4		800		60.0		95.0
load=95.0													
374911	36.9		10.5		3.5		387.4		800		60.0		95.0
load=95.0													
375419	36.9		10.5		3.5		387.4		800		60.0		95.0
load=95.0													
375927	36.9		10.5		3.5		387.4		800		60.0		95.0
load=95.0													
376435	36.9		10.5		3.5		387.4		800		60.0		95.0
load=95.0													
376943	36.9		10.5		3.5		387.4		800		60.0		95.0
load=95.0													
377451	36.9		10.5		3.5		387.4		800		60.0		95.0
load=95.0													
377959	36.9		10.5		3.5		387.4		800		60.0		95.0
load=95.0													
378467	36.9		10.5		3.5		387.4		800		60.0		95.0
load=95.0													
378975	36.9		10.5		3.5		387.4		800		60.0		95.0
load=95.0													
379483	36.9		10.5		3.5		387.4		800		60.0		95.0
load=95.0													
379991	36.9		10.5		3.5		387.4		800		60.0		95.0
load=95.0													
380499	36.9		10.5		3.5		387.4		800		60.0		95.0
load=95.0													
381007	36.9		10.5		3.5		387.4		800		60.0		95.0
load=95.0													
381515	36.9		10.5		3.5		387.4		800		60.0		95.0
load=95.0													
382023	36.9		10.5		3.5		387.4		800		60.0		95.0
load=95.0													
382531	36.9		10.5		3.5		387.4		800		60.0		95.0
load=95.0													
383039	36.9		10.5		3.5		387.4		800		60.0		95.0
load=95.0													
383547	36.9		10.5		3.5		387.4		800		60.0		95.0
load=95.0													
384055	36.9		10.5		3.5		387.4		800		60.0		95.0
load=95.0													
384563	36.9		10.5		3.5		387.4		800		60.0		95.0
load=95.0													
385071	36.9		10.5		3.5		387.4		800		60.0		95.0
load=95.0													
385579	36.9		10.5		3.5		387.4		800		60.0		95.0
load=95.0													
386087	36.9		10.5		3.5		387.4		800		60.0		95.0
load=95.0													
386595	36.9		10.5		3.5		387.4		800		60.0		95.0
load=95.0													
387103	36.9		10.5		3.5		387.4		800		60.0		95.0
load=95.0													
387611	36.9		10.5		3.5		387.4		800		60.0		95.0
load=95.0													
388119	36.9		10.5		3.5		387.4		800		60.0		95.0
load=95.0													
388627	36.9		10.5		3.5		387.4		800		60.0		95.0
load=95.0													
389135	36.9		10.5		3.5		387.4		800		60.0		95.0
load=95.0													
389643	36.9		10.5		3.5		387.4		800		60.0		95.0
load=95.0													
390151	36.9		10.5		3.5		387.4		800		60.0		95.0
load=95.0													
390659	36.9		10.5		3.5		387.4		800		60.0		95.0
load=95.0													
391167	36.9		10.5		3.5		387.4		800		60.0		95.0
load=95.0													
391675	36.9		10.5		3.5		387.4		800		60.0		95.0
load=95.0													
392183	36.9		10.5		3.5		387.4		800		60.0		95.0
load=95.0													
392691	36.9		10.5		3.5		387.4		800		60.0		95.0
load=95.0													
393199	36.9		10.5		3.5		387.4		800		60.0		95.0
load=95.0													
393707	36.9		10.5		3.5		387.4		800		60.0		95.0
load=95.0													
394215	36.9		10.5		3.5		387.4		800		60.0		95.0
load=95.0													
394723	36.9		10.5		3.5		387.4		800		60.0		95.0
load=95.0													
395231	36.9		10.5		3.5		387.4		800		60.0		95.0
load=95.0													
395739	36.9		10.5		3.5		387.4		800		60.0		95.0
load=95.0													
396247	36.9		10.5		3.5		387.4		800		60.0		95.0
load=95.0													
396755	36.9		10.5		3.5		387.4		800		60.0		95.0
load=95.0													
397263	36.9		10.5		3.5		387.4		800		60.0		95.0
load=95.0													
397771	36.9		10.5		3.5		387.4		800		60.0		95.0
load=95.0													
398279	36.9		10.5		3.5		387.4		800		60.0		95.0
load=95.0													
398787	36.9		10.5		3.5		387.4		800		60.0		95.0
load=95.0													
399295	36.9		10.5		3.5		387.4		800		60.0		95.0
load=95.0													
399803	36.9		10.5		3.5		387.4		800		60.0		95.0
load=95.0													
400311	36.9		10.5		3.5		387.4		800		60.0		95.0
load=95.0													
400819	37.1		10.5		3.5		388.9		800		59.0		95.0
load=95.0													
401327	37.1		10.5		3.5		388.9		800		59.0		95.0
load=95.0													
401835	39.0		10.4		3.7		406.9		800		44.0		95.0
load=95.0													
402343	40.7		10.4		3.9		422.8		800		29.0		95.0
load=95.0													
402851	41.3		10.4		4.0		428.3		800		25.0		95.0
load=95.0													
403359	41.3		10.4		4.0		428.3		800		25.0		95.0
load=95.0													
403867	41.3		10.4		4.0		428.3		800		25.0		95.0
load=95.0													
404375	41.3		10.4		4.0		428.3		800		25.0		95.0
load=95.0													
404883	41.3		10.4		4.0		428.3		800		25.0		95.0
load=95.0													
405391	41.3		10.4		4.0		428.3		800		25.0		95.0
load=95.0													
405899	41.3		10.4		4.0		428.3		800		25.0		95.0
load=95.0													
406407	41.3		10.4		4.0		428.3		800		25.0		95.0
load=95.0													
406915	41.3		10.4		4.0		428.3		800		25.0		95.0
load=95.0													
407423	41.3		10.4		4.0		428.3		800		25.0		95.0
load=95.0													
407931	41.3		10.4		4.0		428.3		800		25.0		95.0
load=95.0													
408439	41.3		10.4		4.0		428.3		800		25.0		95.0
load=95.0													
408947	41.3		10.4		4.0		428.3		800		25.0		95.0
load=95.0													
409455	41.3		10.4		4.0		428.3		800		25.0		95.0
load=95.0													
409963	41.3		10.4		4.0		428.3		800		25.0		95.0
load=95.0													
410471	41.3		10.4		4.0		428.3		800		25.0		95.0
load=95.0													
410979	41.3		10.4		4.0		428.3		800		25.0		95.0
load=95.0													
411487	41.3		10.4		4.0		428.3		800		25.0		95.0
load=95.0													
411995	41.3		10.4		4.0		428.3		800		25.0		95.0
load=95.0													
412503	41.3		10.4		4.0		428.3		800		25.0		95.0
load=95.0													
413011	41.3		10.4		4.0		428.3		800		25.0		95.0
load=95.0													
413519	41.3		10.4		4.0		428.3		800		25.0		95.0
load=95.0													
414027	41.3		10.4		4.0		428.3		800		25.0		95.0
load=95.0													
414535	41.3		10.4		4.0		428.3		800		25.0		95.0
load=95.0													
415043	41.3		10.4		4.0		428.3		800		25.0		95.0
load=95.0													
415551	41.3		10.4		4.0		428.3		800		25.0		95.0
load=95.0													
416059	41.3		10.4		4.0		428.3		800		25.0		95.0
load=95.0													
416567	41.3		10.4		4.0		428.3		800		25.0		95.0
load=95.0													
417075	41.3		10.4		4.0		428.3		800		25.0		95.0
load=95.0													
417583	41.3		10.4		4.0		428.3		800		25.0		95.0
load=95.0													
418091	41.3		10.4		4.0		428.3		800		25.0		95.0
load=95.0													
418599	41.3		10.4		4.0		428.3		800		25.0		95.0
load=95.0													
419107	41.3		10.4		4.0		428.3		800		25.0		95.0
load=95.0													
419615	41.3		10.4		4.0		428.3		800		25.0		95.0
load=95.0													
420123	41.3		10.4		4.0		428.3		800		25.0		95.0
load=95.0													
420631	41.3		10.4		4.0		428.3		800		25.0		95.0
load=95.0													
421139	41.3		10.4		4.0		428.3		800		25.0		95.0
load=95.0													
421647	41.3		10.4		4.0		428.3		800		25.0		95.0
load=95.0													
422155	41.3		10.4		4.0		428.3		800		25.0		95.0
load=95.0													
422663	41.3		10.4		4.0		428.3		800		25.0		95.0
load=95.0													
423171	41.3		10.4		4.0		428.3		800		25.0		95.0
load=95.0													
423679	41.3		10.4		4.0		428.3		800		25.0		95.0
load=95.0													
424187	41.3		10.4		4.0		428.3		800		25.0		95.0
load=95.0													
424695	41.3		10.4		4.0		428.3		800		25.0		95.0
load=95.0													
425203	41.3		10.4		4.0		428.3		800		25.0		95.0
load=95.0													
425711	41.3		10.4		4.0		428.3		800		25.0		95.0
load=95.0													
426219	41.3		10.4		4.0		428.3		800		25.0		95.0
load=95.0													
426727	41.3		10.4		4.0		428.3		800		25.0		95.0
load=95.0													
427235	41.3		10.4		4.0		428.3		800		25.0		95.0
load=95.0													
427743	41.3		10.4		4.0		428.3		800		25.0		95.0
load=95.0													
428251	41.3		10.4		4.0		428.3		800		25.0		95.0
load=95.0													
428759	41.3		10.4		4.0		428.3		800		25.0		95.0
load=95.0													
429267	41.3		10.4		4.0		428.3		800		25.0		95.0
load=95.0													
429775	41.3		10.4		4.0		428.3		800		25.0		95.0
load=95.0													
430283	41.3		10.4		4.0		428.3		800		25.0		95.0
load=95.0													
430791	41.3		10.4		4.0		428.3		800		25.0		95.0
load=95.0													
431299	41.3		10.4		4.0		428.3		800		25.0		95.0
load=95.0													
431807	41.3		10.4		4.0		428.3		800		25.0		95.0
load=95.0													
432315	41.3		10.4		4.0		428.3		800		25.0		95.0
load=95.0													
432823	41.3		10.4		4.0		428.3		800		25.0		95.0
load=95.0													
433331	41.3		10.4		4.0		428.3		800		25.0		95.0
load=95.0													
433839	41.3		10.4		4.0		428.3		800		25.0		95.0
load=95.0													
434347	41.3		10.4		4.0		428.3		800		25.0		95.0
load=95.0													
434855	41.3		10.4		4.0		428.3		800		25.0		95.0
load=95.0													
435363	41.3		10.4		4.0		428.3		800		25.0		95.0
load=95.0													
435871	41.3		10.4		4.0		428.3		800		25.0		95.0
load=95.0													
436379	41.3		10.4		4.0		428.3		800		25.0		95.0
load=95.0													
436887	41.3		10.4		4.0		428.3		800		25.0		95.0
load=95.0													
437395	41.3		10.4		4.0		428.3		800		25.0		95.0
load=95.0													
437903	41.3		10.4		4.0		428.3		800		25.0		95.0
load=95.0													
438411	41.3		10.4		4.0		428.3		800		25.0		95.0
load=95.0													
438919	41.3		10.4		4.0		428.3		800		25.0		95.0
load=95.0													
439427	41.3		10.4		4.0		428.3		800		25.0		95.0
load=95.0													
439935	41.3		10.4		4.0		428.3		800		25.0		95.0
load=95.0													
440443	41.3		10.4		4.0		428.3		800		25.0		95.0
load=95.0													
440951	41.3		10.4		4.0		428.3		800		25.0		95.0
load=95.0													
441459	41.3		10.4		4.0		428.3		800		25.0		95.0
load=95.0													
441967	41.3		10.4		4.0		428.3		800		25.0		95.0
load=95.0													
442475	41.3		10.4		4.0		428.3		800		25.0		95.0
load=95.0													
442983	41.3		10.4		4.0		428.3		800		25.0		95.0
load=95.0													
443491	41.3		10.4		4.0		428.3		800		25.0		95.0
load=95.0													
443999	41.3		10.4		4.0		428.3		800		25.0		95.0
load=95.0													
444507	41.3		10.4		4.0		428.3		800		25.0		95.0
load=95.0													
445015	41.3		10.4		4.0		428.3		800		25.0		95.0
load=95.0													
445523	41.3		10.4		4.0		428.3		800		25.0		95.0
load=95.0													
446031	41.3		10.4		4.0		428.3		800		25.0		95.0
load=95.0													
446539	41.3		10.4		4.0		428.3		800		25.0		95.0
load=95.0													
447047	41.3		10.4		4.0		428.3		800		25.0		95.0
load=95.0													
447555	41.3		10.4		4.0		428.3		800		25.0		95.0
load=95.0													
448063	41.3		10.4		4.0		428.3		800		25.0		95.0
load=95.0													
448571	41.3		10.4		4.0		428.3		800		25.0		95.0
load=95.0													
449079	41.3		10.4		4.0		428.3		800		25.0		95.0
load=95.0													
449587	41.3		10.4		4.0		428.3		800		25.0		95.0
load=95.0													
450095	41.3		10.4		4.0		428.3		800		25.0		95.0
load=95.0													
450603	41.3		10.4		4.0		428.3		800		25.0		95.0
load=95.0													
451111	41.3		10.4		4.0		428.3		800		25.0		95.0
load=95.0													
451619	41.3		10.4		4.0		428.3		800		25.0		95.0
load=95.0													
452127	41.3		10.4		4.0		428.3		800		25.0		95.0
load=95.0													
452635	41.3		10.4		4.0		428.3		800		25.0		95.0
load=95.0													
453143	41.3		10.4		4.0		428.3		800		25.0		95.0
load=95.0													
453651	41.3		10.4		4.0		428.3		800		25.0		95.0
load=95.0													
454159	41.3		10.4		4.0		428.3		800		25.0		95.0
load=95.0													
454667	41.3		10.4		4.0		428.3		800		25.0		95.0
load=95.0													
455175	41.3		10.4		4.0		428.3		800		25.0		95.0
load=95.0													
455683	41.3		10.4		4.0		428.3		800		25.0		95.0
load=95.0													
456191	41.3		10.4		4.0		428.3		800		25.0		95.0
load=95.0													
456699	41.3		10.4		4.0		428.3		800		25.0		95.0
load=95.0													
457207	41.3		10.4		4.0		428.3		800		25.0		95.0
load=95.0													
457715	41.3		10.4		4.0		428.3		800		25.0		95.0
load=95.0													
458223	41.3		10.4		4.0		428.3		800		25.0		95.0
load=95.0													
458731	41.3		10.4		4.0		428.3		800		25.0		95.0
load=95.0													
459239	41.3		10.4		4.0		428.3		800		25.0		95.0
load=95.0													
459747	41.3		10.4		4.0		428.3		800		25.0		95.0
load=95.0													
460255	41.3		10.4		4.0		428.3		800		25.0		95.0
load=95.0													
460763	41.3		10.4		4.0		428.3		800		25.0		95.0
load=95.0													
461271	41.3		10.4		4.0		428.3		800		25.0		95.0
load=95.0													
461779	41.3		10.4		4.0		428.3		800		25.0		95.0
load=95.0													
462287	41.3		10.4		4.0		428.3		800		25.0		95.0
load=95.0													
462795	41.3		10.4		4.0		428.3		800		25.0		95.0
load=95.0													
463303	41.3		10.4		4.0		428.3		800		25.0		95.0
load=95.0													
463811	41.3		10.4		4.0		428.3		800		25.0		95.0
load=95.0													
464319	41.3		10.4		4.0		428.3		800		25.0		95.0
load=95.0													
464827	41.3		10.4		4.0		428.3		800		25.0		95.0
load=95.0													
465335	41.3		10.4		4.0		428.3		800		25.0		95.0
load=95.0													
465843	41.3		10.4		4.0		428.3		800		25.0		95.0
load=95.0													
466351	41.3		10.4		4.0		428.3		800		25.0		95.0
load=95.0													
466859	41.3		10.4		4.0		428.3		800		25.0		95.0
load=95.0													
467367	41.3		10.4		4.0		428.3		800		25.0		95.0
load=95.0													
467875	41.3		10.4		4.0		428.3		800		25.0		95.0
load=95.0													
468383	41.3		10.4		4.0		428.3		800		25.0		95.0
load=95.0													
468891	41.3		10.4		4.0		428.3		800		25.0		95.0
load=95.0													
469399	41.3		10.4		4.0		428.3		800		25.0		95.0
load=95.0													
469907	41.3		10.4		4.0		428.3		800		25.0		95.0
load=95.0													
470415	41.3		10.4		4.0		428.3		800		25.0		95.0
load=95.0													
470923	41.3		10.4		4.0		428.3		800		25.0		95.0
load=95.0													
471431	41.3		10.4		4.0		428.3		800		25.0		95.0
load=95.0													
471939	41.3		10.4		4.0		428.3		800		25.0		95.0
load=95.0													
472447	41.3		10.4		4.0		428.3		800		25.0		95.0
load=95.0													
472955	41.3		10.4		4.0		428.3		800		25.0		95.0
load=95.0													
473463	41.3		10.4		4.0		428.3		800		25.0		95.0
load=95.0													
473971	41.3		10.4		4.0		428.3		800		25.0		95.0
load=95.0													
474479	41.3		10.4		4.0		428.3		800		25.0		95.0
load=95.0													
474987	41.3		10.4		4.0		428.3		800		25.0		95.0
load=95.0													
475495	41.3		10.4		4.0		428.3		800		25.0		95.0
load=95.0													
476003	41.3		10.4		4.0		428.3		800		25.0		95.0
load=95.0													
476511	41.3		10.4		4.0		428.3		800		25.0		95.0
load=95.0													
477019	41.3		10.4		4.0		428.3		800		25.0		95.0
load=95.0													
477527	41.3		10.4		4.0		428.3		800		25.0		95.0
