tiempo[ms]V_Panel[V]	I_Panel[A]	R_Carga[Ohms]	P_Panel[W]	G[W/m2]	T[°C]	Load[%]							
load=52.3													
541	42.9		9.9		4.3		424.9		800		25.0		52.3
load=54.6													
2040	43.4		9.9		4.4		429.9		800		25.0		54.6
load=56.9													
2551	43.2		9.9		4.4		429.4		800		25.0		56.9
load=59.2													
3062	42.9		9.9		4.3		425.5		800		25.0		59.2
load=61.5													
3573	43.1		9.9		4.3		427.3		800		25.0		61.5
load=63.9													
4084	42.6		9.9		4.3		422.3		800		25.0		63.9
load=66.3													
4595	42.5		9.9		4.3		421.2		800		25.0		66.3
load=68.4													
5106	43.4		9.9		4.4		430.7		800		25.0		68.4
load=70.6													
5617	43.4		9.9		4.4		429.3		800		25.0		70.6
load=73.6													
6128	42.1		9.9		4.2		417.4		800		25.0		73.6
load=75.5													
6639	43.4		9.9		4.4		429.9		800		25.0		75.5
load=77.6													
7150	43.2		9.9		4.4		429.1		800		25.0		77.6
load=79.4													
7661	43.4		9.9		4.4		429.9		800		25.0		79.4
load=81.2													
8172	43.5		9.9		4.4		431.7		800		25.0		81.2
load=82.7													
8683	43.8		9.9		4.4		433.9		800		25.0		82.7
load=83.7													
9194	41.9		9.9		4.2		415.4		800		25.0		83.7
load=85.2													
9705	43.4		9.9		4.4		430.2		800		25.0		85.2
load=82.6													
10216	42.9		9.9		4.3		426.8		800		25.0		82.6
load=83.7													
10727	43.4		9.9		4.4		429.6		800		25.0		83.7
load=85.1													
11238	43.4		9.9		4.4		430.2		800		25.0		85.1
load=86.4													
11749	43.5		9.9		4.4		431.7		800		25.0		86.4
load=87.4													
12260	43.5		9.9		4.4		431.0		800		25.0		87.4
load=89.0													
12771	43.2		9.9		4.4		427.8		800		25.0		89.0
load=90.5													
13282	43.5		9.9		4.4		431.7		800		25.0		90.5
load=91.5													
13793	42.6		9.9		4.3		423.6		800		25.0		91.5
load=92.7													
14304	42.9		9.9		4.3		425.6		800		25.0		92.7
load=93.8													
14815	41.9		9.9		4.2		416.3		800		25.0		93.8
load=94.9													
15326	43.5		9.9		4.4		431.3		800		25.0		94.9
load=95.0													
15837	43.2		9.9		4.4		429.1		800		25.0		95.0
load=95.0													
16348	43.5		9.9		4.4		432.3		800		25.0		95.0
load=95.0													
16859	43.4		9.9		4.4		429.9		800		25.0		95.0
load=95.0													
17370	43.4		9.9		4.4		430.5		800		25.0		95.0
load=95.0													
17881	43.2		9.9		4.4		429.1		800		25.0		95.0
load=95.0													
18392	43.1		9.9		4.3		426.7		800		25.0		95.0
load=95.0													
18903	43.2		9.9		4.4		428.1		800		25.0		95.0
load=95.0													
19414	42.9		9.9		4.3		426.2		800		25.0		95.0
load=95.0													
19925	44.0		9.9		4.4		436.3		800		25.0		95.0
load=95.0													
20436	43.1		9.9		4.3		427.3		800		25.0		95.0
load=95.0													
20947	42.5		9.9		4.3		421.5		800		25.0		95.0
load=95.0													
21458	42.8		9.9		4.3		424.7		800		25.0		95.0
load=95.0													
21969	42.8		9.9		4.3		424.1		800		25.0		95.0
load=95.0													
22480	41.9		9.9		4.2		415.4		800		25.0		95.0
load=95.0													
22991	43.4		9.9		4.4		430.5		800		25.0		95.0
load=95.0													
23502	42.9		9.9		4.3		425.5		800		25.0		95.0
load=95.0													
24013	43.1		9.9		4.3		427.0		800		25.0		95.0
load=95.0													
24524	41.9		9.9		4.2		415.4		800		25.0		95.0
load=95.0													
25035	43.5		9.9		4.4		431.7		800		25.0		95.0
load=95.0													
25546	42.9		9.9		4.3		425.5		800		25.0		95.0
load=95.0													
26057	43.1		9.9		4.4		427.0		800		25.0		95.0
load=95.0													
26568	43.1		9.9		4.3		427.3		800		25.0		95.0
load=95.0													
27079	42.5		9.9		4.3		420.9		800		25.0		95.0
load=95.0													
27590	42.6		9.9		4.3		423.9		800		25.0		95.0
load=95.0													
28101	43.2		9.9		4.4		428.8		800		25.0		95.0
load=95.0													
28612	42.8		9.9		4.3		424.1		800		25.0		95.0
load=95.0													
29123	42.3		9.9		4.3		419.7		800		25.0		95.0
load=95.0													
29634	42.3		9.9		4.3		419.7		800		25.0		95.0
load=95.0													
30145	43.2		9.9		4.4		427.8		800		25.0		95.0
load=95.0													
30656	43.0		9.9		4.3		426.9		800		25.0		95.0
load=95.0													
31167	43.1		9.9		4.3		427.9		800		25.0		95.0
load=95.0													
31678	43.2		9.9		4.4		428.8		800		25.0		95.0
load=95.0													
32189	42.5		9.9		4.3		420.6		800		25.0		95.0
load=95.0													
32700	42.3		9.9		4.3		420.7		800		25.0		95.0
load=95.0													
33211	42.8		9.9		4.3		424.1		800		25.0		95.0
load=95.0													
33722	42.6		9.9		4.3		422.9		800		25.0		95.0
load=95.0													
34233	42.2		9.9		4.3		418.0		800		25.0		95.0
load=95.0													
34744	42.9		9.9		4.3		425.8		800		25.0		95.0
load=95.0													
35255	44.0		9.9		4.4		436.1		800		25.0		95.0
load=95.0													
35766	42.2		9.9		4.3		418.6		800		25.0		95.0
load=95.0													
36277	43.2		9.9		4.4		428.1		800		25.0		95.0
load=95.0													
36788	41.6		9.9		4.2		412.5		800		25.0		95.0
load=95.0													
37299	42.5		9.9		4.3		420.9		800		25.0		95.0
load=95.0													
37810	41.9		9.9		4.2		416.0		800		25.0		95.0
load=95.0													
38321	43.5		9.9		4.4		430.7		800		25.0		95.0
load=95.0													
38832	42.9		9.9		4.3		425.8		800		25.0		95.0
load=95.0													
39343	42.5		9.9		4.3		421.2		800		25.0		95.0
load=95.0													
39854	43.1		9.9		4.3		427.3		800		25.0		95.0
load=95.0													
40365	43.1		9.9		4.3		427.0		800		25.0		95.0
load=95.0													
40876	42.9		9.9		4.3		425.2		800		25.0		95.0
load=95.0													
41387	42.1		9.9		4.2		416.8		800		25.0		95.0
load=95.0													
41898	42.8		9.9		4.3		424.7		800		25.0		95.0
load=95.0													
42409	43.1		9.9		4.3		427.0		800		25.0		95.0
load=95.0													
42920	43.1		9.9		4.3		427.0		800		25.0		95.0
load=95.0													
43431	42.5		9.9		4.3		421.8		800		25.0		95.0
load=95.0													
43942	42.2		9.9		4.3		417.7		800		25.0		95.0
load=95.0													
44453	43.4		9.9		4.4		429.3		800		25.0		95.0
load=95.0													
44964	41.9		9.9		4.2		416.0		800		25.0		95.0
load=95.0													
45475	42.8		9.9		4.3		423.8		800		25.0		95.0
load=95.0													
45986	42.5		9.9		4.3		420.9		800		25.0		95.0
load=95.0													
46497	42.5		9.9		4.3		420.6		800		25.0		95.0
load=95.0													
47008	42.6		9.9		4.3		422.6		800		25.0		95.0
load=95.0													
47519	42.1		9.9		4.2		417.4		800		25.0		95.0
load=95.0													
48030	42.3		9.9		4.3		418.8		800		25.0		95.0
load=95.0													
48541	43.5		9.9		4.4		431.0		800		25.0		95.0
load=95.0													
49052	42.6		9.9		4.3		422.0		800		25.0		95.0
load=95.0													
49563	42.8		9.9		4.3		423.5		800		25.0		95.0
load=95.0													
50074	43.1		9.9		4.3		427.6		800		25.0		95.0
load=95.0													
50585	43.1		9.9		4.4		426.0		800		25.0		95.0
load=95.0													
51096	43.1		9.9		4.4		426.4		800		25.0		95.0
load=95.0													
51607	42.3		9.9		4.3		418.6		800		25.0		95.0
load=95.0													
52118	43.4		9.9		4.4		429.6		800		25.0		95.0
load=95.0													
52629	43.7		9.9		4.4		432.5		800		25.0		95.0
load=95.0													
53140	42.5		9.9		4.3		421.2		800		25.0		95.0
load=95.0													
53651	42.3		9.9		4.3		420.3		800		25.0		95.0
load=95.0													
54162	42.8		9.9		4.3		423.8		800		25.0		95.0
load=95.0													
54673	43.2		9.9		4.4		428.1		800		25.0		95.0
load=95.0													
55184	42.5		9.9		4.3		420.6		800		25.0		95.0
load=95.0													
55695	42.1		9.9		4.2		416.8		800		25.0		95.0
load=95.0													
56206	42.8		9.9		4.3		423.5		800		25.0		95.0
load=95.0													
56717	42.5		9.9		4.3		420.6		800		25.0		95.0
load=95.0													
57228	42.3		9.9		4.3		419.7		800		25.0		95.0
load=95.0													
57739	42.1		9.9		4.2		416.5		800		25.0		95.0
load=95.0													
58250	42.5		9.9		4.3		420.6		800		25.0		95.0
load=95.0													
58761	43.1		9.9		4.4		425.7		800		25.0		95.0
load=95.0													
59272	42.1		9.9		4.2		416.8		800		25.0		95.0
load=95.0													
59783	42.8		9.9		4.3		423.5		800		25.0		95.0
load=95.0													
60294	42.5		9.9		4.3		419.9		800		25.0		95.0
load=95.0													
60805	42.9		9.9		4.3		425.7		800		25.0		95.0
load=95.0													
61316	41.6		9.9		4.2		412.8		800		25.0		95.0
load=95.0													
61827	42.2		9.9		4.3		418.3		800		25.0		95.0
load=95.0													
62338	42.5		9.9		4.3		420.6		800		25.0		95.0
load=95.0													
62849	42.9		9.9		4.3		424.3		800		25.0		95.0
load=95.0													
63360	42.1		9.9		4.2		416.5		800		25.0		95.0
load=95.0													
63871	41.9		9.9		4.2		415.4		800		25.0		95.0
load=95.0													
64382	42.9		9.9		4.3		424.3		800		25.0		95.0
load=95.0													
64893	42.6		9.9		4.3		423.3		800		25.0		95.0
load=95.0													
65404	42.2		9.9		4.3		417.8		800		25.0		95.0
load=95.0													
65915	42.3		9.9		4.3		418.8		800		25.0		95.0
load=95.0													
66426	41.9		9.9		4.2		414.7		800		25.0		95.0
load=95.0													
66937	42.9		9.9		4.3		425.2		800		25.0		95.0
load=95.0													
67448	43.5		9.9		4.4		431.3		800		25.0		95.0
load=95.0													
67959	42.5		9.9		4.3		419.9		800		25.0		95.0
load=95.0													
68470	41.9		9.9		4.2		414.4		800		25.0		95.0
load=95.0													
68981	42.1		9.9		4.3		415.6		800		25.0		95.0
load=95.0													
69492	42.9		9.9		4.3		425.2		800		25.0		95.0
load=95.0													
70003	42.5		9.9		4.3		420.6		800		25.0		95.0
load=95.0													
70514	42.6		9.9		4.3		422.0		800		25.0		95.0
load=95.0													
71025	42.1		9.9		4.3		415.9		800		25.0		95.0
load=95.0													
71536	41.8		9.9		4.2		413.3		800		25.0		95.0
load=95.0													
72047	42.8		9.9		4.3		422.5		800		25.0		95.0
load=95.0													
72558	42.3		9.9		4.3		419.1		800		25.0		95.0
load=95.0													
73069	42.2		9.9		4.3		418.3		800		25.0		95.0
load=95.0													
73580	42.6		9.9		4.3		420.8		800		25.0		95.0
load=95.0													
74091	42.2		9.9		4.3		418.0		800		25.0		95.0
load=95.0													
74602	42.9		9.9		4.3		424.3		800		25.0		95.0
load=95.0													
75113	41.9		9.9		4.2		414.7		800		25.0		95.0
load=95.0													
75624	42.3		9.9		4.3		418.8		800		25.0		95.0
load=95.0													
76135	42.5		9.9		4.3		420.6		800		25.0		95.0
load=95.0													
76646	42.1		9.9		4.2		417.1		800		25.0		95.0
load=95.0													
77157	41.5		9.9		4.2		410.6		800		25.0		95.0
load=95.0													
77668	42.1		9.9		4.3		415.3		800		25.0		95.0
load=95.0													
78179	42.5		9.9		4.3		420.6		800		25.0		95.0
load=95.0													
78690	43.5		9.9		4.4		430.7		800		25.0		95.0
load=95.0													
79201	42.6		9.9		4.3		422.3		800		25.0		95.0
load=95.0													
79712	42.5		9.9		4.3		420.6		800		25.0		95.0
load=95.0													
80223	42.5		9.9		4.3		419.9		800		25.0		95.0
load=95.0													
80734	42.6		9.9		4.3		422.6		800		25.0		95.0
load=95.0													
81245	42.5		9.9		4.3		420.9		800		25.0		95.0
load=95.0													
81756	42.3		9.9		4.3		419.6		800		25.0		95.0
load=95.0													
82267	42.6		9.9		4.3		422.3		800		25.0		95.0
load=95.0													
82778	41.6		9.9		4.2		411.2		800		25.0		95.0
load=95.0													
83289	42.1		9.9		4.2		416.5		800		25.0		95.0
load=95.0													
83800	41.8		9.9		4.2		413.3		800		25.0		95.0
load=95.0													
84311	42.5		9.9		4.3		421.8		800		25.0		95.0
load=95.0													
84822	42.3		9.9		4.3		419.1		800		25.0		95.0
load=95.0													
85333	41.8		9.9		4.2		413.6		800		25.0		95.0
load=95.0													
85844	42.5		9.9		4.3		420.6		800		25.0		95.0
load=95.0													
86355	41.8		9.9		4.2		413.3		800		25.0		95.0
load=95.0													
86866	42.8		9.9		4.3		424.1		800		25.0		95.0
load=95.0													
87377	42.6		9.9		4.3		421.7		800		25.0		95.0
load=95.0													
87888	42.5		9.9		4.3		421.2		800		25.0		95.0
load=95.0													
88399	42.3		9.9		4.3		419.7		800		25.0		95.0
load=95.0													
88910	42.5		9.9		4.3		420.9		800		25.0		95.0
load=95.0													
89421	43.2		9.9		4.4		428.4		800		25.0		95.0
load=95.0													
89932	41.9		9.9		4.2		414.7		800		25.0		95.0
load=95.0													
90443	43.1		9.9		4.4		425.4		800		25.0		95.0
load=95.0													
90954	42.6		9.9		4.3		422.1		800		25.0		95.0
load=95.0													
91465	41.5		9.9		4.2		410.4		800		25.0		95.0
load=95.0													
91976	42.1		9.9		4.2		416.2		800		25.0		95.0
load=95.0													
92487	42.1		9.9		4.2		416.2		800		25.0		95.0
load=95.0													
92998	41.6		9.9		4.2		412.8		800		25.0		95.0
load=95.0													
93509	41.8		9.9		4.2		413.0		800		25.0		95.0
load=95.0													
94020	42.9		9.9		4.3		424.9		800		25.0		95.0
load=95.0													
94531	42.1		9.9		4.2		416.5		800		25.0		95.0
load=95.0													
95042	41.6		9.9		4.2		412.5		800		25.0		95.0
load=95.0													
95553	42.6		9.9		4.3		421.7		800		25.0		95.0
load=95.0													
96064	43.1		9.9		4.3		427.3		800		25.0		95.0
load=95.0													
96575	42.6		9.9		4.3		421.7		800		25.0		95.0
load=95.0													
97086	42.3		9.9		4.3		418.8		800		25.0		95.0
load=95.0													
97597	42.6		9.9		4.3		422.3		800		25.0		95.0
load=95.0													
98108	41.8		9.9		4.2		413.0		800		25.0		95.0
load=95.0													
98619	42.9		9.9		4.3		425.2		800		25.0		95.0
load=95.0													
99130	43.2		9.9		4.4		428.4		800		25.0		95.0
load=95.0													
99641	42.2		9.9		4.3		417.0		800		25.0		95.0
load=95.0													
100152	42.1		9.9		4.2		417.1		800		25.0		95.0
load=95.0													
100663	41.6		9.9		4.2		410.9		800		25.0		95.0
load=95.0													
101174	43.4		9.9		4.4		428.6		800		25.0		95.0
load=95.0													
101685	42.3		9.9		4.3		420.0		800		25.0		95.0
load=95.0													
102196	41.9		9.9		4.2		415.4		800		25.0		95.0
load=95.0													
102707	42.0		9.9		4.2		415.0		800		25.0		95.0
load=95.0													
103218	42.3		9.9		4.3		419.4		800		25.0		95.0
load=95.0													
103729	42.5		9.9		4.3		421.2		800		25.0		95.0
load=95.0													
104240	42.2		9.9		4.3		417.0		800		25.0		95.0
load=95.0													
104751	42.5		9.9		4.3		420.2		800		25.0		95.0
load=95.0													
105262	42.2		9.9		4.3		418.0		800		25.0		95.0
load=95.0													
105773	42.6		9.9		4.3		421.7		800		25.0		95.0
load=95.0													
106284	41.9		9.9		4.2		414.4		800		25.0		95.0
load=95.0													
106795	42.1		9.9		4.2		416.5		800		25.0		95.0
load=95.0													
107306	42.4		9.9		4.3		419.7		800		25.0		95.0
load=95.0													
107817	41.5		9.9		4.2		410.4		800		25.0		95.0
load=95.0													
108328	43.2		9.9		4.4		427.8		800		25.0		95.0
load=95.0													
108839	42.3		9.9		4.3		418.8		800		25.0		95.0
load=95.0													
109350	42.3		9.9		4.3		419.4		800		25.0		95.0
load=95.0													
109861	41.9		9.9		4.2		415.1		800		25.0		95.0
load=95.0													
110372	42.5		9.9		4.3		421.2		800		25.0		95.0
load=95.0													
110883	42.2		9.9		4.3		418.3		800		25.0		95.0
load=95.0													
111394	42.5		9.9		4.3		421.5		800		25.0		95.0
load=95.0													
111905	42.3		9.9		4.3		419.0		800		25.0		95.0
load=95.0													
112416	42.9		9.9		4.3		424.6		800		25.0		95.0
load=95.0													
112927	42.5		9.9		4.3		419.3		800		25.0		95.0
load=95.0													
113438	42.6		9.9		4.3		422.9		800		25.0		95.0
load=95.0													
113949	42.2		9.9		4.3		417.7		800		25.0		95.0
load=95.0													
114460	42.1		9.9		4.2		416.2		800		25.0		95.0
load=95.0													
114971	42.3		9.9		4.3		419.7		800		25.0		95.0
load=95.0													
115482	41.5		9.9		4.2		410.4		800		25.0		95.0
load=95.0													
115993	41.9		9.9		4.2		415.1		800		25.0		95.0
load=95.0													
116504	42.3		9.9		4.3		419.6		800		25.0		95.0
load=95.0													
117015	42.3		9.9		4.3		418.8		800		25.0		95.0
load=95.0													
117526	42.2		9.9		4.3		418.0		800		25.0		95.0
load=95.0													
118037	41.8		9.9		4.2		413.3		800		25.0		95.0
load=95.0													
118548	41.9		9.9		4.2		414.7		800		25.0		95.0
load=95.0													
119059	41.3		9.9		4.2		409.9		800		25.0		95.0
load=95.0													
119570	42.2		9.9		4.3		418.3		800		25.0		95.0
load=95.0													
120081	42.5		9.9		4.3		420.9		800		25.0		95.0
load=95.0													
120592	42.5		9.9		4.3		419.9		800		25.0		95.0
load=95.0													
121103	42.3		9.9		4.3		419.4		799		25.0		95.0
load=95.0													
121614	41.6		9.7		4.3		405.1		787		25.0		95.0
load=92.0													
122125	42.3		9.6		4.4		404.8		772		25.0		92.0
load=89.5													
122636	42.6		9.4		4.5		401.1		758		25.0		89.5
load=92.5													
123147	41.9		9.2		4.6		384.7		743		25.0		92.5
load=89.5													
123658	42.8		9.0		4.8		385.2		728		25.0		89.5
load=86.5													
124169	42.6		8.8		4.8		376.4		713		25.0		86.5
load=83.5													
124680	42.9		8.6		5.0		370.8		698		25.0		83.5
load=86.5													
125191	41.8		8.4		4.9		352.4		684		25.0		86.5
load=83.5													
125702	42.3		8.3		5.1		351.2		669		25.0		83.5
load=80.5													
126213	42.8		8.1		5.3		345.7		654		25.0		80.5
load=83.5													
126724	42.2		7.9		5.3		333.9		639		25.0		83.5
load=86.5													
127235	42.2		7.7		5.5		326.1		625		25.0		86.5
load=84.0													
127746	43.2		7.6		5.7		326.8		610		25.0		84.0
load=87.0													
128257	41.9		7.4		5.7		308.8		595		25.0		87.0
load=90.0													
128768	42.2		7.2		5.9		302.3		580		25.0		90.0
load=93.0													
129279	42.1		7.0		6.0		293.9		565		25.0		93.0
load=95.0													
129790	41.8		6.8		6.1		285.4		551		25.0		95.0
load=95.0													
130301	42.1		6.6		6.3		279.1		536		25.0		95.0
load=92.0													
130812	42.2		6.5		6.5		272.4		521		25.0		92.0
load=89.0													
131323	42.5		6.3		6.8		266.8		506		25.0		89.0
load=92.0													
131834	41.5		6.1		6.8		252.4		492		25.0		92.0
load=89.0													
132345	42.1		5.9		7.1		248.6		477		25.0		89.0
load=86.0													
132856	42.6		5.8		7.4		245.0		462		25.0		86.0
load=83.0													
133367	42.2		5.5		7.6		233.4		447		25.0		83.0
load=80.0													
133878	42.3		5.3		8.0		225.5		432		25.0		80.0
load=83.0													
134389	41.5		5.2		8.0		214.8		418		25.0		83.0
load=82.1													
134900	43.8		5.1		8.7		221.8		408		25.0		82.1
load=85.1													
135411	42.2		5.0		8.4		212.1		406		25.0		85.1
load=83.2													
135922	43.1		5.0		8.6		215.5		403		25.0		83.2
load=86.2													
136433	42.2		5.0		8.5		209.0		400		25.0		86.2
load=84.8													
136944	42.9		5.0		8.6		213.2		400		25.0		84.8
load=87.8													
137455	42.5		4.9		8.6		210.3		400		25.0		87.8
load=85.9													
137966	42.8		5.0		8.6		211.9		400		25.0		85.9
load=85.5													
138477	42.9		5.0		8.7		212.9		400		25.0		85.5
load=86.5													
138988	42.5		5.0		8.5		211.7		400		25.0		86.5
load=87.4													
139499	42.2		5.0		8.5		209.3		400		25.0		87.4
load=89.9													
140010	42.5		5.0		8.6		210.7		400		25.0		89.9
load=90.5													
140521	41.5		5.0		8.3		206.0		400		25.0		90.5
load=91.8													
141032	42.1		5.0		8.5		208.3		400		25.0		91.8
load=92.5													
141543	42.6		5.0		8.6		212.1		400		25.0		92.5
load=91.8													
142054	42.3		5.0		8.6		209.7		400		25.0		91.8
load=92.2													
142565	42.5		5.0		8.6		210.7		400		25.0		92.2
load=93.1													
143076	42.2		5.0		8.5		209.0		400		25.0		93.1
load=93.9													
143587	41.6		4.9		8.4		205.5		400		25.0		93.9
load=94.4													
144098	42.8		4.9		8.7		211.6		400		25.0		94.4
load=94.4													
144609	42.5		4.9		8.6		209.8		400		25.0		94.4
load=95.0													
145120	42.6		5.0		8.6		211.8		400		25.0		95.0
load=95.0													
145631	43.1		4.9		8.7		212.7		400		25.0		95.0
load=95.0													
146142	43.1		5.0		8.7		214.0		400		25.0		95.0
load=95.0													
146653	42.2		4.9		8.5		208.7		400		25.0		95.0
load=95.0													
147164	42.6		4.9		8.6		210.8		400		25.0		95.0
load=95.0													
147675	42.8		5.0		8.6		211.9		400		25.0		95.0
load=95.0													
148186	43.4		5.0		8.7		215.1		400		25.0		95.0
load=95.0													
148697	42.5		5.0		8.5		211.7		400		25.0		95.0
load=95.0													
149208	42.1		4.9		8.5		207.9		400		25.0		95.0
load=95.0													
149719	42.2		5.0		8.5		209.9		400		25.0		95.0
load=95.0													
150230	42.6		5.0		8.6		211.2		400		25.0		95.0
load=95.0													
150741	42.8		5.0		8.6		212.2		400		25.0		95.0
load=95.0													
151252	42.6		5.0		8.6		211.2		400		25.0		95.0
load=95.0													
151763	42.3		5.0		8.6		209.7		400		25.0		95.0
load=95.0													
152274	42.8		5.0		8.6		212.8		400		25.0		95.0
load=95.0													
152785	42.5		5.0		8.6		211.1		400		25.0		95.0
load=95.0													
153296	43.2		5.0		8.7		214.7		400		25.0		95.0
load=95.0													
153807	42.4		4.9		8.6		209.8		400		25.0		95.0
load=95.0													
154318	43.5		5.0		8.8		215.8		400		25.0		95.0
load=95.0													
154829	42.6		5.0		8.6		211.2		400		25.0		95.0
load=95.0													
155340	42.2		5.0		8.5		209.0		400		25.0		95.0
load=95.0													
155851	43.5		4.9		8.8		215.2		400		25.0		95.0
load=95.0													
156362	42.6		5.0		8.6		211.2		400		25.0		95.0
load=95.0													
156873	42.6		5.0		8.6		211.5		400		25.0		95.0
load=95.0													
157384	42.6		5.0		8.6		212.1		400		25.0		95.0
load=95.0													
157895	42.9		5.0		8.7		212.6		400		25.0		95.0
load=95.0													
158406	43.0		5.0		8.7		213.1		400		25.0		95.0
load=95.0													
158917	42.8		5.0		8.6		212.2		400		25.0		95.0
load=95.0													
159428	42.3		4.9		8.6		209.4		400		25.0		95.0
load=95.0													
159939	42.9		5.0		8.7		212.6		400		25.0		95.0
load=95.0													
160450	41.9		5.0		8.4		208.4		400		25.0		95.0
load=95.0													
160961	42.2		5.0		8.5		209.3		400		25.0		95.0
load=95.0													
161472	42.1		5.0		8.5		209.2		400		25.0		95.0
load=95.0													
161983	43.2		5.0		8.7		214.1		400		25.0		95.0
load=95.0													
162494	43.5		5.0		8.8		215.5		400		25.0		95.0
load=95.0													
163005	42.8		5.0		8.6		212.1		400		25.0		95.0
load=95.0													
163516	42.9		5.0		8.7		212.9		400		25.0		95.0
load=95.0													
164027	43.1		5.0		8.6		214.6		400		25.0		95.0
load=95.0													
164538	43.4		5.0		8.7		216.4		400		25.0		95.0
load=95.0													
165049	43.1		5.0		8.7		214.0		400		25.0		95.0
load=95.0													
165560	42.5		5.0		8.6		211.1		400		25.0		95.0
load=95.0													
166071	43.4		5.0		8.7		216.4		400		25.0		95.0
load=95.0													
166582	43.5		5.0		8.8		215.5		400		25.0		95.0
load=95.0													
167093	42.8		5.0		8.6		212.5		400		25.0		95.0
load=95.0													
167604	43.5		5.0		8.8		216.0		400		25.0		95.0
load=95.0													
168115	42.5		5.0		8.6		210.7		400		25.0		95.0
load=95.0													
168626	43.4		5.0		8.7		215.4		400		25.0		95.0
load=95.0													
169137	42.5		5.0		8.6		210.7		400		25.0		95.0
load=95.0													
169648	42.8		5.0		8.6		212.8		400		25.0		95.0
load=95.0													
170159	42.8		5.0		8.6		212.5		400		25.0		95.0
load=95.0													
170670	43.2		5.0		8.6		216.3		401		25.0		95.0
load=95.0													
171181	43.1		5.1		8.5		218.4		407		25.0		95.0
load=93.5													
171692	42.5		5.2		8.1		221.9		422		25.0		93.5
load=90.5													
172203	42.6		5.4		7.9		230.5		437		25.0		90.5
load=93.5													
172714	43.1		5.6		7.7		241.7		452		25.0		93.5
load=90.5													
173225	42.8		5.8		7.4		247.9		466		25.0		90.5
load=93.5													
173736	43.5		6.0		7.3		259.8		481		25.0		93.5
load=95.0													
174247	43.5		6.2		7.1		267.8		496		25.0		95.0
load=95.0													
174758	44.1		6.3		7.0		279.8		511		25.0		95.0
load=93.5													
175269	42.2		6.5		6.5		275.1		526		25.0		93.5
load=90.5													
175780	42.6		6.7		6.4		285.2		540		25.0		90.5
load=93.5													
176291	43.5		6.9		6.3		299.7		555		25.0		93.5
load=90.5													
176802	42.8		7.1		6.1		302.2		569		25.0		90.5
load=87.5													
177313	42.9		7.2		5.9		310.4		585		25.0		87.5
load=84.5													
177824	42.8		7.4		5.8		317.5		599		25.0		84.5
load=81.5													
178335	42.6		7.6		5.6		325.2		614		25.0		81.5
load=78.5													
178846	42.8		7.8		5.5		333.5		629		25.0		78.5
load=81.5													
179357	44.0		8.0		5.5		351.1		644		25.0		81.5
load=78.5													
179868	42.8		8.2		5.2		349.8		659		25.0		78.5
load=75.5													
180379	42.8		8.3		5.1		357.0		673		25.0		75.5
load=72.5													
180890	42.3		8.5		5.0		361.4		688		25.0		72.5
load=70.1													
181401	41.9		8.7		4.8		365.3		702		25.0		70.1
load=73.1													
181912	42.6		8.9		4.8		379.8		718		25.0		73.1
load=76.1													
182423	43.7		9.1		4.8		396.3		732		25.0		76.1
load=79.1													
182934	43.4		9.3		4.7		401.3		747		25.0		79.1
load=76.1													
183445	42.8		9.4		4.5		404.0		762		25.0		76.1
load=79.1													
183956	43.3		9.6		4.5		417.3		778		25.0		79.1
load=82.1													
184467	43.2		9.8		4.4		425.0		792		25.0		82.1
load=79.3													
184978	42.3		10.0		4.2		423.4		806		25.0		79.3
load=82.3													
185489	43.8		10.0		4.4		436.5		805		25.0		82.3
load=79.3													
186000	43.1		9.9		4.3		427.9		802		25.0		79.3
load=78.0													
186511	42.8		9.9		4.3		425.0		800		25.0		78.0
load=78.0													
187022	42.5		9.9		4.3		421.5		800		25.0		78.0
load=79.6													
187533	43.7		9.9		4.4		433.1		800		25.0		79.6
load=81.5													
188044	43.5		9.9		4.4		432.3		800		25.0		81.5
load=83.0													
188555	44.0		9.9		4.4		436.9		800		25.0		83.0
load=83.9													
189066	42.8		9.9		4.3		425.0		800		25.0		83.9
load=84.9													
189577	42.9		9.9		4.3		426.2		800		25.0		84.9
load=84.4													
190088	43.1		9.9		4.3		428.2		800		25.0		84.4
load=85.4													
190599	44.0		9.9		4.4		435.4		800		25.0		85.4
load=86.7													
191110	42.9		9.9		4.3		425.2		800		25.0		86.7
load=89.1													
191621	43.2		9.9		4.4		427.8		800		25.0		89.1
load=90.2													
192132	44.0		9.9		4.4		435.4		800		25.0		90.2
load=91.5													
192643	43.7		9.9		4.4		432.8		800		25.0		91.5
load=93.4													
193154	43.7		9.9		4.4		433.6		800		25.0		93.4
load=94.6													
193665	43.8		9.9		4.4		434.6		800		25.0		94.6
load=95.0													
194176	42.9		9.9		4.3		426.2		800		25.0		95.0
load=95.0													
194687	43.1		9.9		4.3		427.6		800		25.0		95.0
load=95.0													
195198	42.8		9.9		4.3		424.4		800		25.0		95.0
load=95.0													
195709	42.8		9.9		4.3		424.1		800		25.0		95.0
load=95.0													
196220	42.3		9.9		4.3		419.7		800		25.0		95.0
load=95.0													
196731	42.8		9.9		4.3		425.0		800		25.0		95.0
load=95.0													
197242	43.7		9.9		4.4		433.1		800		25.0		95.0
load=95.0													
197753	43.2		9.9		4.4		428.8		800		25.0		95.0
load=95.0													
198264	43.5		9.9		4.4		431.7		800		25.0		95.0
load=95.0													
198775	42.8		9.9		4.3		424.4		800		25.0		95.0
load=95.0													
199286	42.9		9.9		4.3		426.2		800		25.0		95.0
load=95.0													
199797	42.8		9.9		4.3		424.4		800		25.0		95.0
load=95.0													
200308	43.1		9.9		4.3		427.3		800		25.0		95.0
load=95.0													
200819	44.0		9.9		4.4		436.0		800		25.0		95.0
load=95.0													
201330	43.5		9.9		4.4		432.0		800		25.0		95.0
load=95.0													
201841	43.2		9.9		4.3		429.7		800		25.0		95.0
load=95.0													
202352	43.2		9.9		4.4		428.4		800		25.0		95.0
load=95.0													
202863	43.1		9.9		4.3		427.3		800		25.0		95.0
load=95.0													
203374	43.5		9.9		4.4		432.3		800		25.0		95.0
load=95.0													
203885	43.1		9.9		4.3		427.6		800		25.0		95.0
load=95.0													
204396	42.9		9.9		4.3		426.5		800		25.0		95.0
load=95.0													
204907	44.3		9.9		4.5		438.9		800		25.0		95.0
load=95.0													
205418	42.5		9.9		4.3		420.9		800		25.0		95.0
load=95.0													
205929	44.1		9.9		4.4		438.1		800		25.0		95.0
load=95.0													
206440	42.9		9.9		4.3		425.5		800		25.0		95.0
load=95.0													
206951	43.8		9.9		4.4		434.9		800		25.0		95.0
load=95.0													
207462	43.1		9.9		4.3		428.6		800		25.0		95.0
load=95.0													
207973	43.7		9.9		4.4		433.8		800		25.0		95.0
load=95.0													
208484	43.4		9.9		4.4		430.5		800		25.0		95.0
load=95.0													
208995	44.1		9.9		4.4		438.1		800		25.0		95.0
load=95.0													
209506	43.0		9.9		4.3		426.0		800		25.0		95.0
load=95.0													
210017	43.4		9.9		4.4		430.5		800		25.0		95.0
load=95.0													
210528	43.8		9.9		4.4		434.6		800		25.0		95.0
load=95.0													
211039	44.4		9.9		4.5		441.0		800		25.0		95.0
load=95.0													
211550	43.2		9.9		4.4		428.1		800		25.0		95.0
load=95.0													
212061	43.4		9.9		4.4		430.2		800		25.0		95.0
load=95.0													
212572	44.4		9.9		4.5		441.0		800		25.0		95.0
load=95.0													
213083	43.7		9.9		4.4		433.4		800		25.0		95.0
load=95.0													
213594	43.4		9.9		4.4		430.5		800		25.0		95.0
load=95.0													
214105	43.2		9.9		4.4		429.0		800		25.0		95.0
load=95.0													
214616	43.2		9.9		4.4		429.4		800		25.0		95.0
load=95.0													
215127	44.0		9.9		4.4		436.7		800		25.0		95.0
load=95.0													
215638	43.2		9.9		4.4		429.4		800		25.0		95.0
load=95.0													
216149	43.2		9.9		4.4		429.4		800		25.0		95.0
load=95.0													
216660	43.4		9.9		4.4		430.5		800		25.0		95.0
load=95.0													
217171	42.9		9.9		4.3		426.5		800		25.0		95.0
load=95.0													
217682	42.8		9.9		4.3		424.7		800		25.0		95.0
load=95.0													
218193	43.8		9.9		4.4		434.9		800		25.0		95.0
load=95.0													
218704	43.4		9.9		4.4		430.6		800		25.0		95.0
load=95.0													
219215	43.1		9.9		4.3		428.2		800		25.0		95.0
load=95.0													
219726	43.4		9.9		4.4		431.2		800		25.0		95.0
load=95.0													
220237	43.4		10.0		4.4		431.8		800		25.0		95.0
load=95.0													
220748	43.7		9.9		4.4		432.8		800		25.0		95.0
load=95.0													
221259	43.7		9.9		4.4		434.1		800		25.0		95.0
load=95.0													
221770	43.4		10.0		4.4		431.8		800		25.0		95.0
load=95.0													
222281	42.8		9.9		4.3		425.0		800		25.0		95.0
load=95.0													
222792	43.5		9.9		4.4		431.0		799		25.0		95.0
load=95.0													
223303	44.4		9.8		4.5		433.2		786		25.0		95.0
load=95.0													
223814	43.4		9.6		4.5		415.6		772		25.0		95.0
load=94.7													
224325	45.0		9.4		4.8		422.8		757		25.0		94.7
load=95.0													
224836	43.1		9.2		4.7		397.3		742		25.0		95.0
load=95.0													
225347	43.2		9.1		4.8		391.4		728		25.0		95.0
load=92.0													
225858	43.7		8.8		4.9		386.1		712		25.0		92.0
load=95.0													
226369	43.5		8.7		5.0		377.1		698		25.0		95.0
load=95.0													
226880	42.8		8.5		5.0		363.6		683		25.0		95.0
load=95.0													
227391	43.1		8.3		5.2		356.9		669		25.0		95.0
load=92.0													
227902	43.4		8.1		5.3		352.0		654		25.0		92.0
load=95.0													
228413	43.1		7.9		5.4		342.1		639		25.0		95.0
load=92.0													
228924	43.5		7.8		5.6		337.3		624		25.0		92.0
load=89.6													
229435	44.2		7.6		5.8		334.9		609		25.0		89.6
load=88.3													
229946	45.0		7.4		6.1		332.5		596		25.0		88.3
load=91.3													
230457	43.7		7.2		6.1		314.5		579		25.0		91.3
load=94.3													
230968	43.4		7.0		6.2		304.1		565		25.0		94.3
load=95.0													
231479	43.4		6.8		6.3		297.1		550		25.0		95.0
load=95.0													
231990	43.2		6.6		6.5		287.2		536		25.0		95.0
load=95.0													
232501	43.2		6.5		6.6		281.8		522		25.0		95.0
load=92.6													
233012	44.4		6.3		7.0		279.7		506		25.0		92.6
load=95.0													
233523	43.4		6.1		7.1		265.0		491		25.0		95.0
load=95.0													
234034	43.2		5.9		7.3		256.8		476		25.0		95.0
load=92.0													
234545	44.0		5.8		7.6		253.1		463		25.0		92.0
load=89.0													
235056	43.7		5.5		7.9		242.4		446		25.0		89.0
load=92.0													
235567	42.6		5.4		7.9		229.6		432		25.0		92.0
load=89.0													
236078	43.8		5.2		8.4		227.6		417		25.0		89.0
load=92.0													
236589	42.8		5.0		8.6		214.1		403		25.0		92.0
load=95.0													
237100	43.2		4.8		8.9		209.0		389		25.0		95.0
load=95.0													
237611	42.8		4.6		9.2		198.4		373		25.0		95.0
load=92.0													
238122	44.0		4.5		9.8		196.4		358		25.0		92.0
load=89.0													
238633	43.4		4.3		10.2		185.2		343		25.0		89.0
load=92.0													
239144	43.1		4.1		10.5		177.0		329		25.0		92.0
load=89.0													
239655	43.7		3.9		11.1		171.3		313		25.0		89.0
load=86.0													
240166	44.0		3.7		11.8		164.2		299		25.0		86.0
load=89.0													
240677	42.9		3.6		11.8		155.7		290		25.0		89.0
load=86.0													
241188	43.7		3.7		11.9		160.6		293		25.0		86.0
load=83.2													
241699	43.8		3.7		11.9		161.1		296		25.0		83.2
load=86.2													
242210	43.5		3.8		11.6		163.2		299		25.0		86.2
load=88.7													
242721	43.4		3.7		11.6		162.0		300		25.0		88.7
load=90.3													
243232	43.4		3.8		11.5		163.0		300		25.0		90.3
load=89.9													
243743	43.8		3.7		11.8		163.0		300		25.0		89.9
load=90.4													
244254	42.6		3.8		11.3		160.2		300		25.0		90.4
load=90.8													
244765	42.8		3.8		11.4		160.8		300		25.0		90.8
load=91.5													
245276	43.4		3.8		11.5		163.6		300		25.0		91.5
load=91.9													
245787	43.8		3.8		11.7		164.6		300		25.0		91.9
load=91.1													
246298	43.5		3.7		11.7		162.3		300		25.0		91.1
load=91.5													
246809	42.9		3.8		11.4		161.0		300		25.0		91.5
load=91.8													
247320	43.7		3.7		11.7		163.5		300		25.0		91.8
load=92.3													
247831	44.4		3.8		11.8		166.8		300		25.0		92.3
load=92.6													
248342	44.1		3.7		11.8		165.1		300		25.0		92.6
load=93.2													
248853	43.5		3.7		11.6		162.9		300		25.0		93.2
load=95.0													
249364	43.8		3.8		11.6		165.3		300		25.0		95.0
load=94.6													
249875	43.8		3.7		11.7		164.0		300		25.0		94.6
load=95.0													
250386	43.1		3.7		11.5		161.3		300		25.0		95.0
load=95.0													
250897	42.9		3.7		11.5		160.1		300		25.0		95.0
load=95.0													
251408	43.4		3.7		11.6		162.0		300		25.0		95.0
load=95.0													
251919	43.8		3.7		11.7		163.7		300		25.0		95.0
load=95.0													
252430	43.2		3.8		11.5		162.8		300		25.0		95.0
load=95.0													
252941	43.5		3.8		11.6		163.5		300		25.0		95.0
load=95.0													
253452	43.2		3.8		11.5		162.8		300		25.0		95.0
load=95.0													
253963	43.7		3.7		11.7		163.5		300		25.0		95.0
load=95.0													
254474	44.1		3.7		11.8		164.8		300		25.0		95.0
load=95.0													
254985	43.8		3.8		11.6		165.0		300		25.0		95.0
load=95.0													
255496	44.0		3.8		11.7		165.2		300		25.0		95.0
load=95.0													
256007	43.3		3.7		11.6		161.3		300		25.0		95.0
load=95.0													
256518	43.8		3.8		11.7		164.3		300		25.0		95.0
load=95.0													
257029	43.1		3.7		11.6		160.6		300		25.0		95.0
load=95.0													
257540	44.0		3.7		11.7		164.6		300		25.0		95.0
load=95.0													
258051	43.4		3.8		11.5		163.0		300		25.0		95.0
load=95.0													
258562	42.2		3.7		11.3		158.0		300		25.0		95.0
load=95.0													
259073	43.2		3.8		11.5		162.8		300		25.0		95.0
load=95.0													
259584	44.0		3.7		11.8		164.2		300		25.0		95.0
load=95.0													
260095	43.4		3.7		11.6		162.0		300		25.0		95.0
load=95.0													
260606	43.6		3.7		11.7		163.3		300		25.0		95.0
load=95.0													
261117	43.5		3.8		11.6		163.5		300		25.0		95.0
load=95.0													
261628	43.7		3.8		11.6		163.8		300		25.0		95.0
load=95.0													
262139	44.0		3.8		11.7		165.2		300		25.0		95.0
load=95.0													
262650	42.8		3.8		11.4		160.8		300		25.0		95.0
load=95.0													
263161	44.0		3.7		11.8		164.2		300		25.0		95.0
load=95.0													
263672	44.2		3.7		11.8		165.7		300		25.0		95.0
load=95.0													
264183	43.5		3.7		11.7		162.3		300		25.0		95.0
load=95.0													
264694	43.4		3.8		11.6		162.7		300		25.0		95.0
load=95.0													
265205	43.7		3.8		11.6		164.0		300		25.0		95.0
load=95.0													
265716	44.0		3.7		11.8		163.9		300		25.0		95.0
load=95.0													
266227	43.7		3.8		11.6		163.8		300		25.0		95.0
load=95.0													
266738	44.2		3.7		11.8		165.7		300		25.0		95.0
load=95.0													
267249	43.7		3.8		11.6		163.8		300		25.0		95.0
load=95.0													
267760	44.1		3.7		11.8		164.5		300		25.0		95.0
load=95.0													
268271	42.3		3.8		11.3		158.8		300		25.0		95.0
load=95.0													
268782	43.7		3.7		11.7		163.5		300		25.0		95.0
load=95.0													
269293	44.1		3.7		11.9		164.1		300		25.0		95.0
load=95.0													
269804	43.2		3.7		11.6		161.0		300		25.0		95.0
load=94.7													
270315	43.4		3.8		11.5		163.0		300		25.0		94.7
load=95.0													
270826	44.2		3.7		11.9		165.0		300		25.0		95.0
load=95.0													
271337	43.8		3.8		11.7		164.3		300		25.0		95.0
load=95.0													
271848	43.7		3.7		11.7		162.5		300		25.0		95.0
load=95.0													
272359	43.2		3.8		11.5		162.1		300		25.0		95.0
load=95.0													
272870	43.7		3.7		11.7		163.5		300		25.0		95.0
load=95.0													
273381	44.1		3.8		11.7		165.7		300		25.0		95.0
load=95.0													
273892	43.1		3.7		11.6		160.3		300		25.0		95.0
load=95.0													
274403	44.2		3.7		11.8		165.3		300		25.0		95.0
load=95.0													
274914	44.2		3.7		11.9		165.0		300		25.0		95.0
load=95.0													
275425	44.0		3.7		11.8		164.2		300		25.0		95.0
load=95.0													
275936	43.4		3.7		11.6		162.0		300		25.0		95.0
load=95.0													
276447	43.2		3.7		11.5		161.8		300		25.0		95.0
load=95.0													
276958	44.0		3.8		11.7		165.2		300		25.0		95.0
load=95.0													
277469	43.4		3.7		11.7		161.4		300		25.0		95.0
load=93.8													
277980	43.5		3.8		11.6		163.9		300		25.0		93.8
load=94.3													
278491	42.8		3.7		11.4		160.2		300		25.0		94.3
load=94.9													
279002	44.0		3.8		11.7		165.8		300		25.0		94.9
load=95.0													
279513	43.2		3.7		11.5		161.8		300		25.0		95.0
load=93.2													
280024	43.5		3.7		11.7		161.6		300		25.0		93.2
load=93.5													
280535	44.0		3.7		11.8		163.9		300		25.0		93.5
load=93.5													
281046	43.2		3.8		11.5		162.1		300		25.0		93.5
load=94.1													
281557	44.1		3.8		11.8		165.4		300		25.0		94.1
load=94.4													
282068	43.1		3.8		11.5		161.9		300		25.0		94.4
load=94.8													
282579	43.2		3.8		11.5		162.1		300		25.0		94.8
load=94.8													
283090	44.0		3.7		11.8		163.9		300		25.0		94.8
load=94.8													
283601	43.4		3.8		11.6		162.7		300		25.0		94.8
load=94.8													
284112	43.7		3.7		11.7		163.1		300		25.0		94.8
load=95.0													
284623	44.0		3.8		11.7		164.9		300		25.0		95.0
load=95.0													
285134	44.1		3.8		11.7		165.7		300		25.0		95.0
load=95.0													
285645	42.9		3.7		11.5		160.4		300		25.0		95.0
load=95.0													
286156	42.7		3.7		11.4		159.5		300		25.0		95.0
load=95.0													
286667	42.9		3.7		11.5		159.8		300		25.0		95.0
load=95.0													
287178	43.5		3.7		11.7		162.3		300		25.0		95.0
load=93.1													
287689	43.2		3.8		11.5		162.8		300		25.0		93.1
load=93.1													
288200	42.9		3.8		11.4		162.0		300		25.0		93.1
load=93.1													
288711	44.1		3.7		11.9		163.8		300		25.0		93.1
load=92.1													
289222	43.5		3.7		11.7		162.0		300		25.0		92.1
load=93.8													
289733	43.5		3.8		11.6		163.2		300		25.0		93.8
load=94.0													
290244	43.4		3.7		11.6		162.4		300		25.0		94.0
load=94.0													
290755	43.1		3.8		11.5		161.8		300		25.0		94.0
load=93.4													
291266	43.5		3.7		11.7		161.3		300		25.0		93.4
load=94.1													
291777	43.8		3.8		11.7		164.6		300		25.0		94.1
load=94.1													
292288	43.5		3.7		11.6		162.6		300		25.0		94.1
load=94.5													
292799	42.8		3.8		11.4		160.5		300		25.0		94.5
load=95.0													
293310	42.9		3.7		11.5		160.4		300		25.0		95.0
load=94.7													
293821	43.4		3.7		11.7		161.1		300		25.0		94.7
load=95.0													
294332	44.2		3.7		11.9		165.0		300		25.0		95.0
load=95.0													
294843	44.2		3.7		11.9		164.7		300		25.0		95.0
load=95.0													
295354	43.2		3.7		11.6		161.7		300		25.0		95.0
load=93.8													
295865	43.5		3.8		11.6		163.5		300		25.0		93.8
load=93.8													
296376	43.5		3.7		11.6		162.9		300		25.0		93.8
load=94.2													
296887	43.1		3.8		11.5		161.6		300		25.0		94.2
load=94.7													
297398	42.8		3.7		11.5		159.9		300		25.0		94.7
load=95.0													
297909	42.5		3.8		11.3		159.7		300		25.0		95.0
load=95.0													
298420	43.4		3.7		11.6		162.4		300		25.0		95.0
load=95.0													
298931	43.4		3.7		11.6		162.0		300		25.0		95.0
load=95.0													
299442	42.6		3.8		11.3		160.2		300		25.0		95.0
load=95.0													
299953	42.9		3.7		11.5		160.1		300		25.0		95.0
load=95.0													
300464	43.2		3.7		11.6		161.5		300		25.0		95.0
load=95.0													
300975	43.4		3.8		11.6		162.7		300		25.0		95.0
load=95.0													
301486	43.7		3.7		11.7		163.5		300		25.0		95.0
load=95.0													
301997	42.9		3.7		11.5		160.4		300		25.0		95.0
load=95.0													
302508	43.2		3.7		11.6		161.5		300		25.0		95.0
load=95.0													
303019	44.0		3.7		11.7		164.6		300		25.0		95.0
load=95.0													
303530	42.6		3.8		11.4		159.9		300		25.0		95.0
load=95.0													
304041	42.8		3.7		11.5		159.2		300		25.0		95.0
load=94.7													
304552	42.9		3.8		11.4		161.3		300		25.0		94.7
load=95.0													
305063	42.8		3.7		11.5		159.5		300		25.0		95.0
load=95.0													
305574	43.4		3.8		11.6		162.7		300		25.0		95.0
load=95.0													
306085	42.6		3.7		11.4		159.3		300		25.0		95.0
load=95.0													
306596	43.1		3.7		11.5		160.9		300		25.0		95.0
load=95.0													
307107	43.3		3.7		11.6		161.0		300		25.0		95.0
load=95.0													
307618	43.8		3.7		11.7		163.7		300		25.0		95.0
load=95.0													
308129	42.6		3.7		11.5		158.1		300		25.0		95.0
load=93.0													
308640	43.1		3.8		11.5		161.9		300		25.0		93.0
load=93.3													
309151	43.5		3.7		11.7		162.0		300		25.0		93.3
load=93.3													
309662	43.7		3.7		11.8		162.2		300		25.0		93.3
load=93.9													
310173	43.2		3.7		11.6		160.9		300		25.0		93.9
load=94.3													
310684	42.5		3.7		11.4		158.8		300		25.0		94.3
load=94.8													
311195	43.1		3.7		11.6		160.6		300		25.0		94.8
load=95.0													
311706	42.6		3.7		11.4		159.2		300		25.0		95.0
load=95.0													
312217	42.6		3.7		11.4		159.3		300		25.0		95.0
load=95.0													
312728	42.1		3.7		11.3		156.8		300		25.0		95.0
load=95.0													
313239	43.1		3.7		11.5		160.9		300		25.0		95.0
load=95.0													
313750	42.9		3.7		11.5		160.4		300		25.0		95.0
load=95.0													
314261	42.3		3.7		11.4		157.0		300		25.0		95.0
load=95.0													
314772	42.9		3.7		11.5		160.1		300		25.0		95.0
load=95.0													
315283	42.1		3.7		11.3		156.5		300		25.0		95.0
load=95.0													
315794	43.4		3.7		11.6		162.4		300		25.0		95.0
load=95.0													
316305	43.8		3.7		11.7		164.2		300		25.0		95.0
load=95.0													
316816	42.9		3.7		11.5		160.7		300		25.0		95.0
load=95.0													
317327	43.7		3.7		11.7		162.8		300		25.0		95.0
load=95.0													
317838	43.8		3.8		11.7		164.6		300		25.0		95.0
load=95.0													
318349	43.7		3.7		11.7		162.5		300		25.0		95.0
load=95.0													
318860	43.1		3.7		11.5		161.3		300		25.0		95.0
load=95.0													
319371	42.2		3.7		11.4		156.7		300		25.0		95.0
load=95.0													
319882	42.8		3.7		11.5		159.9		300		25.0		95.0
load=95.0													
320393	42.8		3.7		11.5		158.6		300		25.0		95.0
load=95.0													
320904	43.5		3.7		11.6		162.8		300		25.0		95.0
load=95.0													
321415	42.6		3.7		11.5		158.7		300		25.0		95.0
load=95.0													
321926	42.6		3.7		11.5		158.7		301		25.0		95.0
load=92.0													
322437	42.8		3.8		11.3		162.4		304		25.0		92.0
load=95.0													
322948	42.9		4.0		10.9		169.8		319		25.0		95.0
load=92.2													
323459	42.3		4.2		10.2		175.9		334		25.0		92.2
load=95.0													
323970	42.9		4.3		9.9		186.5		349		25.0		95.0
load=95.0													
324481	43.1		4.5		9.5		195.0		363		25.0		95.0
load=92.0													
324992	42.8		4.7		9.1		200.9		378		25.0		92.0
load=89.0													
325503	42.3		4.9		8.7		206.3		393		25.0		89.0
load=92.0													
326014	42.8		5.1		8.5		216.3		408		25.0		92.0
load=95.0													
326525	43.2		5.2		8.2		226.7		423		25.0		95.0
load=92.0													
327036	42.3		5.4		7.8		228.9		437		25.0		92.0
load=95.0													
327547	42.8		5.6		7.6		239.5		452		25.0		95.0
load=92.0													
328058	42.3		5.8		7.3		246.0		468		25.0		92.0
load=95.0													
328569	43.2		6.0		7.2		258.1		482		25.0		95.0
load=92.0													
329080	42.8		6.2		7.0		263.3		496		25.0		92.0
load=89.0													
329591	42.2		6.3		6.7		267.7		511		25.0		89.0
load=92.0													
330102	43.2		6.5		6.6		281.2		526		25.0		92.0
load=95.0													
330613	42.9		6.7		6.4		287.8		542		25.0		95.0
load=92.0													
331124	42.8		6.9		6.2		294.9		556		25.0		92.0
load=89.0													
331635	42.6		7.1		6.0		300.8		570		25.0		89.0
load=92.0													
332146	43.4		7.2		6.0		314.2		585		25.0		92.0
load=89.0													
332657	42.6		7.4		5.7		317.2		601		25.0		89.0
load=86.0													
333168	42.5		7.6		5.6		323.4		616		25.0		86.0
load=89.0													
333679	43.4		7.8		5.6		338.7		630		25.0		89.0
load=86.0													
334190	42.6		8.0		5.4		339.5		644		25.0		86.0
load=89.0													
334701	42.9		8.2		5.3		350.7		658		25.0		89.0
load=92.0													
335212	43.4		8.4		5.2		362.8		675		25.0		92.0
load=95.0													
335723	43.2		8.5		5.1		369.5		690		25.0		95.0
load=92.0													
336234	42.8		8.7		4.9		373.0		703		25.0		92.0
load=89.0													
336745	42.9		8.9		4.8		382.1		718		25.0		89.0
load=86.0													
337256	42.4		9.1		4.7		385.4		734		25.0		86.0
load=83.0													
337767	42.8		9.3		4.6		397.1		748		25.0		83.0
load=86.0													
338278	43.4		9.5		4.6		409.9		762		25.0		86.0
load=89.0													
338789	43.2		9.6		4.5		416.4		777		25.0		89.0
load=86.0													
339300	42.3		9.8		4.3		415.1		791		25.0		86.0
load=83.0													
339811	42.3		10.0		4.2		424.1		807		25.0		83.0
load=86.0													
340322	42.8		10.0		4.3		428.5		807		25.0		86.0
load=89.0													
340833	42.8		10.0		4.3		428.5		806		25.0		89.0
load=91.1													
341344	43.7		10.0		4.4		435.7		802		25.0		91.1
load=92.8													
341855	43.7		9.9		4.4		433.5		800		25.0		92.8
load=93.2													
342366	42.9		9.9		4.3		425.8		800		25.0		93.2
load=94.3													
342877	42.6		9.9		4.3		422.0		800		25.0		94.3
load=95.0													
343388	43.1		9.9		4.3		427.0		800		25.0		95.0
load=95.0													
343899	44.2		9.9		4.5		439.6		800		25.0		95.0
load=95.0													
344410	42.9		9.9		4.3		424.9		800		25.0		95.0
load=95.0													
344921	42.8		9.9		4.3		423.5		800		25.0		95.0
load=95.0													
345432	42.2		9.9		4.3		418.6		800		25.0		95.0
load=95.0													
345943	43.2		9.9		4.4		428.8		800		25.0		95.0
load=95.0													
346454	43.7		9.9		4.4		432.9		800		25.0		95.0
load=95.0													
346965	44.1		9.9		4.4		437.1		800		25.0		95.0
load=95.0													
347476	42.5		9.9		4.3		420.9		800		25.0		95.0
load=95.0													
347987	42.1		9.9		4.3		415.9		800		25.0		95.0
load=95.0													
348498	43.1		9.9		4.3		427.0		800		25.0		95.0
load=95.0													
349009	43.8		9.9		4.4		435.5		800		25.0		95.0
load=95.0													
349520	44.2		9.9		4.5		438.6		800		25.0		95.0
load=95.0													
350031	41.9		9.9		4.2		415.4		800		26.0		95.0
load=95.0													
350542	40.6		9.9		4.1		403.2		800		37.0		95.0
load=95.0													
351053	39.9		10.0		4.0		399.1		800		49.0		95.0
load=95.0													
351564	40.3		10.0		4.0		403.5		800		50.0		95.0
load=95.0													
352075	39.6		10.0		3.9		396.5		800		53.0		95.0
load=95.0													
352586	38.8		10.0		3.9		388.3		800		56.0		95.0
load=95.0													
353097	38.7		10.0		3.9		387.4		800		58.0		95.0
load=95.0													
353608	38.8		10.1		3.9		390.8		800		61.0		95.0
load=95.0													
354119	38.7		10.1		3.8		388.8		800		61.0		95.0
load=95.0													
354630	39.3		10.1		3.9		395.0		800		60.0		95.0
load=95.0													
355141	38.2		10.0		3.8		383.5		800		60.0		95.0
load=95.0													
355652	38.1		10.0		3.8		381.5		800		60.0		95.0
load=95.0													
356163	38.1		10.1		3.8		383.5		800		60.0		95.0
load=95.0													
356674	39.7		10.0		4.0		398.8		800		60.0		95.0
load=95.0													
357185	39.0		10.0		3.9		390.3		800		60.0		95.0
load=95.0													
357696	38.2		10.0		3.8		383.3		800		60.0		95.0
load=95.0													
358207	37.7		10.0		3.8		377.2		800		60.0		95.0
load=95.0													
358718	38.5		10.0		3.8		386.5		800		60.0		95.0
load=95.0													
359229	38.8		10.0		3.9		390.0		800		60.0		95.0
load=95.0													
359740	38.8		10.1		3.9		390.3		800		60.0		95.0
load=95.0													
360251	38.5		10.0		3.8		386.2		800		60.0		95.0
load=95.0													
360762	38.7		10.0		3.9		388.2		800		60.0		95.0
load=95.0													
361273	39.3		10.0		3.9		394.4		800		60.0		95.0
load=95.0													
361784	40.1		10.1		4.0		403.8		800		60.0		95.0
load=95.0													
362295	38.4		10.0		3.8		384.2		800		60.0		95.0
load=95.0													
362806	37.9		10.0		3.8		378.6		800		60.0		95.0
load=95.0													
363317	37.9		10.0		3.8		380.9		800		60.0		95.0
load=95.0													
363828	38.5		10.0		3.8		386.8		800		60.0		95.0
load=95.0													
364339	40.0		10.0		4.0		401.5		800		60.0		95.0
load=95.0													
364850	38.5		10.0		3.8		386.8		800		60.0		95.0
load=95.0													
365361	38.1		10.0		3.8		381.5		800		60.0		95.0
load=95.0													
365872	38.1		10.0		3.8		382.6		800		60.0		95.0
load=95.0													
366383	39.6		10.0		3.9		397.1		800		60.0		95.0
load=95.0													
366894	38.8		10.1		3.9		390.6		800		60.0		95.0
load=95.0													
367405	37.9		10.0		3.8		380.7		800		60.0		95.0
load=95.0													
367916	37.9		10.0		3.8		380.6		800		60.0		95.0
load=95.0													
368427	38.2		10.0		3.8		383.0		800		60.0		95.0
load=95.0													
368938	39.3		10.0		3.9		393.0		800		60.0		95.0
load=95.0													
369449	38.4		10.0		3.8		385.6		800		60.0		95.0
load=95.0													
369960	37.4		10.0		3.7		375.0		800		60.0		95.0
load=95.0													
370471	37.2		10.0		3.7		372.4		800		60.0		95.0
load=95.0													
370982	37.8		10.0		3.8		379.1		800		60.0		95.0
load=95.0													
371493	38.1		10.0		3.8		382.1		800		60.0		95.0
load=95.0													
372004	39.7		10.0		4.0		398.6		800		60.0		95.0
load=95.0													
372515	37.9		10.1		3.8		381.4		800		60.0		95.0
load=95.0													
373026	38.1		10.0		3.8		381.0		800		60.0		95.0
load=95.0													
373537	38.4		10.0		3.8		385.6		800		60.0		95.0
load=95.0													
374048	39.7		10.0		4.0		398.2		800		60.0		95.0
load=95.0													
374559	39.4		10.0		3.9		395.9		800		60.0		95.0
load=95.0													
375070	38.5		10.0		3.8		386.2		800		60.0		95.0
load=95.0													
375581	37.5		10.0		3.8		374.8		800		60.0		95.0
load=95.0													
376092	37.9		10.0		3.8		380.6		800		60.0		95.0
load=95.0													
376603	39.1		10.0		3.9		392.9		800		60.0		95.0
load=95.0													
377114	39.0		10.1		3.9		391.7		800		60.0		95.0
load=95.0													
377625	38.1		10.0		3.8		382.6		800		60.0		95.0
load=95.0													
378136	37.4		10.0		3.7		373.9		800		60.0		95.0
load=95.0													
378647	38.4		10.0		3.8		384.7		800		60.0		95.0
load=95.0													
379158	39.3		10.1		3.9		395.0		800		60.0		95.0
load=95.0													
379669	38.1		10.1		3.8		383.2		800		60.0		95.0
load=95.0													
380180	38.5		10.0		3.8		387.0		800		60.0		95.0
load=95.0													
380691	37.7		10.0		3.8		377.9		800		60.0		95.0
load=95.0													
381202	37.7		10.0		3.8		377.9		800		60.0		95.0
load=95.0													
381713	39.0		10.1		3.9		392.0		800		60.0		95.0
load=95.0													
382224	38.7		10.1		3.8		389.1		800		60.0		95.0
load=95.0													
382735	38.8		10.0		3.9		389.7		800		60.0		95.0
load=95.0													
383246	37.9		10.0		3.8		380.3		800		60.0		95.0
load=95.0													
383757	38.2		10.0		3.8		383.6		800		60.0		95.0
load=95.0													
384268	39.1		10.0		3.9		392.9		800		60.0		95.0
load=95.0													
384779	37.8		10.0		3.8		379.1		800		60.0		95.0
load=95.0													
385290	38.7		10.0		3.9		387.9		800		60.0		95.0
load=95.0													
385801	38.5		10.0		3.9		385.6		800		60.0		95.0
load=95.0													
386312	38.8		10.0		3.9		389.4		800		60.0		95.0
load=95.0													
386823	38.8		10.1		3.9		390.3		800		60.0		95.0
load=95.0													
387334	38.7		10.1		3.8		388.8		800		60.0		95.0
load=95.0													
387845	38.8		10.0		3.9		388.8		800		60.0		95.0
load=95.0													
388356	37.8		10.0		3.8		378.0		800		60.0		95.0
load=95.0													
388867	37.5		10.0		3.7		376.5		800		60.0		95.0
load=95.0													
389378	39.9		10.1		4.0		400.9		800		60.0		95.0
load=95.0													
389889	39.0		10.1		3.9		392.0		800		60.0		95.0
load=95.0													
390400	38.2		10.0		3.8		383.8		800		60.0		95.0
load=95.0													
390911	38.4		10.0		3.8		385.0		800		60.0		95.0
load=95.0													
391422	39.4		10.0		3.9		395.6		800		60.0		95.0
load=95.0													
391933	39.3		10.1		3.9		395.0		800		60.0		95.0
load=95.0													
392444	38.8		10.1		3.9		390.8		800		60.0		95.0
load=95.0													
392955	38.4		10.0		3.8		384.7		800		60.0		95.0
load=95.0													
393466	38.2		10.0		3.8		383.0		800		60.0		95.0
load=95.0													
393977	39.1		10.0		3.9		391.8		800		60.0		95.0
load=95.0													
394488	39.6		10.1		3.9		397.9		800		60.0		95.0
load=95.0													
394999	39.4		10.0		3.9		395.0		800		60.0		95.0
load=95.0													
395510	37.9		10.0		3.8		380.0		800		60.0		95.0
load=95.0													
396021	38.1		10.0		3.8		381.2		800		60.0		95.0
load=95.0													
396532	39.1		10.0		3.9		392.9		800		60.0		95.0
load=95.0													
397043	39.6		10.1		3.9		397.9		800		60.0		95.0
load=95.0													
397554	38.8		10.0		3.9		389.9		800		60.0		95.0
load=95.0													
398065	38.4		10.0		3.8		384.7		800		60.0		95.0
load=95.0													
398576	37.7		10.0		3.8		377.7		800		60.0		95.0
load=95.0													
399087	39.0		10.0		3.9		391.5		800		60.0		95.0
load=95.0													
399598	39.1		10.1		3.9		393.2		800		60.0		95.0
load=95.0													
400109	39.4		10.1		3.9		396.4		800		60.0		95.0
load=95.0													
400620	37.9		10.0		3.8		379.8		800		59.0		95.0
load=95.0													
401131	39.0		10.0		3.9		390.6		800		55.0		95.0
load=95.0													
401642	40.9		10.0		4.1		407.9		800		42.0		95.0
load=95.0													
402153	41.5		10.0		4.1		414.3		800		40.0		95.0
load=95.0													
402664	41.5		9.9		4.2		412.5		800		36.0		95.0
load=95.0													
403175	41.8		9.9		4.2		413.6		800		23.0		95.0
load=95.0													
403686	42.5		9.9		4.3		420.2		800		22.0		95.0
load=95.0													
404197	42.2		9.9		4.3		417.7		800		24.0		95.0
load=95.0													
404708	42.8		9.9		4.3		425.3		800		25.0		95.0
load=95.0													
405219	44.0		9.9		4.4		436.0		800		25.0		95.0
load=95.0													
405730	43.1		9.9		4.4		425.7		800		25.0		95.0
load=95.0													
406241	43.1		9.9		4.3		427.0		800		25.0		95.0
load=95.0													
406752	44.0		9.9		4.4		436.7		800		25.0		95.0
load=95.0													
407263	43.4		9.9		4.4		431.2		800		25.0		95.0
load=95.0													
407774	43.1		9.9		4.3		427.0		800		25.0		95.0
load=95.0													
408285	41.9		9.9		4.2		414.7		800		25.0		95.0
load=95.0													
408796	42.9		9.9		4.3		424.6		800		25.0		95.0
load=95.0													
409307	43.0		9.9		4.3		426.5		800		25.0		95.0
load=95.0													
409818	43.7		9.9		4.4		433.8		800		25.0		95.0
load=95.0													
410329	42.8		9.9		4.3		425.3		800		25.0		95.0
load=95.0													
410840	41.6		9.9		4.2		411.5		800		25.0		95.0
load=95.0													
411351	42.9		9.9		4.3		424.9		800		25.0		95.0
load=95.0													
411862	43.5		9.9		4.4		431.7		800		25.0		95.0
load=95.0													
412373	44.1		9.9		4.4		438.4		800		25.0		95.0
load=95.0													
412884	44.0		9.9		4.4		436.0		800		25.0		95.0
load=95.0													
413395	41.8		9.9		4.2		413.9		800		25.0		95.0
load=95.0													
413906	42.4		9.9		4.3		419.5		800		25.0		95.0
load=95.0													
414417	43.4		9.9		4.4		430.5		800		25.0		95.0
load=95.0													
414928	44.8		9.9		4.5		445.7		800		25.0		95.0
load=95.0													
415439	42.9		9.9		4.3		426.2		800		25.0		95.0
load=95.0													
415950	42.8		9.9		4.3		423.8		800		25.0		95.0
load=95.0													
416461	42.8		9.9		4.3		423.5		800		25.0		95.0
load=95.0													
416972	43.2		9.9		4.4		428.8		800		25.0		95.0
load=95.0													
417483	43.7		9.9		4.4		434.4		800		25.0		95.0
load=95.0													
417994	42.6		9.9		4.3		423.6		800		25.0		95.0
load=95.0													
418505	42.6		9.9		4.3		422.1		800		25.0		95.0
load=95.0													
419016	43.5		9.9		4.4		430.7		800		25.0		95.0
load=95.0													
419527	43.1		9.9		4.3		427.3		800		25.0		95.0
load=95.0													
420038	43.8		9.9		4.4		435.8		800		25.0		95.0
load=95.0													
420549	43.5		9.9		4.4		432.0		800		25.0		95.0
load=95.0													
421060	43.1		9.9		4.3		427.3		800		25.0		95.0
load=95.0													
421571	42.2		9.9		4.3		418.9		800		25.0		95.0
load=95.0													
422082	42.9		9.9		4.3		426.2		800		25.0		95.0
load=95.0													
422593	43.1		9.9		4.3		427.6		800		25.0		95.0
load=95.0													
423104	42.9		9.9		4.3		425.7		800		25.0		95.0
load=95.0													
423615	42.2		9.9		4.3		417.3		800		25.0		95.0
load=95.0													
424126	42.8		9.9		4.3		424.1		800		25.0		95.0
load=95.0													
424637	42.8		9.9		4.3		424.7		800		25.0		95.0
load=95.0													
425148	43.7		9.9		4.4		433.4		800		25.0		95.0
load=95.0													
425659	42.9		9.9		4.3		426.8		800		25.0		95.0
load=95.0													
426170	42.5		9.9		4.3		420.6		800		25.0		95.0
load=95.0													
426681	41.5		9.9		4.2		410.1		800		25.0		95.0
load=95.0													
427192	44.2		9.9		4.5		439.6		800		25.0		95.0
load=95.0													
427703	42.5		9.9		4.3		422.4		800		25.0		95.0
load=95.0													
428214	42.2		9.9		4.3		417.7		800		25.0		95.0
load=95.0													
428725	43.4		9.9		4.4		428.9		800		25.0		95.0
load=95.0													
429236	42.5		9.9		4.3		420.2		800		25.0		95.0
load=95.0													
429747	43.5		9.9		4.4		431.3		800		25.0		95.0
load=95.0													
430258	44.0		9.9		4.4		436.3		800		25.0		95.0
load=95.0													
430769	43.7		9.9		4.4		433.8		800		25.0		95.0
load=95.0													
431280	42.8		9.9		4.3		423.8		800		25.0		95.0
load=95.0													
431791	43.5		9.9		4.4		431.7		800		25.0		95.0
load=95.0													
432302	43.7		9.9		4.4		433.4		800		25.0		95.0
load=95.0													
432813	43.4		9.9		4.4		430.5		800		25.0		95.0
load=95.0													
433324	42.8		9.9		4.3		424.7		800		25.0		95.0
load=95.0													
433835	42.6		9.9		4.3		421.7		800		25.0		95.0
load=95.0													
434346	42.8		9.9		4.3		423.8		800		25.0		95.0
load=95.0													
434857	43.7		9.9		4.4		434.1		800		25.0		95.0
load=95.0													
435368	44.1		9.9		4.4		438.4		800		25.0		95.0
load=95.0													
435879	42.6		9.9		4.3		422.3		800		25.0		95.0
load=95.0													
436390	42.6		9.9		4.3		422.3		800		25.0		95.0
load=95.0													
436901	42.6		9.9		4.3		421.4		800		25.0		95.0
load=95.0													
437412	43.2		10.0		4.3		430.3		800		25.0		95.0
load=95.0													
437923	42.8		9.9		4.3		425.0		800		25.0		95.0
load=95.0													
438434	43.4		9.9		4.4		430.2		800		25.0		95.0
load=95.0													
438945	42.5		9.9		4.3		419.6		800		25.0		95.0
load=95.0													
439456	42.9		9.9		4.3		424.6		800		25.0		95.0
load=95.0													
439967	44.0		9.9		4.4		436.7		800		25.0		95.0
load=95.0													
440478	43.2		9.9		4.3		429.7		800		25.0		95.0
load=95.0													
440989	42.1		9.9		4.3		415.9		800		25.0		95.0
load=95.0													
441500	42.2		9.9		4.3		417.3		800		25.0		95.0
load=95.0													
442011	42.2		9.9		4.3		418.3		800		25.0		95.0
load=95.0													
442522	42.6		9.9		4.3		423.6		800		25.0		95.0
load=95.0													
443033	44.5		9.9		4.5		442.8		800		25.0		95.0
load=95.0													
443544	42.3		9.9		4.3		419.4		800		25.0		95.0
load=95.0													
444055	42.5		9.9		4.3		420.7		800		25.0		95.0
load=95.0													
444566	43.1		9.9		4.4		426.4		800		25.0		95.0
load=95.0													
445077	43.2		9.9		4.4		429.4		800		25.0		95.0
load=95.0													
445588	43.7		9.9		4.4		432.2		800		25.0		95.0
load=95.0													
446099	42.9		9.9		4.3		426.2		800		25.0		95.0
load=95.0													
446610	42.6		9.9		4.3		422.9		800		25.0		95.0
load=95.0													
447121	43.1		9.9		4.3		426.7		800		25.0		95.0
load=95.0													
447632	43.2		9.9		4.3		429.7		800		25.0		95.0
load=95.0													
448143	43.5		9.9		4.4		432.0		800		25.0		95.0
load=95.0													
448654	42.3		9.9		4.3		419.9		800		25.0		95.0
load=95.0													
449165	42.9		9.9		4.3		424.6		800		25.0		95.0
load=95.0													
449676	42.8		9.9		4.3		423.5		800		25.0		95.0
load=95.0													
450187	44.0		9.9		4.4		436.7		800		25.0		95.0
load=95.0													
450698	42.8		9.9		4.3		425.3		800		25.0		95.0
load=95.0													
451209	42.3		9.9		4.3		420.3		800		25.0		95.0
load=95.0													
451720	41.2		9.9		4.2		408.1		800		25.0		95.0
load=95.0													
452231	41.9		9.9		4.2		414.4		800		25.0		95.0
load=95.0													
452742	44.0		9.9		4.4		436.7		800		25.0		95.0
load=95.0													
453253	42.9		9.9		4.3		426.5		800		25.0		95.0
load=95.0													
453764	42.5		9.9		4.3		420.9		800		25.0		95.0
load=95.0													
454275	41.8		9.9		4.2		413.0		800		25.0		95.0
load=95.0													
454786	44.1		9.9		4.4		437.1		800		25.0		95.0
load=95.0													
455297	43.8		9.9		4.4		434.2		800		25.0		95.0
load=95.0													
455808	43.5		9.9		4.4		431.7		800		25.0		95.0
load=95.0													
456319	43.2		9.9		4.4		427.5		800		25.0		95.0
load=95.0													
456830	41.9		9.9		4.2		415.4		800		25.0		95.0
load=95.0													
457341	42.3		9.9		4.3		419.7		800		25.0		95.0
load=95.0													
457852	43.5		9.9		4.4		432.3		800		25.0		95.0
load=95.0													
458363	43.7		9.9		4.4		434.4		800		25.0		95.0
load=94.5													
458874	43.2		9.9		4.4		428.1		800		25.0		94.5
load=95.0													
459385	42.3		9.9		4.3		419.1		800		25.0		95.0
load=95.0													
459896	42.6		9.9		4.3		422.9		800		25.0		95.0
load=95.0													
460407	43.2		9.9		4.3		429.1		800		25.0		95.0
load=95.0													
460918	43.7		9.9		4.4		433.4		800		25.0		95.0
load=95.0													
461429	42.2		9.9		4.3		418.6		800		25.0		95.0
load=95.0													
461940	42.3		9.9		4.3		420.0		800		25.0		95.0
load=95.0													
462451	43.1		9.9		4.3		427.9		800		25.0		95.0
load=95.0													
462962	43.8		9.9		4.4		435.5		800		25.0		95.0
load=95.0													
463473	43.1		9.9		4.3		427.3		800		25.0		95.0
load=95.0													
463984	42.8		9.9		4.3		423.8		800		25.0		95.0
load=95.0													
464495	41.3		9.9		4.2		409.6		800		25.0		95.0
load=95.0													
465006	42.9		9.9		4.3		426.1		800		25.0		95.0
load=95.0													
465517	43.7		9.9		4.4		432.8		800		25.0		95.0
load=95.0													
466028	42.8		9.9		4.3		425.0		800		25.0		95.0
load=95.0													
466539	42.5		9.9		4.3		420.9		800		25.0		95.0
load=95.0													
467050	42.2		9.9		4.3		418.3		800		25.0		95.0
load=95.0													
467561	42.3		9.9		4.3		419.4		800		25.0		95.0
load=95.0													
468072	44.1		9.9		4.4		437.8		800		25.0		95.0
load=95.0													
468583	43.4		9.9		4.4		430.2		800		25.0		95.0
load=95.0													
469094	42.2		9.9		4.3		417.3		800		25.0		95.0
load=95.0													
469605	42.5		9.9		4.3		420.3		800		25.0		95.0
load=95.0													
470116	43.2		9.9		4.4		429.1		800		25.0		95.0
load=95.0													
470627	43.2		10.0		4.3		430.3		800		25.0		95.0
load=95.0													
471138	43.8		9.9		4.4		434.9		800		25.0		95.0
load=95.0													
471649	42.8		9.9		4.3		424.1		800		25.0		95.0
load=95.0													
472160	42.8		9.9		4.3		423.1		800		25.0		95.0
load=95.0													
472671	43.7		9.9		4.4		433.4		800		25.0		95.0
load=95.0													
473182	43.5		9.9		4.4		432.9		800		25.0		95.0
load=95.0													
473693	43.1		9.9		4.3		427.6		800		25.0		95.0
load=95.0													
474204	42.6		9.9		4.3		421.6		800		25.0		95.0
load=95.0													
474715	41.8		9.9		4.2		413.6		800		25.0		95.0
load=95.0													
475226	44.1		9.9		4.5		436.8		800		25.0		95.0
load=95.0													
475737	44.1		9.9		4.4		437.5		800		25.0		95.0
load=95.0													
476248	42.9		9.9		4.3		425.5		800		25.0		95.0
load=95.0													
476759	43.1		9.9		4.4		426.0		800		25.0		95.0
load=95.0													
477270	41.8		9.9		4.2		413.9		800		25.0		95.0
load=95.0													
477781	41.9		9.9		4.2		415.7		800		25.0		95.0
load=95.0													
478292	44.1		9.9		4.4		437.8		800		25.0		95.0
load=95.0													
478803	42.8		9.9		4.3		425.0		800		25.0		95.0
load=95.0													
479314	43.5		9.9		4.4		430.4		800		25.0		95.0
load=95.0													
479825	41.8		9.9		4.2		413.9		800		25.0		95.0
load=95.0													
480336	43.4		9.9		4.4		429.6		800		25.0		95.0
load=95.0													
480847	44.2		10.0		4.4		440.5		800		25.0		95.0
