tiempo[ms]V_Panel[V]	I_Panel[A]	R_Carga[Ohms]	P_Panel[W]	G[W/m2]	T[°C]	Load[%]
load=50.79
536	42.9		9.9		4.3		424.9		800		25.0		50.8
load=51.70
2037	43.4		9.9		4.4		429.9		800		25.0		51.7
load=51.42
2546	43.2		9.9		4.4		429.4		800		25.0		51.4
load=52.48
3055	42.9		9.9		4.3		425.5		800		25.0		52.5
load=53.44
3564	43.1		9.9		4.3		427.3		800		25.0		53.4
load=52.54
4073	42.6		9.9		4.3		422.3		800		25.0		52.5
load=53.16
4582	42.5		9.9		4.3		421.2		800		25.0		53.2
load=53.98
5091	43.4		9.9		4.4		430.2		800		25.0		54.0
load=54.38
5600	43.5		9.9		4.4		430.9		800		25.0		54.4
load=53.64
6109	42.1		9.9		4.2		417.4		800		25.0		53.6
load=52.89
6618	43.4		9.9		4.4		429.9		800		25.0		52.9
load=53.34
7127	43.2		9.9		4.4		429.1		800		25.0		53.3
load=54.13
7636	43.4		9.9		4.4		430.5		800		25.0		54.1
load=52.82
8145	43.2		9.9		4.4		428.1		800		25.0		52.8
load=52.02
8654	43.8		9.9		4.4		433.9		800		25.0		52.0
load=52.80
9163	41.9		9.9		4.2		415.4		800		25.0		52.8
load=53.61
9672	43.4		9.9		4.4		430.2		800		25.0		53.6
load=54.41
10181	43.7		9.9		4.4		433.1		800		25.0		54.4
load=53.58
10690	42.9		9.9		4.3		425.5		800		25.0		53.6
load=52.67
11199	43.4		9.9		4.4		430.5		800		25.0		52.7
load=52.05
11708	43.5		9.9		4.4		431.7		800		25.0		52.1
load=51.30
12217	44.1		9.9		4.4		437.1		800		25.0		51.3
load=51.96
12726	43.5		9.9		4.4		432.3		800		25.0		52.0
load=51.13
13235	42.9		9.9		4.3		426.2		800		25.0		51.1
load=50.35
13744	44.8		9.9		4.5		444.7		800		25.0		50.3
load=51.15
14253	42.9		9.9		4.3		425.5		800		25.0		51.2
load=50.87
14762	42.8		9.9		4.3		425.0		800		25.0		50.9
load=50.59
15271	42.9		9.9		4.3		425.5		800		25.0		50.6
load=49.77
15780	43.7		9.9		4.4		433.1		800		25.0		49.8
load=49.57
16289	43.7		9.9		4.4		433.1		800		25.0		49.6
load=48.71
16798	44.1		9.9		4.4		437.8		800		25.0		48.7
load=49.49
17307	42.9		9.9		4.3		426.5		800		25.0		49.5
load=48.52
17816	41.9		9.9		4.2		414.1		800		25.0		48.5
load=47.56
18325	42.9		9.9		4.3		426.5		800		25.0		47.6
load=48.43
18834	41.9		9.9		4.2		415.4		800		25.0		48.4
load=49.32
19343	42.6		9.9		4.3		423.6		800		25.0		49.3
load=50.22
19852	42.9		9.9		4.3		426.4		800		25.0		50.2
load=50.90
20361	43.8		9.9		4.4		434.2		800		25.0		50.9
load=50.11
20870	42.6		9.9		4.3		422.6		800		25.0		50.1
load=49.28
21379	43.4		9.9		4.4		430.2		800		25.0		49.3
load=50.08
21888	43.1		9.9		4.3		427.3		800		25.0		50.1
load=49.28
22397	42.5		9.9		4.3		421.5		800		25.0		49.3
load=48.47
22906	44.0		9.9		4.4		436.3		800		25.0		48.5
load=49.30
23415	43.2		9.9		4.4		428.8		800		25.0		49.3
load=48.51
23924	43.1		9.9		4.3		427.3		800		25.0		48.5
load=48.06
24433	43.2		9.9		4.4		428.1		800		25.0		48.1
load=48.77
24942	42.1		9.9		4.2		417.7		800		25.0		48.8
load=49.55
25451	44.1		9.9		4.4		437.8		800		25.0		49.5
load=48.77
25960	42.6		9.9		4.3		423.6		800		25.0		48.8
load=48.11
26469	43.2		9.9		4.4		428.4		800		25.0		48.1
load=47.14
26978	43.4		9.9		4.4		430.2		800		25.0		47.1
load=47.96
27487	42.2		9.9		4.3		418.3		800		25.0		48.0
load=48.83
27996	42.5		9.9		4.3		421.5		800		25.0		48.8
load=49.71
28505	42.8		9.9		4.3		424.7		800		25.0		49.7
load=48.83
29014	42.5		9.9		4.3		421.5		800		25.0		48.8
load=47.98
29523	42.9		9.9		4.3		426.2		800		25.0		48.0
load=48.86
30032	42.6		9.9		4.3		422.9		800		25.0		48.9
load=49.60
30541	43.5		9.9		4.4		431.0		800		25.0		49.6
load=48.76
31050	43.1		9.9		4.4		426.4		800		25.0		48.8
load=49.32
31559	42.8		9.9		4.3		424.4		800		25.0		49.3
load=49.12
32068	42.8		9.9		4.3		423.8		800		25.0		49.1
load=48.30
32577	43.8		9.9		4.4		434.2		800		25.0		48.3
load=49.09
33086	42.5		9.9		4.3		421.2		800		25.0		49.1
load=48.39
33595	42.2		9.9		4.3		418.6		800		25.0		48.4
load=49.35
34104	42.1		9.9		4.2		416.8		800		25.0		49.3
load=49.80
34613	42.2		9.9		4.3		417.7		800		25.0		49.8
load=50.81
35122	42.8		9.9		4.3		425.0		800		25.0		50.8
load=51.01
35631	42.9		9.9		4.3		425.2		800		25.0		51.0
load=51.87
36140	43.7		9.9		4.4		433.1		800		25.0		51.9
load=50.55
36649	43.5		9.9		4.4		430.7		800		25.0		50.6
load=50.91
37158	43.2		9.9		4.4		429.4		800		25.0		50.9
load=49.86
37667	42.9		9.9		4.3		425.5		800		25.0		49.9
load=49.03
38176	43.7		9.9		4.4		433.1		800		25.0		49.0
load=50.00
38685	43.4		9.9		4.4		429.6		800		25.0		50.0
load=49.17
39194	42.2		9.9		4.3		417.3		800		25.0		49.2
load=48.25
39703	42.8		9.9		4.3		424.1		800		25.0		48.2
load=49.21
40212	42.5		9.9		4.3		420.6		800		25.0		49.2
load=50.09
40721	42.8		9.9		4.3		423.8		800		25.0		50.1
load=49.38
41230	42.5		9.9		4.3		421.2		800		25.0		49.4
load=48.70
41739	42.9		9.9		4.3		424.9		800		25.0		48.7
load=48.50
42248	42.9		9.9		4.3		425.8		800		25.0		48.5
load=48.70
42757	42.9		9.9		4.3		424.9		800		25.0		48.7
load=48.90
43266	42.9		9.9		4.3		425.2		800		25.0		48.9
load=49.10
43775	42.9		9.9		4.3		426.2		800		25.0		49.1
load=48.18
44284	42.3		9.9		4.3		419.4		800		25.0		48.2
load=47.98
44793	42.3		9.9		4.3		420.7		800		25.0		48.0
load=47.33
45302	43.0		9.9		4.3		426.4		800		25.0		47.3
load=47.69
45811	42.9		9.9		4.3		425.8		800		25.0		47.7
load=47.89
46320	42.9		9.9		4.3		425.8		800		25.0		47.9
load=47.08
46829	41.8		9.9		4.2		413.9		800		25.0		47.1
load=46.33
47338	42.3		9.9		4.3		419.4		800		25.0		46.3
load=45.36
47847	42.5		9.9		4.3		421.2		800		25.0		45.4
load=44.57
48356	43.8		9.9		4.4		434.2		800		25.0		44.6
load=45.45
48865	43.5		9.9		4.4		431.0		800		25.0		45.5
load=44.64
49374	42.3		9.9		4.3		419.1		800		25.0		44.6
load=44.84
49883	42.3		9.9		4.3		418.8		800		25.0		44.8
load=45.86
50392	42.8		9.9		4.3		424.4		800		25.0		45.9
load=45.09
50901	41.9		9.9		4.2		416.0		800		25.0		45.1
load=44.55
51410	42.5		9.9		4.3		419.9		800		25.0		44.6
load=43.25
51919	42.6		9.9		4.3		422.3		800		25.0		43.3
load=43.05
52428	42.6		9.9		4.3		422.3		800		25.0		43.1
load=43.67
52937	42.5		9.9		4.3		421.2		800		25.0		43.7
load=42.88
53446	41.6		9.9		4.2		412.5		800		25.0		42.9
load=42.06
53955	42.6		9.9		4.3		422.9		800		25.0		42.1
load=42.90
54464	41.6		9.9		4.2		412.2		800		25.0		42.9
load=43.74
54973	43.5		9.9		4.4		432.0		800		25.0		43.7
load=42.94
55482	42.3		9.9		4.3		420.3		800		25.0		42.9
load=42.11
55991	43.1		9.9		4.3		427.9		800		25.0		42.1
load=43.81
56500	42.9		9.9		4.3		424.8		800		25.0		43.8
load=43.02
57009	41.8		9.9		4.2		413.3		800		25.0		43.0
load=42.23
57518	42.1		9.9		4.2		416.2		800		25.0		42.2
load=42.03
58027	42.1		9.9		4.2		416.2		800		25.0		42.0
load=41.17
58536	42.8		9.9		4.3		424.1		800		25.0		41.2
load=40.44
59045	43.2		9.9		4.4		428.1		800		25.0		40.4
load=41.31
59554	42.6		9.9		4.3		421.7		800		25.0		41.3
load=40.52
60063	42.3		9.9		4.3		418.8		800		25.0		40.5
load=41.29
60572	41.5		9.9		4.2		410.4		800		25.0		41.3
load=42.11
61081	43.1		9.9		4.3		427.0		800		25.0		42.1
load=41.20
61590	42.6		9.9		4.3		422.0		800		25.0		41.2
load=40.50
62099	42.9		9.9		4.3		424.6		800		25.0		40.5
load=41.19
62608	42.2		9.9		4.3		418.3		800		25.0		41.2
load=41.55
63117	42.5		9.9		4.3		419.6		800		25.0		41.6
load=41.75
63626	42.5		9.9		4.3		419.9		800		25.0		41.8
load=42.72
64135	43.1		9.9		4.3		427.0		800		25.0		42.7
load=41.87
64644	42.2		9.9		4.3		417.7		800		25.0		41.9
load=41.05
65153	44.0		9.9		4.4		435.7		800		25.0		41.0
load=41.86
65662	42.3		9.9		4.3		419.4		800		25.0		41.9
load=42.14
66171	42.5		9.9		4.3		419.9		800		25.0		42.1
load=43.00
66680	43.2		9.9		4.4		427.8		800		25.0		43.0
load=42.43
67189	42.8		9.9		4.3		424.7		800		25.0		42.4
load=43.40
67698	41.9		9.9		4.2		414.1		800		25.0		43.4
load=44.31
68207	42.5		9.9		4.3		420.9		800		25.0		44.3
load=43.48
68716	41.9		9.9		4.2		414.7		800		25.0		43.5
load=42.66
69225	42.8		9.9		4.3		423.8		800		25.0		42.7
load=43.62
69734	42.6		9.9		4.3		422.0		800		25.0		43.6
load=42.83
70243	41.6		9.9		4.2		411.8		800		25.0		42.8
load=42.32
70752	41.7		9.9		4.2		412.4		800		25.0		42.3
load=41.25
71261	42.1		9.9		4.2		417.1		800		25.0		41.2
load=41.45
71770	42.1		9.9		4.2		416.8		800		25.0		41.4
load=42.01
72279	42.5		9.9		4.3		419.9		800		25.0		42.0
load=42.21
72788	42.5		9.9		4.3		421.2		800		25.0		42.2
load=41.42
73297	42.3		9.9		4.3		419.7		800		25.0		41.4
load=42.26
73806	41.3		9.9		4.2		408.9		800		25.0		42.3
load=43.07
74315	42.3		9.9		4.3		419.4		800		25.0		43.1
load=42.20
74824	42.1		9.9		4.2		416.2		800		25.0		42.2
load=41.74
75333	42.2		9.9		4.3		417.0		800		25.0		41.7
load=40.95
75842	42.5		9.9		4.3		419.9		800		25.0		41.0
load=39.99
76351	42.8		9.9		4.3		423.5		800		25.0		40.0
load=41.04
76860	42.5		9.9		4.3		419.6		800		25.0		41.0
load=40.42
77369	41.8		9.9		4.2		413.9		800		25.0		40.4
load=39.79
77878	42.1		9.9		4.2		416.2		800		25.0		39.8
load=39.00
78387	42.8		9.9		4.3		423.5		800		25.0		39.0
load=39.76
78896	41.9		9.9		4.2		415.1		800		25.0		39.8
load=40.54
79405	43.5		9.9		4.4		430.7		800		25.0		40.5
load=39.68
79914	42.3		9.9		4.3		418.2		800		25.0		39.7
load=40.50
80423	41.3		9.9		4.2		407.7		800		25.0		40.5
load=41.36
80932	43.4		9.9		4.4		429.9		800		25.0		41.4
load=40.54
81441	41.5		9.9		4.2		410.4		800		25.0		40.5
load=39.74
81950	42.2		9.9		4.3		417.7		800		25.0		39.7
load=38.80
82459	42.5		9.9		4.3		421.2		800		25.0		38.8
load=39.76
82968	42.1		9.9		4.3		415.9		800		25.0		39.8
load=41.23
83477	42.2		9.9		4.3		418.6		800		25.0		41.2
load=41.98
83986	42.8		9.9		4.3		424.1		800		25.0		42.0
load=41.12
84495	41.8		9.9		4.2		413.0		800		25.0		41.1
load=40.28
85004	42.8		9.9		4.3		423.8		800		25.0		40.3
load=41.35
85513	42.3		9.9		4.3		417.9		800		25.0		41.4
load=42.28
86022	43.1		9.9		4.4		426.4		800		25.0		42.3
load=41.49
86531	42.1		9.9		4.2		416.2		800		25.0		41.5
load=40.81
87040	42.5		9.9		4.3		419.9		800		25.0		40.8
load=41.26
87549	42.1		9.9		4.2		417.4		800		25.0		41.3
load=41.97
88058	42.3		9.9		4.3		420.0		800		25.0		42.0
load=41.04
88567	41.6		9.9		4.2		411.5		800		25.0		41.0
load=41.24
89076	41.6		9.9		4.2		411.2		800		25.0		41.2
load=42.06
89585	42.5		9.9		4.3		420.2		800		25.0		42.1
load=41.44
90094	42.1		9.9		4.2		416.8		800		25.0		41.4
load=42.32
90603	41.8		9.9		4.2		413.6		800		25.0		42.3
load=42.52
91112	41.8		9.9		4.2		413.9		800		25.0		42.5
load=41.22
91621	41.6		9.9		4.2		411.5		800		25.0		41.2
load=40.49
92130	42.1		9.9		4.3		415.6		800		25.0		40.5
load=40.29
92639	42.1		9.9		4.3		415.6		800		25.0		40.3
load=40.09
93148	42.1		9.9		4.2		416.2		800		25.0		40.1
load=40.88
93657	41.2		9.9		4.2		407.5		800		25.0		40.9
load=41.71
94166	41.8		9.9		4.2		413.6		800		25.0		41.7
load=42.36
94675	42.6		9.9		4.3		420.8		800		25.0		42.4
load=43.76
95184	42.9		9.9		4.3		425.8		800		25.0		43.8
load=42.85
95693	42.5		9.9		4.3		420.9		800		25.0		42.8
load=42.54
96202	42.6		9.9		4.3		421.3		800		25.0		42.5
load=42.74
96711	42.5		9.9		4.3		421.2		800		25.0		42.7
load=43.41
97220	43.1		9.9		4.4		426.0		800		25.0		43.4
load=42.66
97729	41.9		9.9		4.2		415.1		800		25.0		42.7
load=41.86
98238	42.3		9.9		4.3		419.4		800		25.0		41.9
load=41.19
98747	42.8		9.9		4.3		423.1		800		25.0		41.2
load=41.88
99256	42.1		9.9		4.2		416.8		800		25.0		41.9
load=42.25
99765	42.3		9.9		4.3		418.2		800		25.0		42.2
load=41.52
100274	41.2		9.9		4.2		407.5		800		25.0		41.5
load=40.98
100783	41.5		9.9		4.2		409.5		800		25.0		41.0
load=40.17
101292	42.9		9.9		4.3		424.3		800		25.0		40.2
load=40.79
101801	42.8		9.9		4.3		423.1		800		25.0		40.8
load=40.01
102310	41.5		9.9		4.2		410.4		800		25.0		40.0
load=39.32
102819	42.2		9.9		4.3		416.7		800		25.0		39.3
load=39.12
103328	42.2		9.9		4.3		417.7		800		25.0		39.1
load=38.92
103837	42.3		9.9		4.3		417.9		800		25.0		38.9
load=39.64
104346	41.3		9.9		4.2		408.6		800		25.0		39.6
load=40.47
104855	42.9		9.9		4.3		425.2		800		25.0		40.5
load=39.42
105364	42.6		9.9		4.3		421.4		800		25.0		39.4
load=40.25
105873	42.1		9.9		4.3		415.3		800		25.0		40.2
load=41.12
106382	42.6		9.9		4.3		421.7		800		25.0		41.1
load=40.33
106891	42.1		9.9		4.3		415.9		800		25.0		40.3
load=39.47
107400	42.9		9.9		4.3		425.4		800		25.0		39.5
load=40.36
107909	41.8		9.9		4.2		412.4		800		25.0		40.4
load=41.99
108418	41.9		9.9		4.2		415.4		800		25.0		42.0
load=42.69
108927	42.2		9.9		4.3		418.0		800		25.0		42.7
load=41.78
109436	41.6		9.9		4.2		411.2		800		25.0		41.8
load=40.91
109945	42.9		9.9		4.3		425.5		800		25.0		40.9
load=41.76
110454	42.1		9.9		4.2		416.2		800		25.0		41.8
load=42.59
110963	42.8		9.9		4.3		423.8		800		25.0		42.6
load=41.88
111472	41.9		9.9		4.2		416.0		800		25.0		41.9
load=43.67
111981	41.8		9.9		4.2		412.7		800		25.0		43.7
load=44.58
112490	42.6		9.9		4.3		422.6		800		25.0		44.6
load=43.53
112999	42.1		9.9		4.3		415.0		800		25.0		43.5
load=42.66
113508	42.6		9.9		4.3		421.4		800		25.0		42.7
load=43.45
114017	42.2		9.9		4.3		417.0		800		25.0		43.4
load=44.37
114526	42.8		9.9		4.3		423.8		800		25.0		44.4
load=43.53
115035	41.8		9.9		4.2		413.0		800		25.0		43.5
load=42.57
115544	41.9		9.9		4.2		414.7		800		25.0		42.6
load=41.61
116053	42.2		9.9		4.3		418.3		800		25.0		41.6
load=40.84
116562	43.1		9.9		4.3		426.7		800		25.0		40.8
load=41.77
117071	42.3		9.9		4.3		418.2		800		25.0		41.8
load=42.70
117580	43.1		9.9		4.3		426.7		800		25.0		42.7
load=41.91
118089	42.1		9.9		4.2		416.5		800		25.0		41.9
load=42.53
118598	41.8		9.9		4.2		414.2		800		25.0		42.5
load=43.24
119107	42.6		9.9		4.3		422.0		800		25.0		43.2
load=42.41
119616	41.9		9.9		4.2		414.4		800		25.0		42.4
load=41.71
120125	42.2		9.9		4.3		417.0		800		25.0		41.7
load=42.50
120634	41.9		9.9		4.2		414.1		799		25.0		42.5
load=42.89
121143	42.3		9.8		4.3		416.3		796		25.0		42.9
load=39.89
121652	42.4		9.7		4.4		409.7		780		25.0		39.9
load=40.59
122161	42.9		9.4		4.5		405.4		765		25.0		40.6
load=37.95
122670	42.6		9.3		4.6		395.8		751		25.0		38.0
load=40.90
123179	42.3		9.1		4.7		385.0		736		25.0		40.9
load=40.37
123688	42.8		8.9		4.8		382.1		722		25.0		40.4
load=43.37
124197	42.6		8.7		4.9		373.0		707		25.0		43.4
load=41.67
124706	42.9		8.5		5.0		366.7		691		25.0		41.7
load=44.67
125215	42.8		8.4		5.1		357.6		676		25.0		44.7
load=43.07
125724	42.2		8.2		5.1		345.9		662		25.0		43.1
load=43.61
126233	42.8		8.0		5.4		342.0		647		25.0		43.6
load=42.09
126742	42.2		7.8		5.4		330.8		633		25.0		42.1
load=42.29
127251	42.2		7.6		5.5		322.7		617		25.0		42.3
load=39.29
127760	42.3		7.5		5.7		315.5		602		25.0		39.3
load=41.22
128269	41.9		7.3		5.8		304.8		588		25.0		41.2
load=39.53
128778	42.2		7.1		6.0		298.6		573		25.0		39.5
load=42.53
129287	42.1		6.9		6.1		290.8		559		25.0		42.5
load=40.05
129796	41.8		6.7		6.2		281.8		544		25.0		40.1
load=40.25
130305	42.8		6.6		6.5		280.8		529		25.0		40.3
load=38.59
130814	42.2		6.4		6.6		268.6		514		25.0		38.6
load=40.12
131323	42.5		6.2		6.9		263.0		499		25.0		40.1
load=39.01
131832	41.5		6.0		6.9		248.8		485		25.0		39.0
load=39.54
132341	42.1		5.8		7.2		244.9		470		25.0		39.5
load=38.50
132850	42.5		5.6		7.5		239.2		455		25.0		38.5
load=41.10
133359	42.2		5.4		7.8		229.7		440		25.0		41.1
load=38.10
133868	42.3		5.3		8.1		222.4		426		25.0		38.1
load=39.13
134377	41.5		5.1		8.1		211.1		411		25.0		39.1
load=39.34
134886	43.8		5.0		8.8		217.3		400		25.0		39.3
load=38.86
135395	43.2		4.9		8.7		213.7		399		25.0		38.9
load=38.66
135904	43.1		5.0		8.7		214.0		400		25.0		38.7
load=39.11
136413	42.2		5.0		8.5		209.0		400		25.0		39.1
load=39.58
136922	42.9		5.0		8.6		213.2		400		25.0		39.6
load=39.18
137431	42.5		5.0		8.6		211.1		400		25.0		39.2
load=38.78
137940	42.6		5.0		8.6		211.8		400		25.0		38.8
load=39.52
138449	42.5		5.0		8.6		210.4		400		25.0		39.5
load=39.72
138958	42.5		5.0		8.5		211.7		400		25.0		39.7
load=39.07
139467	42.2		5.0		8.5		209.3		400		25.0		39.1
load=38.33
139976	42.3		5.0		8.5		210.6		400		25.0		38.3
load=38.00
140485	43.1		5.0		8.7		213.6		400		25.0		38.0
load=38.40
140994	42.8		5.0		8.6		212.2		400		25.0		38.4
load=38.20
141503	42.6		5.0		8.6		212.1		400		25.0		38.2
load=38.85
142012	42.3		5.0		8.6		209.7		400		25.0		38.9
load=39.25
142521	43.1		5.0		8.7		213.3		400		25.0		39.2
load=38.82
143030	42.3		4.9		8.6		209.4		400		25.0		38.8
load=38.42
143539	42.6		4.9		8.6		210.8		400		25.0		38.4
load=38.22
144048	42.6		5.0		8.6		212.1		400		25.0		38.2
load=38.42
144557	42.6		5.0		8.6		211.2		400		25.0		38.4
load=38.14
145066	42.2		5.0		8.5		209.6		400		25.0		38.1
load=37.80
145575	42.6		5.0		8.6		211.5		400		25.0		37.8
load=37.33
146084	43.4		5.0		8.7		215.7		400		25.0		37.3
load=37.83
146593	42.3		4.9		8.6		209.4		400		25.0		37.8
load=38.30
147102	43.0		5.0		8.7		213.3		400		25.0		38.3
load=37.97
147611	42.6		5.0		8.6		211.8		400		25.0		38.0
load=37.74
148120	42.8		5.0		8.6		212.2		400		25.0		37.7
load=36.83
148629	42.9		5.0		8.6		213.9		400		25.0		36.8
load=37.27
149138	41.8		5.0		8.4		207.4		400		25.0		37.3
load=37.63
149647	42.3		5.0		8.5		210.0		400		25.0		37.6
load=37.85
150156	42.5		5.0		8.6		210.4		400		25.0		37.9
load=37.63
150665	42.2		5.0		8.5		209.6		400		25.0		37.6
load=37.98
151174	41.6		5.0		8.4		207.0		400		25.0		38.0
load=37.78
151683	41.6		4.9		8.4		205.8		400		25.0		37.8
load=37.35
152192	42.9		5.0		8.7		212.9		400		25.0		37.3
load=37.85
152701	42.2		4.9		8.5		208.4		400		25.0		37.8
load=38.38
153210	42.9		5.0		8.6		213.2		400		25.0		38.4
load=37.96
153719	41.6		5.0		8.4		206.4		400		25.0		38.0
load=37.53
154228	42.3		5.0		8.5		210.3		400		25.0		37.5
load=37.31
154737	42.6		5.0		8.6		211.2		400		25.0		37.3
load=36.79
155246	43.5		5.0		8.7		216.8		400		25.0		36.8
load=37.28
155755	42.6		5.0		8.6		211.5		400		25.0		37.3
load=37.48
156264	42.6		5.0		8.6		211.5		400		25.0		37.5
load=37.83
156773	43.2		5.0		8.7		214.1		400		25.0		37.8
load=37.53
157282	42.2		5.0		8.5		210.2		400		25.0		37.5
load=37.21
157791	43.2		5.0		8.7		214.4		400		25.0		37.2
load=37.61
158300	42.3		5.0		8.5		209.9		400		25.0		37.6
load=37.96
158809	43.4		4.9		8.8		214.5		400		25.0		38.0
load=37.62
159318	41.9		5.0		8.4		208.1		400		25.0		37.6
load=37.32
159827	42.6		4.9		8.6		210.8		400		25.0		37.3
load=36.67
160336	42.9		5.0		8.6		213.2		400		25.0		36.7
load=37.07
160845	42.2		5.0		8.5		209.6		400		25.0		37.1
load=37.43
161354	43.5		5.0		8.8		215.5		400		25.0		37.4
load=37.63
161863	43.4		5.0		8.7		215.7		400		25.0		37.6
load=37.12
162372	42.5		4.9		8.6		210.1		400		25.0		37.1
load=36.21
162881	42.6		5.0		8.6		211.8		400		25.0		36.2
load=35.81
163390	43.4		5.0		8.7		215.4		400		25.0		35.8
load=36.21
163899	43.2		5.0		8.7		214.7		400		25.0		36.2
load=35.74
164408	42.5		5.0		8.6		210.4		400		25.0		35.7
load=35.18
164917	42.9		5.0		8.6		213.6		400		25.0		35.2
load=34.86
165426	43.2		5.0		8.7		214.7		400		25.0		34.9
load=35.18
165935	42.9		5.0		8.6		213.6		400		25.0		35.2
load=35.66
166444	43.2		5.0		8.7		215.3		400		25.0		35.7
load=35.26
166953	42.3		5.0		8.5		210.9		400		25.0		35.3
load=35.46
167462	42.3		5.0		8.6		209.7		400		25.0		35.5
load=35.26
167971	42.3		4.9		8.6		209.4		400		25.0		35.3
load=34.80
168480	43.1		5.0		8.7		213.6		400		25.0		34.8
load=35.02
168989	42.6		5.0		8.6		212.4		400		25.0		35.0
load=34.82
169498	42.6		5.0		8.6		211.8		400		25.0		34.8
load=34.60
170007	42.8		5.0		8.6		212.2		400		25.0		34.6
load=34.14
170516	43.2		5.0		8.7		214.7		400		25.0		34.1
load=34.41
171025	42.6		5.0		8.5		212.7		400		25.0		34.4
load=34.72
171534	43.2		5.0		8.7		215.0		400		25.0		34.7
load=34.24
172043	42.6		5.0		8.6		211.5		400		25.0		34.2
load=34.96
172552	42.4		4.9		8.6		209.4		400		25.0		35.0
load=35.41
173061	42.3		5.0		8.6		209.7		400		25.0		35.4
load=35.78
173570	43.2		4.9		8.7		213.7		400		25.0		35.8
load=36.07
174079	43.1		5.0		8.7		214.3		400		25.0		36.1
load=35.67
174588	42.9		5.0		8.6		213.6		401		25.0		35.7
load=36.24
175097	42.8		5.0		8.6		212.5		401		25.0		36.2
load=38.79
175606	43.1		5.2		8.4		221.9		414		25.0		38.8
load=40.35
176115	42.8		5.3		8.0		227.6		428		25.0		40.3
load=41.96
176624	42.5		5.5		7.7		233.5		443		25.0		42.0
load=44.96
177133	42.6		5.7		7.5		242.1		457		25.0		45.0
load=46.11
177642	43.7		5.9		7.4		256.9		472		25.0		46.1
load=46.47
178151	42.9		6.1		7.1		260.1		487		25.0		46.5
load=46.73
178660	42.2		6.2		6.8		262.5		502		25.0		46.7
load=47.67
179169	43.8		6.4		6.8		281.5		517		25.0		47.7
load=49.24
179678	43.5		6.6		6.6		287.2		531		25.0		49.2
load=49.47
180187	42.8		6.8		6.3		289.3		546		25.0		49.5
load=51.14
180696	43.4		7.0		6.2		301.5		560		25.0		51.1
load=54.14
181205	43.7		7.2		6.1		312.5		577		25.0		54.1
load=54.34
181714	42.8		7.3		5.8		313.4		591		25.0		54.3
load=55.83
182223	43.5		7.5		5.8		327.1		606		25.0		55.8
load=56.03
182732	42.6		7.7		5.5		327.7		620		25.0		56.0
load=56.23
183241	42.6		7.9		5.4		336.1		635		25.0		56.2
load=58.22
183750	43.1		8.1		5.3		347.1		651		25.0		58.2
load=59.53
184259	44.1		8.2		5.3		363.8		665		25.0		59.5
load=59.26
184768	42.6		8.4		5.1		358.9		680		25.0		59.3
load=56.26
185277	42.9		8.6		5.0		370.2		694		25.0		56.3
load=54.77
185786	43.7		8.8		5.0		383.9		709		25.0		54.8
load=54.57
186295	42.8		9.0		4.8		384.0		723		25.0		54.6
load=53.28
186804	44.1		9.2		4.8		405.2		739		25.0		53.3
load=53.64
187313	42.6		9.3		4.6		398.6		753		25.0		53.6
load=55.26
187822	43.4		9.5		4.6		413.4		768		25.0		55.3
load=55.46
188331	43.4		9.7		4.5		422.6		783		25.0		55.5
load=55.66
188840	43.4		9.8		4.4		423.9		790		25.0		55.7
load=55.13
189349	42.8		9.8		4.4		420.0		792		25.0		55.1
load=53.74
189858	43.1		9.9		4.4		425.1		796		25.0		53.7
load=53.94
190367	42.8		9.9		4.3		424.7		800		25.0		53.9
load=55.00
190876	43.1		9.9		4.3		428.6		803		25.0		55.0
load=55.75
191385	43.7		9.9		4.4		434.1		803		25.0		55.7
load=56.89
191894	43.8		10.0		4.4		436.2		803		25.0		56.9
load=56.10
192403	43.4		10.0		4.4		431.8		802		25.0		56.1
load=55.74
192912	43.7		9.9		4.4		433.1		800		25.0		55.7
load=56.36
193421	43.2		9.9		4.3		429.7		800		25.0		56.4
load=56.16
193930	43.2		9.9		4.4		429.1		800		25.0		56.2
load=55.96
194439	43.2		9.9		4.4		429.1		800		25.0		56.0
load=55.28
194948	43.7		9.9		4.4		432.8		800		25.0		55.3
load=55.55
195457	43.5		9.9		4.4		432.3		800		25.0		55.6
load=55.75
195966	43.5		9.9		4.4		432.3		800		25.0		55.8
load=54.98
196475	42.3		9.9		4.3		421.0		800		25.0		55.0
load=54.28
196984	43.4		9.9		4.4		429.9		800		25.0		54.3
load=55.08
197493	43.2		9.9		4.4		428.4		800		25.0		55.1
load=54.41
198002	43.0		9.9		4.3		426.9		800		25.0		54.4
load=53.57
198511	43.5		9.9		4.4		432.0		800		25.0		53.6
load=52.86
199020	44.1		9.9		4.4		437.1		800		25.0		52.9
load=53.66
199529	43.2		9.9		4.4		428.4		800		25.0		53.7
load=54.62
200038	43.4		9.9		4.4		430.2		800		25.0		54.6
load=55.42
200547	43.7		9.9		4.4		433.1		800		25.0		55.4
load=54.69
201056	42.9		9.9		4.3		426.5		800		25.0		54.7
load=53.87
201565	43.8		9.9		4.4		435.5		800		25.0		53.9
load=54.78
202074	42.9		9.9		4.3		425.5		800		25.0		54.8
load=55.74
202583	43.4		9.9		4.4		430.8		800		25.0		55.7
load=54.95
203092	43.1		9.9		4.3		427.9		800		25.0		54.9
load=55.40
203601	42.9		9.9		4.3		427.1		800		25.0		55.4
load=54.26
204110	42.8		9.9		4.3		425.0		800		25.0		54.3
load=53.52
204619	43.7		9.9		4.4		433.1		800		25.0		53.5
load=54.23
205128	43.4		9.9		4.4		430.5		800		25.0		54.2
load=53.35
205637	42.8		9.9		4.3		424.1		800		25.0		53.4
load=52.39
206146	42.9		9.9		4.3		425.8		800		25.0		52.4
load=51.59
206655	43.8		9.9		4.4		434.6		800		25.0		51.6
load=52.39
207164	42.9		9.9		4.3		425.8		800		25.0		52.4
load=51.42
207673	42.8		9.9		4.3		424.1		800		25.0		51.4
load=51.22
208182	42.8		9.9		4.3		425.3		800		25.0		51.2
load=52.19
208691	42.6		9.9		4.3		423.6		800		25.0		52.2
load=52.94
209200	42.8		9.9		4.3		424.9		800		25.0		52.9
load=53.79
209709	43.4		9.9		4.4		431.2		800		25.0		53.8
load=52.65
210218	43.2		9.9		4.4		429.1		800		25.0		52.6
load=52.03
210727	43.4		9.9		4.4		430.2		800		25.0		52.0
load=51.16
211236	44.1		9.9		4.4		438.1		800		25.0		51.2
load=51.99
211745	43.2		9.9		4.4		429.1		800		25.0		52.0
load=52.61
212254	43.4		9.9		4.4		430.2		800		25.0		52.6
load=53.43
212763	44.2		9.9		4.5		439.2		800		25.0		53.4
load=54.17
213272	44.7		9.9		4.5		443.3		800		25.0		54.2
load=53.46
213781	43.5		9.9		4.4		432.9		800		25.0		53.5
load=53.19
214290	43.7		9.9		4.4		433.4		800		25.0		53.2
load=52.51
214799	44.1		9.9		4.4		437.1		800		25.0		52.5
load=52.95
215308	43.8		9.9		4.4		435.5		800		25.0		53.0
load=53.15
215817	43.8		9.9		4.4		435.5		800		25.0		53.2
load=52.27
216326	43.5		9.9		4.4		432.3		800		25.0		52.3
load=53.13
216835	42.8		9.9		4.3		424.4		800		25.0		53.1
load=53.93
217344	44.0		9.9		4.4		436.0		800		25.0		53.9
load=54.81
217853	44.2		9.9		4.5		439.2		800		25.0		54.8
load=53.97
218362	43.7		9.9		4.4		433.1		800		25.0		54.0
load=52.83
218871	43.8		9.9		4.4		435.2		800		25.0		52.8
load=52.21
219380	44.0		9.9		4.4		436.3		800		25.0		52.2
load=52.83
219889	43.8		9.9		4.4		435.2		800		25.0		52.8
load=52.03
220398	43.4		9.9		4.4		430.8		800		25.0		52.0
load=51.41
220907	43.5		9.9		4.4		432.0		800		25.0		51.4
load=51.21
221416	43.5		9.9		4.4		432.0		799		25.0		51.2
load=52.27
221925	43.2		9.9		4.4		428.1		799		25.0		52.3
load=49.27
222434	43.1		9.7		4.4		419.7		785		25.0		49.3
load=49.47
222943	43.1		9.6		4.5		411.5		770		25.0		49.5
load=46.47
223452	43.1		9.3		4.6		402.8		754		25.0		46.5
load=47.63
223961	43.4		9.2		4.7		398.7		739		25.0		47.6
load=45.75
224470	43.7		9.0		4.9		391.8		725		25.0		45.8
load=45.95
224979	43.7		8.8		4.9		385.4		710		25.0		46.0
load=42.95
225488	43.5		8.6		5.0		376.2		696		25.0		43.0
load=43.72
225997	44.0		8.5		5.2		371.9		682		25.0		43.7
load=41.36
226506	43.5		8.2		5.3		359.0		665		25.0		41.4
load=44.01
227015	43.2		8.1		5.3		349.3		651		25.0		44.0
load=43.81
227524	44.0		7.9		5.5		348.4		636		25.0		43.8
load=45.25
228033	43.1		7.7		5.6		332.6		622		25.0		45.3
load=42.25
228542	42.9		7.5		5.7		323.6		607		25.0		42.3
load=42.45
229051	42.9		7.4		5.8		315.8		591		25.0		42.5
load=42.13
229560	43.7		7.2		6.1		312.8		577		25.0		42.1
load=45.13
230069	43.8		7.0		6.3		305.5		562		25.0		45.1
load=44.93
230578	43.8		6.8		6.4		298.2		548		25.0		44.9
load=46.56
231087	43.2		6.6		6.5		286.3		533		25.0		46.6
load=46.36
231596	44.1		6.5		6.8		284.6		519		25.0		46.4
load=47.56
232105	43.1		6.2		6.9		269.2		503		25.0		47.6
load=47.36
232614	44.0		6.1		7.2		267.3		489		25.0		47.4
load=49.94
233123	43.7		5.9		7.4		257.8		474		25.0		49.9
load=47.13
233632	43.4		5.7		7.6		247.5		459		25.0		47.1
load=48.02
234141	43.8		5.5		7.9		242.6		445		25.0		48.0
load=47.28
234650	44.4		5.3		8.3		237.3		429		25.0		47.3
load=48.22
235159	43.2		5.2		8.4		223.6		415		25.0		48.2
load=47.92
235668	44.2		5.0		8.9		219.8		400		25.0		47.9
load=48.71
236177	43.1		4.8		8.9		208.3		386		25.0		48.7
load=48.51
236686	43.1		4.6		9.3		198.5		371		25.0		48.5
load=48.76
237195	44.0		4.5		9.9		195.8		357		25.0		48.8
load=45.76
237704	44.1		4.3		10.4		187.7		341		25.0		45.8
load=45.96
238213	44.1		4.1		10.9		179.0		326		25.0		46.0
load=44.29
238722	43.7		3.9		11.2		169.9		311		25.0		44.3
load=44.09
239231	44.4		3.8		11.5		170.8		309		25.0		44.1
load=45.29
239740	44.2		3.8		11.6		168.6		307		25.0		45.3
load=45.01
240249	43.4		3.8		11.4		165.5		304		25.0		45.0
load=46.18
240758	43.2		3.8		11.4		163.4		302		25.0		46.2
load=46.42
241267	44.1		3.8		11.7		166.1		300		25.0		46.4
load=46.18
241776	43.7		3.8		11.6		164.7		300		25.0		46.2
load=46.71
242285	43.2		3.7		11.5		161.8		300		25.0		46.7
load=47.07
242794	43.7		3.8		11.6		163.8		300		25.0		47.1
load=46.87
243303	43.8		3.7		11.7		163.7		300		25.0		46.9
load=47.08
243812	43.5		3.7		11.6		162.9		300		25.0		47.1
load=47.47
244321	43.8		3.8		11.7		164.3		300		25.0		47.5
load=47.17
244830	43.7		3.8		11.6		163.8		300		25.0		47.2
load=47.56
245339	43.4		3.7		11.6		162.4		300		25.0		47.6
load=47.77
245848	44.0		3.7		11.8		163.9		300		25.0		47.8
load=47.53
246357	43.5		3.7		11.6		162.6		300		25.0		47.5
load=47.77
246866	42.6		3.8		11.4		159.9		300		25.0		47.8
load=48.07
247375	44.0		3.8		11.7		164.9		300		25.0		48.1
load=48.27
247884	44.0		3.8		11.7		164.9		300		25.0		48.3
load=48.57
248393	44.1		3.8		11.8		165.4		300		25.0		48.6
load=48.34
248902	43.4		3.8		11.5		163.5		300		25.0		48.3
load=49.14
249411	43.2		3.7		11.6		161.5		300		25.0		49.1
load=49.51
249920	44.0		3.8		11.7		164.9		300		25.0		49.5
load=49.81
250429	44.4		3.8		11.8		166.5		300		25.0		49.8
load=49.51
250938	43.8		3.8		11.7		164.3		300		25.0		49.5
load=49.92
251447	43.4		3.7		11.6		162.0		300		25.0		49.9
load=50.28
251956	44.2		3.8		11.8		166.0		300		25.0		50.3
load=50.08
252465	44.2		3.7		11.8		165.7		300		25.0		50.1
load=49.88
252974	44.2		3.8		11.8		166.3		300		25.0		49.9
load=50.27
253483	44.0		3.8		11.7		164.9		300		25.0		50.3
load=49.88
253992	43.7		3.7		11.7		163.5		300		25.0		49.9
load=49.68
254501	44.1		3.7		11.8		164.5		300		25.0		49.7
load=49.48
255010	44.1		3.8		11.8		165.4		300		25.0		49.5
load=49.96
255519	43.8		3.7		11.7		163.7		300		25.0		50.0
load=49.62
256028	43.2		3.7		11.6		161.2		300		25.0		49.6
load=49.19
256537	43.8		3.8		11.7		164.3		300		25.0		49.2
load=49.59
257046	43.1		3.7		11.6		160.6		300		25.0		49.6
load=49.89
257555	43.2		3.7		11.6		161.2		300		25.0		49.9
load=50.22
258064	44.1		3.7		11.8		164.8		300		25.0		50.2
load=49.93
258573	42.2		3.7		11.3		158.0		300		25.0		49.9
load=49.56
259082	43.2		3.8		11.5		162.8		300		25.0		49.6
load=49.36
259591	44.0		3.7		11.8		164.2		300		25.0		49.4
load=49.66
260100	43.4		3.7		11.6		162.0		300		25.0		49.7
load=50.00
260609	44.0		3.7		11.7		164.6		300		25.0		50.0
load=49.80
261118	43.5		3.8		11.6		163.5		300		25.0		49.8
load=49.60
261627	43.7		3.8		11.6		163.8		300		25.0		49.6
load=49.21
262136	44.0		3.8		11.7		165.2		300		25.0		49.2
load=49.51
262645	42.8		3.8		11.4		160.8		300		25.0		49.5
load=49.75
263154	44.0		3.7		11.8		164.2		300		25.0		49.7
load=50.13
263663	44.2		3.7		11.8		165.7		300		25.0		50.1
load=49.76
264172	43.5		3.7		11.7		162.3		300		25.0		49.8
load=49.54
264681	43.4		3.8		11.6		162.7		300		25.0		49.5
load=49.74
265190	43.7		3.7		11.7		162.5		300		25.0		49.7
load=50.10
265699	44.1		3.7		11.8		164.5		300		25.0		50.1
load=49.90
266208	43.7		3.8		11.6		163.8		300		25.0		49.9
load=49.64
266717	44.2		3.7		11.8		165.7		300		25.0		49.6
load=49.90
267226	43.7		3.8		11.6		163.8		300		25.0		49.9
load=49.70
267735	43.4		3.8		11.5		163.3		300		25.0		49.7
load=49.50
268244	43.8		3.8		11.7		164.3		300		25.0		49.5
load=49.97
268753	43.7		3.7		11.7		163.5		300		25.0		50.0
load=50.17
269262	44.1		3.7		11.9		164.1		300		25.0		50.2
load=49.85
269771	43.2		3.7		11.6		160.5		300		25.0		49.8
load=49.50
270280	44.2		3.7		11.9		165.0		300		25.0		49.5
load=48.67
270789	44.4		3.8		11.8		166.5		300		25.0		48.7
load=48.28
271298	44.7		3.8		11.9		168.0		300		25.0		48.3
load=48.70
271807	43.7		3.7		11.7		162.5		300		25.0		48.7
load=49.10
272316	43.5		3.8		11.6		163.2		300		25.0		49.1
load=48.89
272825	43.2		3.8		11.5		162.4		300		25.0		48.9
load=48.53
273334	43.7		3.8		11.6		164.4		300		25.0		48.5
load=49.06
273843	43.2		3.7		11.6		161.5		300		25.0		49.1
load=49.36
274352	44.2		3.7		11.8		165.0		300		25.0		49.4
load=49.11
274861	43.1		3.8		11.5		161.6		300		25.0		49.1
load=48.81
275370	43.8		3.8		11.7		164.3		300		25.0		48.8
load=49.20
275879	43.2		3.7		11.6		161.5		300		25.0		49.2
load=48.93
276388	42.5		3.7		11.4		159.1		300		25.0		48.9
load=48.61
276897	43.7		3.8		11.6		163.8		300		25.0		48.6
load=49.26
277406	43.5		3.7		11.6		162.6		300		25.0		49.3
load=49.48
277915	43.4		3.8		11.5		163.0		300		25.0		49.5
load=49.75
278424	44.4		3.8		11.8		166.5		300		25.0		49.8
load=49.10
278933	44.2		3.7		11.8		165.3		300		25.0		49.1
load=49.75
279442	44.1		3.7		11.9		164.1		300		25.0		49.8
load=49.55
279951	43.1		3.8		11.5		161.9		300		25.0		49.6
load=49.33
280460	44.1		3.7		11.8		164.8		300		25.0		49.3
load=48.58
280969	44.4		3.8		11.8		167.5		301		25.0		48.6
load=48.78
281478	43.2		3.8		11.3		165.3		307		25.0		48.8
load=51.27
281987	43.5		4.0		10.9		174.4		322		25.0		51.3
load=51.66
282496	42.6		4.2		10.2		178.7		337		25.0		51.7
load=52.46
283005	44.2		4.4		10.0		194.8		352		25.0		52.5
load=52.66
283514	42.6		4.6		9.3		194.9		367		25.0		52.7
load=53.89
284023	43.4		4.8		9.1		206.2		381		25.0		53.9
load=54.77
284532	42.9		4.9		8.7		211.0		396		25.0		54.8
load=56.29
285041	43.5		5.1		8.5		222.2		410		25.0		56.3
load=59.29
285550	43.4		5.3		8.2		228.9		426		25.0		59.3
load=59.49
286059	43.4		5.5		7.9		236.7		440		25.0		59.5
load=59.98
286568	42.6		5.7		7.5		241.1		455		25.0		60.0
load=60.92
287077	44.0		5.8		7.5		256.7		470		25.0		60.9
load=60.72
287586	42.5		6.0		7.0		256.2		484		25.0		60.7
load=59.89
288095	44.0		6.2		7.1		271.5		499		25.0		59.9
load=58.46
288604	44.8		6.4		7.0		287.1		515		25.0		58.5
load=58.66
289113	42.9		6.6		6.5		282.7		530		25.0		58.7
load=61.66
289622	42.8		6.7		6.3		288.7		543		25.0		61.7
load=63.04
290131	43.5		6.9		6.3		301.3		558		25.0		63.0
load=66.04
290640	43.7		7.1		6.1		310.9		573		25.0		66.0
load=69.04
291149	43.5		7.3		6.0		316.6		588		25.0		69.0
load=72.04
291658	43.4		7.5		5.8		324.7		603		25.0		72.0
load=72.24
292167	43.4		7.7		5.6		333.0		618		25.0		72.2
load=73.61
292676	43.1		7.8		5.5		338.0		632		25.0		73.6
load=76.49
293185	43.4		8.0		5.4		348.5		647		25.0		76.5
load=79.49
293694	43.5		8.2		5.3		357.7		662		25.0		79.5
load=82.49
294203	43.4		8.4		5.2		364.1		677		25.0		82.5
load=85.49
294712	43.2		8.6		5.0		371.4		692		25.0		85.5
load=87.46
295221	43.7		8.8		5.0		382.3		706		25.0		87.5
load=89.01
295730	43.4		8.9		4.8		387.9		721		25.0		89.0
load=89.67
296239	42.9		9.1		4.7		391.6		736		25.0		89.7
load=92.56
296748	43.2		9.3		4.6		402.2		750		25.0		92.6
load=95.56
297257	43.4		9.5		4.6		413.0		766		25.0		95.6
load=98.33
297766	43.7		9.7		4.5		423.2		780		25.0		98.3
load=98.63
298275	43.1		9.9		4.4		425.4		795		25.0		98.6
load=98.36
298784	42.8		9.9		4.3		424.4		801		25.0		98.4
load=97.53
299293	43.5		9.9		4.4		432.0		800		25.0		97.5
load=96.74
299802	43.7		9.9		4.4		433.6		800		25.0		96.7
load=96.14
300311	43.8		9.9		4.4		434.6		800		25.0		96.1
load=96.96
300820	43.1		9.9		4.3		427.0		800		25.0		97.0
load=98.10
301329	43.2		9.9		4.4		429.1		800		25.0		98.1
load=98.90
301838	43.5		9.9		4.4		432.0		800		25.0		98.9
load=98.10
302347	43.2		9.9		4.4		429.1		800		25.0		98.1
load=98.95
302856	42.8		9.9		4.3		424.4		800		25.0		99.0
load=99.72
303365	43.8		9.9		4.4		434.2		800		25.0		99.7
load=99.10
303874	43.4		9.9		4.4		430.8		800		25.0		99.1
load=98.40
304383	44.0		9.9		4.4		436.0		800		25.0		98.4
load=98.60
304892	44.0		9.9		4.4		434.7		800		25.0		98.6
load=97.90
305401	42.3		9.9		4.3		420.7		800		25.0		97.9
load=97.15
305910	44.1		9.9		4.4		437.1		800		25.0		97.1
load=97.92
306419	42.5		9.9		4.3		421.5		800		25.0		97.9
load=98.70
306928	43.8		9.9		4.4		434.2		800		25.0		98.7
load=97.98
307437	42.8		9.9		4.3		425.0		800		25.0		98.0
load=97.23
307946	43.4		9.9		4.4		430.5		800		25.0		97.2
load=97.68
308455	43.2		9.9		4.3		429.7		800		25.0		97.7
load=96.02
308964	43.1		9.9		4.3		426.7		800		25.0		96.0
load=95.82
309473	43.1		9.9		4.3		427.0		800		25.0		95.8
load=94.94
309982	43.4		9.9		4.4		430.2		800		25.0		94.9
load=95.65
310491	43.1		9.9		4.3		427.6		800		25.0		95.6
load=94.76
311000	42.3		9.9		4.3		419.5		800		25.0		94.8
load=93.92
311509	42.8		9.9		4.3		424.1		800		25.0		93.9
load=94.60
312018	42.3		9.9		4.3		420.3		800		25.0		94.6
load=95.40
312527	42.6		9.9		4.3		423.3		800		25.0		95.4
load=96.19
313036	43.1		9.9		4.3		427.6		800		25.0		96.2
load=96.81
313545	43.5		9.9		4.4		431.0		800		25.0		96.8
load=96.07
314054	42.5		9.9		4.3		421.5		800		25.0		96.1
load=95.62
314563	42.8		9.9		4.3		423.1		800		25.0		95.6
load=93.62
315072	42.9		9.9		4.3		426.8		800		25.0		93.6
load=94.59
315581	42.3		9.9		4.3		419.7		800		25.0		94.6
load=95.38
316090	42.8		9.9		4.3		424.1		800		25.0		95.4
load=95.58
316599	42.8		9.9		4.3		424.4		800		25.0		95.6
load=96.43
317108	43.2		9.9		4.4		429.1		800		25.0		96.4
load=95.58
317617	42.8		9.9		4.3		424.4		800		25.0		95.6
load=96.55
318126	42.6		9.9		4.3		422.6		800		25.0		96.5
load=95.75
318635	41.8		9.9		4.2		413.9		800		25.0		95.8
load=94.92
319144	42.9		9.9		4.3		426.2		800		25.0		94.9
load=94.30
319653	43.2		9.9		4.4		428.4		800		25.0		94.3
load=95.09
320162	42.2		9.9		4.3		418.3		800		25.0		95.1
load=95.93
320671	43.8		9.9		4.4		435.2		800		25.0		95.9
load=95.10
321180	42.2		9.9		4.3		418.6		800		25.0		95.1
load=94.57
321689	42.5		9.9		4.3		420.6		800		25.0		94.6
load=94.37
322198	42.5		9.9		4.3		421.2		800		25.0		94.4
load=93.74
322707	42.6		9.9		4.3		422.3		800		25.0		93.7
load=92.89
323216	44.2		9.9		4.5		439.6		800		25.0		92.9
load=93.68
323725	42.9		9.9		4.3		426.5		800		25.0		93.7
load=93.48
324234	42.9		9.9		4.3		425.8		800		25.0		93.5
load=92.86
324743	43.2		9.9		4.4		428.1		800		25.0		92.9
load=93.49
325252	42.8		9.9		4.3		424.4		800		25.0		93.5
load=91.63
325761	42.6		9.9		4.3		421.7		800		25.0		91.6
load=91.43
326270	42.6		9.9		4.3		422.9		800		25.0		91.4
load=90.70
326779	43.1		9.9		4.3		427.0		800		25.0		90.7
load=91.49
327288	42.5		9.9		4.3		421.2		800		25.0		91.5
load=92.31
327797	43.4		9.9		4.4		430.2		800		25.0		92.3
load=91.40
328306	42.9		9.9		4.3		425.2		800		25.0		91.4
load=91.94
328815	42.6		9.9		4.3		423.3		800		25.0		91.9
load=92.65
329324	42.9		9.9		4.3		425.8		800		25.0		92.6
load=91.77
329833	42.3		9.9		4.3		419.4		800		25.0		91.8
load=91.97
330342	42.3		9.9		4.3		419.1		800		25.0		92.0
load=92.80
330851	42.9		9.9		4.3		425.2		800		25.0		92.8
load=93.77
331360	43.2		9.9		4.4		428.8		800		25.0		93.8
load=92.95
331869	42.1		9.9		4.2		416.8		800		25.0		93.0
load=91.99
332378	42.2		9.9		4.3		418.6		800		25.0		92.0
load=91.27
332887	42.9		9.9		4.3		425.2		800		25.0		91.3
load=91.89
333396	42.8		9.9		4.3		424.1		800		25.0		91.9
load=92.71
333905	43.8		9.9		4.4		434.6		800		25.0		92.7
load=91.86
334414	42.3		9.9		4.3		419.1		800		25.0		91.9
load=91.03
334923	42.9		9.9		4.3		425.2		800		25.0		91.0
load=90.15
335432	43.2		9.9		4.4		428.4		800		25.0		90.1
load=90.35
335941	43.2		9.9		4.4		428.1		800		25.0		90.3
load=89.61
336450	42.8		9.9		4.3		424.1		800		25.0		89.6
load=90.24
336959	42.5		9.9		4.3		421.8		800		25.0		90.2
load=90.69
337468	42.8		9.9		4.3		423.5		800		25.0		90.7
load=90.01
337977	42.3		9.9		4.3		419.7		800		25.0		90.0
load=89.30
338486	42.9		9.9		4.3		424.9		800		25.0		89.3
load=89.97
338995	42.3		9.9		4.3		420.0		800		25.0		90.0
load=89.17
339504	42.1		9.9		4.2		417.1		800		25.0		89.2
load=89.37
340013	42.1		9.9		4.3		415.9		800		25.0		89.4
load=90.21
340522	43.1		9.9		4.3		426.7		800		25.0		90.2
load=91.27
341031	43.7		9.9		4.4		434.4		800		26.0		91.3
load=92.77
341540	43.8		10.0		4.4		437.1		800		31.0		92.8
load=91.96
342049	40.7		10.0		4.1		406.1		800		46.0		92.0
load=92.81
342558	40.3		10.0		4.0		401.5		800		48.0		92.8
load=92.24
343067	39.6		10.0		4.0		396.2		800		49.0		92.2
load=91.31
343576	40.1		10.0		4.0		402.9		800		51.0		91.3
load=90.51
344085	40.7		10.0		4.1		408.8		800		53.0		90.5
load=91.37
344594	39.6		10.0		4.0		396.2		800		55.0		91.4
load=90.56
345103	37.8		10.0		3.8		378.3		800		58.0		90.6
load=91.11
345612	37.4		10.0		3.7		375.3		800		60.0		91.1
load=91.97
346121	39.0		10.1		3.9		392.6		800		61.0		92.0
load=92.72
346630	39.4		10.1		3.9		396.7		800		60.0		92.7
load=91.84
347139	38.2		10.0		3.8		383.8		800		60.0		91.8
load=92.67
347648	36.5		10.0		3.6		365.6		800		60.0		92.7
load=93.48
348157	38.4		10.0		3.8		385.0		800		60.0		93.5
load=94.31
348666	39.6		10.0		3.9		397.1		800		60.0		94.3
load=93.50
349175	38.8		10.0		3.9		389.7		800		60.0		93.5
load=94.27
349684	38.2		10.0		3.8		384.1		800		60.0		94.3
load=93.06
350193	37.8		10.0		3.8		377.5		800		60.0		93.1
load=90.84
350702	37.8		10.0		3.8		378.7		800		60.0		90.8
load=90.02
351211	40.1		10.0		4.0		403.2		800		60.0		90.0
load=90.79
351720	38.8		10.1		3.9		390.6		800		60.0		90.8
load=89.67
352229	38.7		10.0		3.9		388.5		800		60.0		89.7
load=90.61
352738	37.5		10.0		3.8		374.8		800		60.0		90.6
load=91.61
353247	37.9		10.0		3.8		380.3		800		60.0		91.6
load=92.53
353756	38.7		10.1		3.8		388.8		800		60.0		92.5
load=93.36
354265	39.6		10.1		3.9		397.9		800		60.0		93.4
load=92.40
354774	39.3		10.0		3.9		394.4		800		60.0		92.4
load=93.27
355283	37.5		10.0		3.7		375.4		800		60.0		93.3
load=94.11
355792	38.7		10.0		3.9		387.7		800		60.0		94.1
load=95.07
356301	39.3		10.1		3.9		394.7		800		60.0		95.1
load=94.11
356810	39.1		10.0		3.9		392.9		800		60.0		94.1
load=94.95
357319	38.1		10.0		3.8		382.1		800		60.0		95.0
load=95.53
357828	38.4		10.0		3.8		384.2		800		60.0		95.5
load=96.53
358337	38.8		10.0		3.9		389.7		800		60.0		96.5
load=97.49
358846	39.3		10.1		3.9		395.0		800		60.0		97.5
load=98.46
359355	39.6		10.1		3.9		398.5		800		60.0		98.5
load=97.57
359864	38.4		10.0		3.8		385.6		800		60.0		97.6
load=98.48
360373	37.5		10.0		3.7		375.6		800		60.0		98.5
load=99.28
360882	38.4		10.0		3.8		384.4		800		60.0		99.3
load=100.00
361391	39.0		10.0		3.9		390.9		800		60.0		100.0
load=100.00
361900	39.6		10.0		3.9		397.1		800		60.0		100.0
load=99.20
362409	38.1		10.0		3.8		382.3		800		60.0		99.2
load=100.00
362918	37.7		10.0		3.8		376.3		800		60.0		100.0
load=100.00
363427	38.4		10.0		3.8		384.2		800		60.0		100.0
load=100.00
363936	38.8		10.1		3.9		390.3		800		60.0		100.0
load=100.00
364445	39.3		10.0		3.9		394.1		800		60.0		100.0
load=99.16
364954	38.7		10.0		3.9		387.9		800		60.0		99.2
load=100.00
365463	38.2		10.0		3.8		383.3		800		60.0		100.0
load=99.05
365972	38.1		10.0		3.8		381.5		800		60.0		99.0
load=98.17
366481	39.0		10.0		3.9		391.2		800		60.0		98.2
load=97.34
366990	39.9		10.0		4.0		400.3		800		60.0		97.3
load=98.17
367499	39.0		10.0		3.9		391.2		800		60.0		98.2
load=97.36
368008	37.9		10.0		3.8		380.9		800		60.0		97.4
load=96.87
368517	38.2		10.0		3.8		382.7		800		60.0		96.9
load=95.79
369026	38.8		10.1		3.9		390.6		800		60.0		95.8
load=96.91
369535	38.7		10.0		3.9		388.5		800		60.0		96.9
load=97.56
370044	38.8		10.0		3.9		389.7		800		60.0		97.6
load=96.74
370553	37.7		10.0		3.8		377.7		800		60.0		96.7
load=95.92
371062	39.0		10.0		3.9		391.2		800		60.0		95.9
load=94.85
371571	39.4		10.1		3.9		397.0		800		60.0		94.8
load=95.77
372080	38.8		10.1		3.9		390.3		800		60.0		95.8
load=94.97
372589	37.7		10.1		3.7		378.5		800		60.0		95.0
load=96.52
373098	37.5		10.0		3.7		375.6		800		60.0		96.5
load=96.72
373607	37.5		10.0		3.7		376.7		800		60.0		96.7
load=97.55
374116	39.6		10.1		3.9		397.9		800		60.0		97.5
load=96.74
374625	39.4		10.1		3.9		396.4		800		60.0		96.7
load=97.61
375134	38.4		10.0		3.8		385.3		800		60.0		97.6
load=96.75
375643	37.7		10.0		3.8		377.4		800		60.0		96.8
load=95.84
376152	38.1		10.0		3.8		382.1		800		60.0		95.8
load=95.02
376661	39.7		10.0		4.0		398.8		800		60.0		95.0
load=95.83
377170	38.8		10.0		3.9		390.0		800		60.0		95.8
load=94.98
377679	37.8		10.0		3.8		379.1		800		60.0		95.0
load=95.86
378188	37.5		10.0		3.7		375.9		800		60.0		95.9
load=96.66
378697	38.7		10.0		3.9		387.7		800		60.0		96.7
load=97.59
379206	39.6		10.1		3.9		397.9		800		60.0		97.6
load=96.79
379715	39.1		10.1		3.9		393.5		800		60.0		96.8
load=97.66
380224	38.1		10.0		3.8		382.3		800		60.0		97.7
load=96.63
380733	37.8		10.0		3.8		378.6		800		60.0		96.6
load=95.79
381242	39.1		10.0		3.9		392.4		800		60.0		95.8
load=95.99
381751	39.0		10.1		3.9		392.0		800		60.0		96.0
load=96.48
382260	39.1		10.0		3.9		392.9		800		60.0		96.5
load=95.64
382769	37.9		10.0		3.8		380.6		800		60.0		95.6
load=94.94
383278	38.4		10.0		3.8		384.4		800		60.0		94.9
load=94.74
383787	38.4		10.0		3.8		385.6		800		60.0		94.7
load=93.94
384296	39.1		10.0		3.9		392.9		800		60.0		93.9
load=94.43
384805	39.0		10.1		3.9		392.0		800		60.0		94.4
load=93.58
385314	38.1		10.0		3.8		382.6		800		60.0		93.6
load=92.93
385823	38.4		10.0		3.8		385.0		800		60.0		92.9
load=92.12
386332	38.8		10.0		3.9		389.4		800		60.0		92.1
load=91.92
386841	38.8		10.1		3.9		390.3		800		60.0		91.9
load=92.73
387350	38.7		10.1		3.8		388.8		800		60.0		92.7
load=91.46
387859	38.5		10.0		3.8		386.5		800		60.0		91.5
load=92.42
388368	38.1		10.0		3.8		381.2		800		60.0		92.4
load=91.76
388877	37.5		10.0		3.7		376.5		800		60.0		91.8
load=90.93
389386	39.9		10.1		4.0		400.9		800		60.0		90.9
load=91.74
389895	39.0		10.1		3.9		392.0		800		60.0		91.7
load=91.54
390404	39.0		10.0		3.9		390.9		800		60.0		91.5
load=92.34
390913	38.4		10.0		3.8		385.0		800		60.0		92.3
load=93.16
391422	39.4		10.0		3.9		395.6		800		60.0		93.2
load=92.83
391931	39.3		10.1		3.9		395.0		800		60.0		92.8
load=93.59
392440	38.8		10.1		3.9		390.8		800		60.0		93.6
load=92.63
392949	38.4		10.0		3.8		385.6		800		60.0		92.6
load=94.04
393458	38.2		10.0		3.8		383.0		800		60.0		94.0
load=94.84
393967	39.1		10.0		3.9		391.8		800		60.0		94.8
load=95.96
394476	39.6		10.1		3.9		397.9		800		60.0		96.0
load=94.37
394985	39.4		10.0		3.9		395.0		800		60.0		94.4
load=95.17
395494	38.5		10.0		3.8		386.2		800		60.0		95.2
load=94.27
396003	38.1		10.0		3.8		381.2		800		60.0		94.3
load=93.35
396512	39.1		10.0		3.9		392.9		800		60.0		93.4
load=92.44
397021	39.6		10.1		3.9		397.9		800		60.0		92.4
load=93.34
397530	38.8		10.0		3.9		389.7		800		60.0		93.3
load=92.69
398039	38.5		10.1		3.8		387.3		800		60.0		92.7
load=93.56
398548	37.5		10.0		3.7		376.2		800		60.0		93.6
load=94.40
399057	39.0		10.0		3.9		391.5		800		60.0		94.4
load=95.36
399566	39.1		10.1		3.9		393.2		800		60.0		95.4
load=94.78
400075	38.8		10.1		3.9		391.1		800		60.0		94.8
load=95.74
400584	38.2		10.0		3.8		384.1		800		60.0		95.7
load=94.75
401093	37.7		10.0		3.8		376.8		800		59.0		94.8
load=93.92
401602	39.0		10.0		3.9		390.9		800		55.0		93.9
load=93.15
402111	41.3		10.0		4.1		413.2		800		41.0		93.1
load=92.43
402620	43.4		9.9		4.4		431.5		800		28.0		92.4
load=93.37
403129	42.6		9.9		4.3		422.9		800		26.0		93.4
load=92.54
403638	41.2		9.9		4.2		407.8		800		25.0		92.5
load=91.72
404147	43.4		9.9		4.4		430.2		800		25.0		91.7
load=90.93
404656	43.8		9.9		4.4		434.6		800		25.0		90.9
load=91.59
405165	43.1		9.9		4.3		428.6		800		25.0		91.6
load=90.62
405674	42.2		9.9		4.3		418.0		800		25.0		90.6
load=89.83
406183	42.6		9.9		4.3		422.3		800		25.0		89.8
load=89.63
406692	42.6		9.9		4.3		423.6		800		25.0		89.6
load=88.88
407201	43.2		9.9		4.4		429.1		800		25.0		88.9
load=90.02
407710	43.1		9.9		4.3		427.0		800		25.0		90.0
load=89.18
408219	41.9		9.9		4.2		414.7		800		25.0		89.2
load=88.43
408728	42.5		9.9		4.3		420.2		800		25.0		88.4
load=87.64
409237	43.1		9.9		4.4		426.0		800		25.0		87.6
load=86.59
409746	43.7		9.9		4.4		433.8		800		25.0		86.6
load=86.39
410255	43.7		9.9		4.4		433.8		800		25.0		86.4
load=87.24
410764	42.3		9.9		4.3		419.7		800		25.0		87.2
load=86.45
411273	41.9		9.9		4.2		415.4		800		25.0		86.4
load=85.65
411782	43.5		9.9		4.4		431.3		800		25.0		85.7
load=84.79
412291	44.2		9.9		4.5		439.2		800		25.0		84.8
load=85.62
412800	42.9		9.9		4.3		425.6		800		25.0		85.6
load=84.27
413309	42.8		9.9		4.3		423.1		800		25.0		84.3
load=84.99
413818	41.8		9.9		4.2		413.9		800		25.0		85.0
load=85.74
414327	42.9		9.9		4.3		424.9		800		25.0		85.7
load=86.96
414836	43.2		9.9		4.4		429.4		800		25.0		87.0
load=87.16
415345	43.2		9.9		4.4		429.4		800		25.0		87.2
load=85.91
415854	42.8		9.9		4.3		422.5		800		25.0		85.9
load=84.43
416363	42.9		9.9		4.3		425.2		800		25.0		84.4
load=83.55
416872	43.8		9.9		4.4		434.9		800		25.0		83.6
load=84.40
417381	43.4		9.9		4.4		430.2		800		25.0		84.4
load=83.55
417890	42.9		9.9		4.3		425.5		800		25.0		83.6
load=82.89
418399	43.5		9.9		4.4		430.4		800		25.0		82.9
load=83.58
418908	42.3		9.9		4.3		420.3		800		25.0		83.6
load=84.31
419417	43.7		9.9		4.4		432.5		800		25.0		84.3
load=85.33
419926	44.2		9.9		4.5		439.9		800		25.0		85.3
load=84.49
420435	43.1		9.9		4.3		427.6		800		25.0		84.5
load=85.34
420944	42.6		9.9		4.3		422.9		800		25.0		85.3
load=84.55
421453	42.2		9.9		4.3		418.6		800		25.0		84.5
load=83.89
421962	42.9		9.9		4.3		424.6		800		25.0		83.9
load=82.41
422471	43.2		9.9		4.3		430.0		800		25.0		82.4
load=81.78
422980	43.5		9.9		4.4		432.3		800		25.0		81.8
load=82.64
423489	42.2		9.9		4.3		418.3		800		25.0		82.6
load=81.79
423998	41.8		9.9		4.2		413.6		800		25.0		81.8
load=80.97
424507	42.9		9.9		4.3		425.5		800		25.0		81.0
load=80.11
425016	44.4		9.9		4.5		441.4		800		25.0		80.1
load=80.96
425525	42.9		9.9		4.3		425.8		800		25.0		81.0
load=80.76
426034	42.9		9.9		4.3		424.6		800		25.0		80.8
load=80.56
426543	42.9		9.9		4.3		424.6		800		25.0		80.6
load=77.56
427052	43.0		9.9		4.3		426.6		800		25.0		77.6
load=76.74
427561	44.0		9.9		4.4		436.7		800		25.0		76.7
load=77.88
428070	43.8		9.9		4.4		434.6		800		25.0		77.9
load=76.94
428579	42.5		9.9		4.3		419.0		800		25.0		76.9
load=75.97
429088	43.2		9.9		4.4		427.8		800		25.0		76.0
load=75.77
429597	43.2		9.9		4.4		429.1		800		25.0		75.8
load=76.57
430106	42.9		9.9		4.3		426.2		800		25.0		76.6
load=77.30
430615	43.4		9.9		4.4		430.2		800		25.0		77.3
load=76.17
431124	42.9		9.9		4.3		424.0		800		25.0		76.2
load=76.87
431633	41.8		9.9		4.2		413.6		800		25.0		76.9
load=77.68
432142	43.2		9.9		4.4		428.4		800		25.0		77.7
load=78.50
432651	44.2		9.9		4.5		438.9		800		25.0		78.5
load=78.06
433160	44.1		9.9		4.4		438.1		800		25.0		78.1
load=78.90
433669	41.9		9.9		4.2		415.1		800		25.0		78.9
load=79.53
434178	42.1		9.9		4.2		416.2		800		25.0		79.5
load=80.45
434687	43.2		9.9		4.3		429.7		800		25.0		80.4
load=81.18
435196	44.1		9.9		4.4		437.8		800		25.0		81.2
load=80.39
435705	43.2		9.9		4.4		429.1		800		25.0		80.4
load=81.26
436214	42.2		9.9		4.3		418.0		800		25.0		81.3
load=81.88
436723	43.1		9.9		4.4		424.8		800		25.0		81.9
load=82.94
437232	43.8		9.9		4.4		434.6		800		25.0		82.9
load=83.87
437741	44.4		9.9		4.5		441.4		800		25.0		83.9
load=83.04
438250	42.2		9.9		4.3		418.6		800		25.0		83.0
load=84.85
438759	42.1		9.9		4.3		415.3		800		25.0		84.8
load=85.72
439268	42.6		9.9		4.3		421.7		800		25.0		85.7
load=86.74
439777	43.1		9.9		4.3		427.3		800		25.0		86.7
load=87.62
440286	44.2		9.9		4.4		440.2		800		25.0		87.6
load=86.75
440795	42.6		9.9		4.3		422.6		800		25.0		86.8
load=87.54
441304	41.8		9.9		4.2		413.9		800		25.0		87.5
load=88.29
441813	42.8		9.9		4.3		423.5		800		25.0		88.3
load=89.11
442322	43.5		9.9		4.4		431.0		800		25.0		89.1
load=88.58
442831	43.2		9.9		4.4		429.1		800		25.0		88.6
load=89.58
443340	42.5		9.9		4.3		419.9		800		25.0		89.6
load=89.78
443849	42.5		9.9		4.3		421.2		800		25.0		89.8
load=88.82
444358	42.3		9.9		4.3		419.4		800		25.0		88.8
load=88.00
444867	43.2		9.9		4.4		428.4		800		25.0		88.0
load=87.24
445376	44.5		9.9		4.5		440.9		800		25.0		87.2
load=87.96
445885	43.2		9.9		4.4		429.1		800		25.0		88.0
load=87.13
446394	42.3		9.9		4.3		420.0		800		25.0		87.1
load=88.01
446903	42.1		9.9		4.2		416.8		800		25.0		88.0
load=88.85
447412	43.7		9.9		4.4		433.8		800		25.0		88.9
load=88.23
447921	43.5		9.9		4.4		432.6		800		25.0		88.2
load=89.20
448430	42.9		9.9		4.3		425.5		800		25.0		89.2
load=88.31
448939	42.2		9.9		4.3		417.3		800		25.0		88.3
load=86.84
449448	42.3		9.9		4.3		420.0		800		25.0		86.8
load=86.01
449957	43.8		9.9		4.4		435.2		800		25.0		86.0
load=86.93
450466	43.2		9.9		4.4		428.4		800		25.0		86.9
load=86.14
450975	42.9		9.9		4.3		425.5		800		25.0		86.1
load=86.96
451484	41.2		9.9		4.2		407.5		800		25.0		87.0
load=87.77
451993	42.5		9.9		4.3		420.9		800		25.0		87.8
load=88.48
452502	42.8		9.9		4.3		423.6		800		25.0		88.5
load=89.46
453011	42.9		9.9		4.3		425.2		800		25.0		89.5
load=89.66
453520	42.9		9.9		4.3		426.8		800		25.0		89.7
load=88.80
454029	41.2		9.9		4.2		407.8		800		25.0		88.8
load=88.01
454538	42.6		9.9		4.3		422.3		800		25.0		88.0
load=86.96
455047	42.9		9.9		4.3		426.2		800		25.0		87.0
load=86.16
455556	44.0		9.9		4.4		436.3		800		25.0		86.2
load=87.17
456065	43.4		9.9		4.4		428.9		800		25.0		87.2
load=86.40
456574	42.1		9.9		4.2		416.2		800		25.0		86.4
load=85.36
457083	42.3		9.9		4.3		420.0		800		25.0		85.4
load=84.54
457592	43.5		9.9		4.4		432.0		800		25.0		84.5
load=83.68
458101	44.2		9.9		4.5		439.9		800		25.0		83.7
load=84.54
458610	42.5		9.9		4.3		420.9		800		25.0		84.5
load=83.75
459119	41.9		9.9		4.2		415.1		800		25.0		83.7
load=82.96
459628	42.5		9.9		4.3		420.9		800		25.0		83.0
load=82.11
460137	43.4		9.9		4.4		430.2		800		25.0		82.1
load=82.83
460646	42.6		9.9		4.3		423.6		800		25.0		82.8
load=83.58
461155	43.2		9.9		4.4		429.1		800		25.0		83.6
load=82.72
461664	41.8		9.9		4.2		413.3		800		25.0		82.7
load=81.93
462173	42.3		9.9		4.3		419.1		800		25.0		81.9
load=81.05
462682	42.6		9.9		4.3		422.3		800		25.0		81.1
load=80.20
463191	43.8		9.9		4.4		434.9		800		25.0		80.2
load=81.15
463700	43.4		9.9		4.4		429.6		800		25.0		81.1
load=80.34
464209	42.9		9.9		4.3		425.2		800		25.0		80.3
load=81.13
464718	42.5		9.9		4.3		420.9		800		25.0		81.1
load=81.33
465227	42.5		9.9		4.3		422.1		800		25.0		81.3
load=82.17
465736	43.8		9.9		4.4		435.8		800		25.0		82.2
load=81.03
466245	43.4		9.9		4.4		429.6		800		25.0		81.0
load=81.86
466754	42.2		9.9		4.3		417.3		800		25.0		81.9
load=83.16
467263	42.3		9.9		4.3		419.7		800		25.0		83.2
load=84.02
467772	43.5		9.9		4.4		432.3		800		25.0		84.0
load=84.84
468281	44.4		9.9		4.5		441.4		800		25.0		84.8
load=83.97
468790	43.1		9.9		4.3		427.0		800		25.0		84.0
load=84.76
469299	42.8		9.9		4.3		424.1		800		25.0		84.8
load=84.56
469808	42.8		9.9		4.3		423.5		800		25.0		84.6
load=85.35
470317	42.5		9.9		4.3		420.6		800		25.0		85.4
load=86.25
470826	43.2		9.9		4.4		428.8		800		25.0		86.3
load=85.63
471335	43.1		9.9		4.3		427.6		800		25.0		85.6
load=85.83
471844	43.1		9.9		4.3		426.7		800		25.0		85.8
load=86.62
472353	43.7		9.9		4.4		432.5		800		25.0		86.6
load=86.18
472862	43.5		9.9		4.4		431.7		800		25.0		86.2
load=84.86
473371	43.7		9.9		4.4		434.1		800		25.0		84.9
load=85.76
473880	42.9		9.9		4.3		425.8		800		25.0		85.8
load=86.03
474389	43.1		9.9		4.4		426.4		800		25.0		86.0
load=85.19
474898	42.1		9.9		4.3		415.6		800		25.0		85.2
load=84.36
475407	44.0		9.9		4.4		435.4		800		25.0		84.4
load=83.39
475916	44.4		9.9		4.5		440.7		800		25.0		83.4
load=84.17
476425	43.1		9.9		4.3		427.9		800		25.0		84.2
load=83.12
476934	42.8		9.9		4.3		424.1		800		25.0		83.1
load=83.83
477443	42.5		9.9		4.3		421.5		800		25.0		83.8
load=84.65
477952	43.3		9.9		4.4		429.9		800		25.0		84.6
load=85.44
478461	43.7		9.9		4.4		433.4		800		25.0		85.4
load=84.59
478970	42.5		9.9		4.3		420.9		800		25.0		84.6
load=85.42
479479	41.9		9.9		4.2		414.7		800		25.0		85.4
load=86.31
479988	42.6		9.9		4.3		422.9		800		25.0		86.3
load=87.14
480497	43.4		9.9		4.4		430.5		800		25.0		87.1