tiempo[ms]V_Panel[V]	I_Panel[A]	R_Carga[Ohms]	P_Panel[W]	G[W/m2]	T[°C]	Load[%]							
load=52.5													
540	41.5		10.4		4.0		429.8		800		25.0		52.5
load=55.0													
2043	41.6		10.4		4.0		431.7		800		25.0		55.0
load=57.5													
2552	41.6		10.4		4.0		432.0		800		25.0		57.5
load=60.0													
3060	41.5		10.4		4.0		430.1		800		25.0		60.0
load=62.5													
3568	41.6		10.4		4.0		432.0		800		25.0		62.5
load=65.0													
4076	41.5		10.4		4.0		429.8		800		25.0		65.0
load=67.5													
4584	41.5		10.4		4.0		430.1		800		25.0		67.5
load=70.0													
5092	41.6		10.4		4.0		431.7		800		25.0		70.0
load=72.4													
5600	41.6		10.4		4.0		431.4		800		25.0		72.4
load=75.2													
6108	41.3		10.4		4.0		428.9		800		25.0		75.2
load=77.5													
6616	41.6		10.4		4.0		431.7		800		25.0		77.5
load=80.0													
7124	41.6		10.4		4.0		432.0		800		25.0		80.0
load=82.4													
7632	41.6		10.4		4.0		432.0		800		25.0		82.4
load=84.6													
8140	41.6		10.4		4.0		431.4		800		25.0		84.6
load=86.9													
8648	41.6		10.4		4.0		431.4		800		25.0		86.9
load=84.7													
9156	41.3		10.4		4.0		428.6		800		25.0		84.7
load=86.7													
9664	41.6		10.4		4.0		431.7		800		25.0		86.7
load=88.4													
10172	41.8		10.4		4.0		433.2		800		25.0		88.4
load=90.8													
10680	41.6		10.4		4.0		431.7		800		25.0		90.8
load=93.5													
11188	41.6		10.4		4.0		432.0		800		25.0		93.5
load=94.5													
11696	41.5		10.4		4.0		430.1		800		25.0		94.5
load=95.0													
12204	41.5		10.4		4.0		430.1		800		25.0		95.0
load=95.0													
12712	41.8		10.4		4.0		433.5		800		25.0		95.0
load=95.0													
13220	41.5		10.4		4.0		430.4		800		25.0		95.0
load=95.0													
13728	42.1		10.4		4.1		436.2		800		25.0		95.0
load=95.0													
14236	41.6		10.4		4.0		431.4		800		25.0		95.0
load=95.0													
14744	41.8		10.4		4.0		433.2		800		25.0		95.0
load=95.0													
15252	41.6		10.4		4.0		431.7		800		25.0		95.0
load=95.0													
15760	41.8		10.4		4.0		433.2		800		25.0		95.0
load=95.0													
16268	41.8		10.4		4.0		433.2		800		25.0		95.0
load=95.0													
16776	41.9		10.4		4.0		435.0		800		25.0		95.0
load=95.0													
17284	41.6		10.4		4.0		431.4		800		25.0		95.0
load=95.0													
17792	41.5		10.4		4.0		430.8		800		25.0		95.0
load=95.0													
18300	41.6		10.4		4.0		432.6		800		25.0		95.0
load=95.0													
18808	41.3		10.4		4.0		428.6		800		25.0		95.0
load=95.0													
19316	41.5		10.4		4.0		430.4		800		25.0		95.0
load=95.0													
19824	41.5		10.4		4.0		430.1		800		25.0		95.0
load=95.0													
20332	41.5		10.4		4.0		429.8		800		25.0		95.0
load=95.0													
20840	41.5		10.4		4.0		429.8		800		25.0		95.0
load=95.0													
21348	41.5		10.4		4.0		430.1		800		25.0		95.0
load=95.0													
21856	41.6		10.4		4.0		432.0		800		25.0		95.0
load=95.0													
22364	41.5		10.4		4.0		430.1		800		25.0		95.0
load=95.0													
22872	41.8		10.4		4.0		432.6		800		25.0		95.0
load=95.0													
23380	41.9		10.4		4.0		434.7		800		25.0		95.0
load=95.0													
23888	41.6		10.4		4.0		432.0		800		25.0		95.0
load=95.0													
24396	41.6		10.4		4.0		431.7		800		25.0		95.0
load=95.0													
24904	41.6		10.4		4.0		432.0		800		25.0		95.0
load=95.0													
25412	41.8		10.4		4.0		433.8		800		25.0		95.0
load=95.0													
25920	41.6		10.4		4.0		431.7		800		25.0		95.0
load=95.0													
26428	41.6		10.4		4.0		431.7		800		25.0		95.0
load=95.0													
26936	41.6		10.4		4.0		431.4		800		25.0		95.0
load=95.0													
27444	41.2		10.4		4.0		427.1		800		25.0		95.0
load=95.0													
27952	41.5		10.4		4.0		430.4		800		25.0		95.0
load=95.0													
28460	41.5		10.4		4.0		430.1		800		25.0		95.0
load=95.0													
28968	41.6		10.4		4.0		432.0		800		25.0		95.0
load=95.0													
29476	41.6		10.4		4.0		432.0		800		25.0		95.0
load=95.0													
29984	41.5		10.4		4.0		429.5		800		25.0		95.0
load=95.0													
30492	41.5		10.4		4.0		429.8		800		25.0		95.0
load=95.0													
31000	41.5		10.4		4.0		430.4		800		25.0		95.0
load=95.0													
31508	41.5		10.4		4.0		430.4		800		25.0		95.0
load=95.0													
32016	41.5		10.4		4.0		430.1		800		25.0		95.0
load=95.0													
32524	41.5		10.4		4.0		430.1		800		25.0		95.0
load=95.0													
33032	41.5		10.4		4.0		430.1		800		25.0		95.0
load=95.0													
33540	41.5		10.4		4.0		430.1		800		25.0		95.0
load=95.0													
34048	41.6		10.4		4.0		431.7		800		25.0		95.0
load=95.0													
34556	41.3		10.4		4.0		428.9		800		25.0		95.0
load=95.0													
35064	41.6		10.4		4.0		431.7		800		25.0		95.0
load=95.0													
35572	41.5		10.4		4.0		430.1		800		25.0		95.0
load=95.0													
36080	41.5		10.4		4.0		430.4		800		25.0		95.0
load=95.0													
36588	41.3		10.4		4.0		428.6		800		25.0		95.0
load=95.0													
37096	41.5		10.4		4.0		430.4		800		25.0		95.0
load=95.0													
37604	41.6		10.4		4.0		431.7		800		25.0		95.0
load=95.0													
38112	41.5		10.4		4.0		430.1		800		25.0		95.0
load=95.0													
38620	41.3		10.4		4.0		428.3		800		25.0		95.0
load=95.0													
39128	41.6		10.4		4.0		432.3		800		25.0		95.0
load=95.0													
39636	41.6		10.4		4.0		431.4		800		25.0		95.0
load=95.0													
40144	41.8		10.4		4.0		433.5		800		25.0		95.0
load=95.0													
40652	41.3		10.4		4.0		428.9		800		25.0		95.0
load=95.0													
41160	41.6		10.4		4.0		431.4		800		25.0		95.0
load=95.0													
41668	41.3		10.4		4.0		428.3		800		25.0		95.0
load=95.0													
42176	41.5		10.4		4.0		430.1		800		25.0		95.0
load=95.0													
42684	41.3		10.4		4.0		428.6		800		25.0		95.0
load=95.0													
43192	41.5		10.4		4.0		430.1		800		25.0		95.0
load=95.0													
43700	41.5		10.4		4.0		430.4		800		25.0		95.0
load=95.0													
44208	41.3		10.4		4.0		428.3		800		25.0		95.0
load=95.0													
44716	41.3		10.4		4.0		428.6		800		25.0		95.0
load=95.0													
45224	41.3		10.4		4.0		428.6		800		25.0		95.0
load=95.0													
45732	41.6		10.4		4.0		431.7		800		25.0		95.0
load=95.0													
46240	41.5		10.4		4.0		430.1		800		25.0		95.0
load=95.0													
46748	41.3		10.4		4.0		428.3		800		25.0		95.0
load=95.0													
47256	41.5		10.4		4.0		430.4		800		25.0		95.0
load=95.0													
47764	41.3		10.4		4.0		428.9		800		25.0		95.0
load=95.0													
48272	41.6		10.4		4.0		431.4		800		25.0		95.0
load=95.0													
48780	41.5		10.4		4.0		430.4		800		25.0		95.0
load=95.0													
49288	41.5		10.4		4.0		430.1		800		25.0		95.0
load=95.0													
49796	41.5		10.4		4.0		429.8		800		25.0		95.0
load=95.0													
50304	41.0		10.4		4.0		425.6		800		25.0		95.0
load=95.0													
50812	41.6		10.4		4.0		431.1		800		25.0		95.0
load=95.0													
51320	41.6		10.4		4.0		431.4		800		25.0		95.0
load=95.0													
51828	41.6		10.4		4.0		431.7		800		25.0		95.0
load=95.0													
52336	41.3		10.4		4.0		428.6		800		25.0		95.0
load=95.0													
52844	41.5		10.4		4.0		430.1		800		25.0		95.0
load=95.0													
53352	41.3		10.4		4.0		428.3		800		25.0		95.0
load=95.0													
53860	41.5		10.4		4.0		430.8		800		25.0		95.0
load=95.0													
54368	41.6		10.4		4.0		431.4		800		25.0		95.0
load=95.0													
54876	41.5		10.4		4.0		430.4		800		25.0		95.0
load=95.0													
55384	41.3		10.4		4.0		428.6		800		25.0		95.0
load=95.0													
55892	41.2		10.4		4.0		427.4		800		25.0		95.0
load=95.0													
56400	41.3		10.4		4.0		428.3		800		25.0		95.0
load=95.0													
56908	41.5		10.4		4.0		429.8		800		25.0		95.0
load=95.0													
57416	41.5		10.4		4.0		430.4		800		25.0		95.0
load=95.0													
57924	41.3		10.4		4.0		427.7		800		25.0		95.0
load=95.0													
58432	41.2		10.4		4.0		427.1		800		25.0		95.0
load=95.0													
58940	41.5		10.4		4.0		429.8		800		25.0		95.0
load=95.0													
59448	41.5		10.4		4.0		430.1		800		25.0		95.0
load=95.0													
59956	41.3		10.4		4.0		428.6		800		25.0		95.0
load=95.0													
60464	41.6		10.4		4.0		431.7		800		25.0		95.0
load=95.0													
60972	41.5		10.4		4.0		429.8		800		25.0		95.0
load=95.0													
61480	41.5		10.4		4.0		429.8		800		25.0		95.0
load=95.0													
61988	41.6		10.4		4.0		431.4		800		25.0		95.0
load=95.0													
62496	41.3		10.4		4.0		428.3		800		25.0		95.0
load=95.0													
63004	41.3		10.4		4.0		428.6		800		25.0		95.0
load=95.0													
63512	41.2		10.4		4.0		426.8		800		25.0		95.0
load=95.0													
64020	41.5		10.4		4.0		429.8		800		25.0		95.0
load=95.0													
64528	41.3		10.4		4.0		428.9		800		25.0		95.0
load=95.0													
65036	41.3		10.4		4.0		428.6		800		25.0		95.0
load=95.0													
65544	41.5		10.4		4.0		430.1		800		25.0		95.0
load=95.0													
66052	41.3		10.4		4.0		428.9		800		25.0		95.0
load=95.0													
66560	41.3		10.4		4.0		428.0		800		25.0		95.0
load=95.0													
67068	41.3		10.4		4.0		428.0		800		25.0		95.0
load=95.0													
67576	41.0		10.4		4.0		425.6		800		25.0		95.0
load=95.0													
68084	41.3		10.4		4.0		428.6		800		25.0		95.0
load=95.0													
68592	41.3		10.4		4.0		428.9		800		25.0		95.0
load=95.0													
69100	41.3		10.4		4.0		428.3		800		25.0		95.0
load=95.0													
69608	41.3		10.4		4.0		428.9		800		25.0		95.0
load=95.0													
70116	41.3		10.4		4.0		428.3		800		25.0		95.0
load=95.0													
70624	41.3		10.4		4.0		428.3		800		25.0		95.0
load=95.0													
71132	41.3		10.4		4.0		428.6		800		25.0		95.0
load=95.0													
71640	41.3		10.4		4.0		428.3		800		25.0		95.0
load=95.0													
72148	41.3		10.4		4.0		428.0		800		25.0		95.0
load=95.0													
72656	41.3		10.4		4.0		428.3		800		25.0		95.0
load=95.0													
73164	41.2		10.4		4.0		427.4		800		25.0		95.0
load=95.0													
73672	41.3		10.4		4.0		428.0		800		25.0		95.0
load=95.0													
74180	41.3		10.4		4.0		428.3		800		25.0		95.0
load=95.0													
74688	41.2		10.4		4.0		426.8		800		25.0		95.0
load=95.0													
75196	41.5		10.4		4.0		430.1		800		25.0		95.0
load=95.0													
75704	41.3		10.4		4.0		428.3		800		25.0		95.0
load=95.0													
76212	41.3		10.4		4.0		428.6		800		25.0		95.0
load=95.0													
76720	41.2		10.4		4.0		427.1		800		25.0		95.0
load=95.0													
77228	41.3		10.4		4.0		428.6		800		25.0		95.0
load=95.0													
77736	41.3		10.4		4.0		428.3		800		25.0		95.0
load=95.0													
78244	41.5		10.4		4.0		429.8		800		25.0		95.0
load=95.0													
78752	41.3		10.4		4.0		428.6		800		25.0		95.0
load=95.0													
79260	41.2		10.4		4.0		426.8		800		25.0		95.0
load=95.0													
79768	41.0		10.4		4.0		425.6		800		25.0		95.0
load=95.0													
80276	41.2		10.4		4.0		426.5		800		25.0		95.0
load=95.0													
80784	41.3		10.4		4.0		428.6		800		25.0		95.0
load=95.0													
81292	41.3		10.4		4.0		428.3		800		25.0		95.0
load=95.0													
81800	41.3		10.4		4.0		428.9		800		25.0		95.0
load=95.0													
82308	41.3		10.4		4.0		428.3		800		25.0		95.0
load=95.0													
82816	41.5		10.4		4.0		429.8		800		25.0		95.0
load=95.0													
83324	41.5		10.4		4.0		429.8		800		25.0		95.0
load=95.0													
83832	41.3		10.4		4.0		428.9		800		25.0		95.0
load=95.0													
84340	41.3		10.4		4.0		428.9		800		25.0		95.0
load=95.0													
84848	41.3		10.4		4.0		428.3		800		25.0		95.0
load=95.0													
85356	41.3		10.4		4.0		428.3		800		25.0		95.0
load=95.0													
85864	41.3		10.4		4.0		428.0		800		25.0		95.0
load=95.0													
86372	41.5		10.4		4.0		429.8		800		25.0		95.0
load=95.0													
86880	41.5		10.4		4.0		430.1		800		25.0		95.0
load=95.0													
87388	41.5		10.4		4.0		429.8		800		25.0		95.0
load=95.0													
87896	41.3		10.4		4.0		428.6		800		25.0		95.0
load=95.0													
88404	41.3		10.4		4.0		428.3		800		25.0		95.0
load=95.0													
88912	41.3		10.4		4.0		428.6		800		25.0		95.0
load=95.0													
89420	41.6		10.4		4.0		431.7		800		25.0		95.0
load=95.0													
89928	41.2		10.4		4.0		426.8		800		25.0		95.0
load=95.0													
90436	41.5		10.4		4.0		429.5		800		25.0		95.0
load=95.0													
90944	41.5		10.4		4.0		429.8		800		25.0		95.0
load=95.0													
91452	41.5		10.4		4.0		429.8		800		25.0		95.0
load=95.0													
91960	41.3		10.4		4.0		428.3		800		25.0		95.0
load=95.0													
92468	41.3		10.4		4.0		428.3		800		25.0		95.0
load=95.0													
92976	41.2		10.4		4.0		427.4		800		25.0		95.0
load=95.0													
93484	41.2		10.4		4.0		426.8		800		25.0		95.0
load=95.0													
93992	41.2		10.4		4.0		426.8		800		25.0		95.0
load=95.0													
94500	41.3		10.4		4.0		428.6		800		25.0		95.0
load=95.0													
95008	41.2		10.4		4.0		427.4		800		25.0		95.0
load=95.0													
95516	41.5		10.4		4.0		429.8		800		25.0		95.0
load=95.0													
96024	41.3		10.4		4.0		428.3		800		25.0		95.0
load=95.0													
96532	41.5		10.4		4.0		430.1		800		25.0		95.0
load=95.0													
97040	41.2		10.4		4.0		427.1		800		25.0		95.0
load=95.0													
97548	41.5		10.4		4.0		429.8		800		25.0		95.0
load=95.0													
98056	41.2		10.4		4.0		426.8		800		25.0		95.0
load=95.0													
98564	41.5		10.4		4.0		429.5		800		25.0		95.0
load=95.0													
99072	41.3		10.4		4.0		428.3		800		25.0		95.0
load=95.0													
99580	41.0		10.4		4.0		425.3		800		25.0		95.0
load=95.0													
100088	41.5		10.4		4.0		429.8		800		25.0		95.0
load=95.0													
100596	41.3		10.4		4.0		428.3		800		25.0		95.0
load=95.0													
101104	41.2		10.4		4.0		427.1		800		25.0		95.0
load=95.0													
101612	41.3		10.4		4.0		428.0		800		25.0		95.0
load=95.0													
102120	41.3		10.4		4.0		428.3		800		25.0		95.0
load=95.0													
102628	41.3		10.4		4.0		428.3		800		25.0		95.0
load=95.0													
103136	41.5		10.4		4.0		429.5		800		25.0		95.0
load=95.0													
103644	41.3		10.4		4.0		428.6		800		25.0		95.0
load=95.0													
104152	41.3		10.4		4.0		428.3		800		25.0		95.0
load=95.0													
104660	41.2		10.4		4.0		426.8		800		25.0		95.0
load=95.0													
105168	41.2		10.4		4.0		426.5		800		25.0		95.0
load=95.0													
105676	41.3		10.4		4.0		428.6		800		25.0		95.0
load=95.0													
106184	41.5		10.4		4.0		429.8		800		25.0		95.0
load=95.0													
106692	41.5		10.4		4.0		430.4		800		25.0		95.0
load=95.0													
107200	41.2		10.4		4.0		426.8		800		25.0		95.0
load=95.0													
107708	41.3		10.4		4.0		428.3		800		25.0		95.0
load=95.0													
108216	41.5		10.4		4.0		429.5		800		25.0		95.0
load=95.0													
108724	41.3		10.4		4.0		428.6		800		25.0		95.0
load=95.0													
109232	41.5		10.4		4.0		429.8		800		25.0		95.0
load=95.0													
109740	41.3		10.4		4.0		428.3		800		25.0		95.0
load=95.0													
110248	41.3		10.4		4.0		428.6		800		25.0		95.0
load=95.0													
110756	41.5		10.4		4.0		429.5		800		25.0		95.0
load=95.0													
111264	41.5		10.4		4.0		430.1		800		25.0		95.0
load=95.0													
111772	41.2		10.4		4.0		427.1		800		25.0		95.0
load=95.0													
112280	41.6		10.4		4.0		431.7		800		25.0		95.0
load=95.0													
112788	41.0		10.4		4.0		425.3		800		25.0		95.0
load=95.0													
113296	41.5		10.4		4.0		430.1		800		25.0		95.0
load=95.0													
113804	41.3		10.4		4.0		428.3		800		25.0		95.0
load=95.0													
114312	41.2		10.4		4.0		426.8		800		25.0		95.0
load=95.0													
114820	41.2		10.4		4.0		426.8		800		25.0		95.0
load=95.0													
115328	41.3		10.4		4.0		428.9		800		25.0		95.0
load=95.0													
115836	41.5		10.4		4.0		430.1		800		25.0		95.0
load=95.0													
116344	41.3		10.4		4.0		428.0		800		25.0		95.0
load=95.0													
116852	41.2		10.4		4.0		427.4		800		25.0		95.0
load=95.0													
117360	41.2		10.4		4.0		427.1		800		25.0		95.0
load=95.0													
117868	41.3		10.4		4.0		428.3		800		25.0		95.0
load=95.0													
118376	41.3		10.4		4.0		428.3		800		25.0		95.0
load=95.0													
118884	41.3		10.4		4.0		428.3		800		25.0		95.0
load=95.0													
119392	41.2		10.4		4.0		427.1		800		25.0		95.0
load=95.0													
119900	41.2		10.4		4.0		427.1		800		25.0		95.0
load=95.0													
120408	41.5		10.4		4.0		429.8		800		25.0		95.0
load=95.0													
120916	41.5		10.3		4.0		428.9		799		25.0		95.0
load=95.0													
121424	41.3		10.3		4.0		426.5		796		25.0		95.0
load=92.0													
121932	41.5		10.1		4.1		419.8		781		25.0		92.0
load=95.0													
122440	41.3		9.9		4.2		411.1		767		25.0		95.0
load=95.0													
122948	41.3		9.8		4.2		402.9		752		25.0		95.0
load=95.0													
123456	41.2		9.5		4.3		393.0		736		25.0		95.0
load=92.0													
123964	41.3		9.3		4.4		386.2		722		25.0		92.0
load=89.0													
124472	41.5		9.2		4.5		380.0		707		25.0		89.0
load=92.0													
124980	41.3		9.0		4.6		370.5		693		25.0		92.0
load=89.0													
125488	41.5		8.8		4.7		365.1		679		25.0		89.0
load=92.0													
125996	41.2		8.6		4.8		355.3		665		25.0		92.0
load=89.0													
126504	41.5		8.4		4.9		348.4		648		25.0		89.0
load=92.0													
127012	41.3		8.2		5.0		339.0		633		25.0		92.0
load=89.0													
127520	41.5		8.0		5.2		332.6		619		25.0		89.0
load=92.0													
128028	41.3		7.8		5.3		323.6		605		25.0		92.0
load=95.0													
128536	41.2		7.7		5.4		315.8		591		25.0		95.0
load=92.0													
129044	41.3		7.5		5.5		308.5		576		25.0		92.0
load=89.0													
129552	41.3		7.3		5.7		300.9		561		25.0		89.0
load=92.0													
130060	41.0		7.1		5.8		289.7		545		25.0		92.0
load=89.0													
130568	41.5		6.9		6.0		285.9		531		25.0		89.0
load=86.0													
131076	41.3		6.7		6.2		276.7		517		25.0		86.0
load=83.0													
131584	41.3		6.5		6.4		268.5		502		25.0		83.0
load=80.0													
132092	41.3		6.3		6.5		261.5		488		25.0		80.0
load=77.0													
132600	41.5		6.1		6.8		254.6		473		25.0		77.0
load=74.0													
133108	41.5		5.9		7.0		245.8		457		25.0		74.0
load=71.0													
133616	41.5		5.8		7.2		238.5		443		25.0		71.0
load=68.0													
134124	41.5		5.6		7.5		230.6		429		25.0		68.0
load=71.0													
134632	41.3		5.4		7.7		221.9		414		25.0		71.0
load=74.0													
135140	41.3		5.2		8.0		214.3		400		25.0		74.0
load=71.0													
135648	41.5		5.2		8.0		214.8		400		25.0		71.0
load=68.0													
136156	41.5		5.2		8.0		215.4		400		25.0		68.0
load=71.0													
136664	41.3		5.2		7.9		214.9		400		25.0		71.0
load=68.1													
137172	41.6		5.2		8.0		215.8		400		25.0		68.1
load=65.1													
137680	41.5		5.2		8.0		214.8		400		25.0		65.1
load=68.1													
138188	41.3		5.2		8.0		214.3		400		25.0		68.1
load=71.1													
138696	41.3		5.2		8.0		214.3		400		25.0		71.1
load=73.9													
139204	41.3		5.2		8.0		214.6		400		25.0		73.9
load=75.6													
139712	41.2		5.2		8.0		212.9		400		25.0		75.6
load=75.6													
140220	41.5		5.2		8.0		214.8		400		25.0		75.6
load=75.6													
140728	41.5		5.2		8.0		214.8		400		25.0		75.6
load=78.0													
141236	41.3		5.2		8.0		213.4		400		25.0		78.0
load=78.9													
141744	41.3		5.2		8.0		214.0		400		25.0		78.9
load=78.6													
142252	41.3		5.2		8.0		214.6		400		25.0		78.6
load=79.7													
142760	41.3		5.2		8.0		214.0		400		25.0		79.7
load=80.7													
143268	41.5		5.2		8.0		215.4		400		25.0		80.7
load=81.9													
143776	41.3		5.2		8.0		214.0		400		25.0		81.9
load=82.9													
144284	41.5		5.2		8.0		215.4		400		25.0		82.9
load=84.1													
144792	41.3		5.2		8.0		214.0		400		25.0		84.1
load=84.5													
145300	41.2		5.2		7.9		213.9		400		25.0		84.5
load=85.0													
145808	41.6		5.2		8.0		215.5		400		25.0		85.0
load=85.6													
146316	41.3		5.2		8.0		214.3		400		25.0		85.6
load=86.6													
146824	41.5		5.2		8.0		215.4		400		25.0		86.6
load=87.4													
147332	41.3		5.2		8.0		214.3		400		25.0		87.4
load=87.9													
147840	41.5		5.2		8.0		215.1		400		25.0		87.9
load=88.6													
148348	41.3		5.2		8.0		214.3		400		25.0		88.6
load=88.6													
148856	41.5		5.2		8.0		214.5		400		25.0		88.6
load=89.0													
149364	41.5		5.2		8.0		214.8		400		25.0		89.0
load=89.5													
149872	41.0		5.2		7.9		212.8		400		25.0		89.5
load=90.2													
150380	41.6		5.2		8.0		215.8		400		25.0		90.2
load=90.8													
150888	41.2		5.2		7.9		213.6		400		25.0		90.8
load=91.9													
151396	41.3		5.2		8.0		214.0		400		25.0		91.9
load=92.6													
151904	41.5		5.2		8.0		215.1		400		25.0		92.6
load=93.6													
152412	41.3		5.2		8.0		214.0		400		25.0		93.6
load=94.5													
152920	41.3		5.2		8.0		214.0		400		25.0		94.5
load=95.0													
153428	41.6		5.2		8.0		215.8		400		25.0		95.0
load=95.0													
153936	41.5		5.2		8.0		215.1		400		25.0		95.0
load=95.0													
154444	41.3		5.2		8.0		214.6		400		25.0		95.0
load=95.0													
154952	41.5		5.2		8.0		215.1		400		25.0		95.0
load=95.0													
155460	41.3		5.2		8.0		214.3		400		25.0		95.0
load=95.0													
155968	41.5		5.2		8.0		215.1		400		25.0		95.0
load=95.0													
156476	41.5		5.2		8.0		215.4		400		25.0		95.0
load=95.0													
156984	41.5		5.2		8.0		215.4		400		25.0		95.0
load=95.0													
157492	41.3		5.2		8.0		214.0		400		25.0		95.0
load=95.0													
158000	41.3		5.2		8.0		214.3		400		25.0		95.0
load=95.0													
158508	41.6		5.2		8.0		215.5		400		25.0		95.0
load=95.0													
159016	41.5		5.2		8.0		215.1		400		25.0		95.0
load=95.0													
159524	41.6		5.2		8.0		216.1		400		25.0		95.0
load=95.0													
160032	41.5		5.2		8.0		215.1		400		25.0		95.0
load=95.0													
160540	41.5		5.2		8.0		215.1		400		25.0		95.0
load=95.0													
161048	41.6		5.2		8.0		216.1		400		25.0		95.0
load=95.0													
161556	41.3		5.2		8.0		214.3		400		25.0		95.0
load=95.0													
162064	41.5		5.2		8.0		215.1		400		25.0		95.0
load=95.0													
162572	41.6		5.2		8.0		215.8		400		25.0		95.0
load=95.0													
163080	41.8		5.2		8.0		216.9		400		25.0		95.0
load=95.0													
163588	41.5		5.2		8.0		214.8		400		25.0		95.0
load=94.7													
164096	41.5		5.2		8.0		215.7		400		25.0		94.7
load=95.0													
164604	41.5		5.2		8.0		215.1		400		25.0		95.0
load=95.0													
165112	41.5		5.2		8.0		214.8		400		25.0		95.0
load=95.0													
165620	41.5		5.2		8.0		215.4		400		25.0		95.0
load=95.0													
166128	41.6		5.2		8.0		215.5		400		25.0		95.0
load=95.0													
166636	41.5		5.2		8.0		215.4		400		25.0		95.0
load=95.0													
167144	41.5		5.2		8.0		215.1		400		25.0		95.0
load=95.0													
167652	41.5		5.2		8.0		214.5		400		25.0		95.0
load=95.0													
168160	41.5		5.2		8.0		215.4		400		25.0		95.0
load=95.0													
168668	41.6		5.2		8.0		215.5		400		25.0		95.0
load=95.0													
169176	41.5		5.2		8.0		215.1		400		25.0		95.0
load=95.0													
169684	41.3		5.2		8.0		214.3		400		25.0		95.0
load=95.0													
170192	41.5		5.2		8.0		215.4		400		25.0		95.0
load=95.0													
170700	41.6		5.2		8.0		216.4		400		25.0		95.0
load=95.0													
171208	41.6		5.2		8.0		217.1		401		25.0		95.0
load=95.0													
171716	41.6		5.3		7.8		222.5		411		25.0		95.0
load=95.0													
172224	41.6		5.5		7.5		229.9		425		25.0		95.0
load=95.0													
172732	41.6		5.7		7.3		237.8		440		25.0		95.0
load=92.0													
173240	41.5		5.9		7.0		244.5		454		25.0		92.0
load=95.0													
173748	41.8		6.1		6.9		254.2		469		25.0		95.0
load=92.0													
174256	41.6		6.3		6.6		262.2		485		25.0		92.0
load=95.0													
174764	41.8		6.5		6.4		270.4		499		25.0		95.0
load=92.0													
175272	41.3		6.7		6.2		275.5		514		25.0		92.0
load=89.0													
175780	41.5		6.8		6.1		283.7		528		25.0		89.0
load=92.0													
176288	41.6		7.0		5.9		293.3		543		25.0		92.0
load=89.0													
176796	41.5		7.2		5.7		299.8		557		25.0		89.0
load=92.0													
177304	41.6		7.4		5.6		308.8		573		25.0		92.0
load=89.0													
177812	41.5		7.6		5.4		315.6		587		25.0		89.0
load=86.0													
178320	41.5		7.8		5.3		324.1		602		25.0		86.0
load=83.0													
178828	41.5		8.0		5.2		331.7		617		25.0		83.0
load=86.0													
179336	41.6		8.2		5.1		340.8		631		25.0		86.0
load=89.0													
179844	41.6		8.4		5.0		348.7		646		25.0		89.0
load=92.0													
180352	41.6		8.6		4.9		356.4		660		25.0		92.0
load=89.0													
180860	41.5		8.8		4.7		363.6		676		25.0		89.0
load=86.0													
181368	41.3		9.0		4.6		370.2		690		25.0		86.0
load=83.0													
181876	41.5		9.1		4.5		379.1		705		25.0		83.0
load=86.0													
182384	41.8		9.3		4.5		390.0		720		25.0		86.0
load=89.0													
182892	41.8		9.5		4.4		397.7		734		25.0		89.0
load=86.0													
183400	41.5		9.7		4.3		403.1		749		25.0		86.0
load=89.0													
183908	41.8		9.9		4.2		413.6		764		25.0		89.0
load=86.0													
184416	41.6		10.1		4.1		420.4		779		25.0		86.0
load=83.0													
184924	41.5		10.3		4.0		426.5		793		25.0		83.0
load=80.0													
185432	41.5		10.3		4.0		428.6		797		25.0		80.0
load=77.0													
185940	41.3		10.4		4.0		428.6		799		25.0		77.0
load=74.0													
186448	41.5		10.4		4.0		430.1		800		25.0		74.0
load=71.0													
186956	41.5		10.4		4.0		430.4		800		25.0		71.0
load=74.0													
187464	41.8		10.4		4.0		433.5		800		25.0		74.0
load=77.0													
187972	41.8		10.4		4.0		433.2		800		25.0		77.0
load=80.0													
188480	41.8		10.4		4.0		433.5		800		25.0		80.0
load=80.0													
188988	41.5		10.4		4.0		430.1		800		25.0		80.0
load=83.0													
189496	41.6		10.4		4.0		432.3		800		25.0		83.0
load=84.0													
190004	41.5		10.4		4.0		429.8		800		25.0		84.0
load=86.2													
190512	41.6		10.4		4.0		431.7		800		25.0		86.2
load=87.1													
191020	41.3		10.4		4.0		428.9		800		25.0		87.1
load=88.4													
191528	41.8		10.4		4.0		433.2		800		25.0		88.4
load=89.6													
192036	41.5		10.4		4.0		430.1		800		25.0		89.6
load=91.5													
192544	41.6		10.4		4.0		432.0		800		25.0		91.5
load=93.2													
193052	41.6		10.4		4.0		432.0		800		25.0		93.2
load=94.6													
193560	41.8		10.4		4.0		433.5		800		25.0		94.6
load=95.0													
194068	41.6		10.4		4.0		431.4		800		25.0		95.0
load=95.0													
194576	41.5		10.4		4.0		430.8		800		25.0		95.0
load=95.0													
195084	41.8		10.4		4.0		433.8		800		25.0		95.0
load=95.0													
195592	41.6		10.4		4.0		432.0		800		25.0		95.0
load=95.0													
196100	41.6		10.4		4.0		431.7		800		25.0		95.0
load=95.0													
196608	41.3		10.4		4.0		428.9		800		25.0		95.0
load=95.0													
197116	41.8		10.4		4.0		433.2		800		25.0		95.0
load=95.0													
197624	41.6		10.4		4.0		431.7		800		25.0		95.0
load=95.0													
198132	41.8		10.4		4.0		433.5		800		25.0		95.0
load=95.0													
198640	41.8		10.4		4.0		432.9		800		25.0		95.0
load=95.0													
199148	41.8		10.4		4.0		433.2		800		25.0		95.0
load=95.0													
199656	41.8		10.4		4.0		433.5		800		25.0		95.0
load=95.0													
200164	41.6		10.4		4.0		432.0		800		25.0		95.0
load=95.0													
200672	41.6		10.4		4.0		431.7		800		25.0		95.0
load=95.0													
201180	41.6		10.4		4.0		431.7		800		25.0		95.0
load=95.0													
201688	41.6		10.4		4.0		431.4		800		25.0		95.0
load=95.0													
202196	41.6		10.4		4.0		431.4		800		25.0		95.0
load=95.0													
202704	41.6		10.4		4.0		432.0		800		25.0		95.0
load=95.0													
203212	41.8		10.4		4.0		433.5		800		25.0		95.0
load=95.0													
203720	41.6		10.4		4.0		431.7		800		25.0		95.0
load=95.0													
204228	41.5		10.4		4.0		429.8		800		25.0		95.0
load=95.0													
204736	41.6		10.4		4.0		432.0		800		25.0		95.0
load=95.0													
205244	41.8		10.4		4.0		432.9		800		25.0		95.0
load=95.0													
205752	41.6		10.4		4.0		432.0		800		25.0		95.0
load=95.0													
206260	41.6		10.4		4.0		431.7		800		25.0		95.0
load=95.0													
206768	41.8		10.4		4.0		433.2		800		25.0		95.0
load=95.0													
207276	41.5		10.4		4.0		430.1		800		25.0		95.0
load=95.0													
207784	41.6		10.4		4.0		432.0		800		25.0		95.0
load=95.0													
208292	41.5		10.4		4.0		430.4		800		25.0		95.0
load=95.0													
208800	42.1		10.4		4.1		436.5		800		25.0		95.0
load=95.0													
209308	41.5		10.4		4.0		430.4		800		25.0		95.0
load=95.0													
209816	41.9		10.4		4.0		435.0		800		25.0		95.0
load=95.0													
210324	41.9		10.4		4.0		435.0		800		25.0		95.0
load=95.0													
210832	41.6		10.4		4.0		432.0		800		25.0		95.0
load=95.0													
211340	41.9		10.4		4.0		435.0		800		25.0		95.0
load=95.0													
211848	41.8		10.4		4.0		433.5		800		25.0		95.0
load=95.0													
212356	41.6		10.4		4.0		431.7		800		25.0		95.0
load=95.0													
212864	41.8		10.4		4.0		433.5		800		25.0		95.0
load=95.0													
213372	41.9		10.4		4.0		434.7		800		25.0		95.0
load=95.0													
213880	41.8		10.4		4.0		433.2		800		25.0		95.0
load=95.0													
214388	41.9		10.4		4.0		434.7		800		25.0		95.0
load=95.0													
214896	41.9		10.4		4.0		434.7		800		25.0		95.0
load=95.0													
215404	41.5		10.4		4.0		430.1		800		25.0		95.0
load=95.0													
215912	41.6		10.4		4.0		432.0		800		25.0		95.0
load=95.0													
216420	41.6		10.4		4.0		432.0		800		25.0		95.0
load=95.0													
216928	41.8		10.4		4.0		433.8		800		25.0		95.0
load=95.0													
217436	41.8		10.4		4.0		433.8		800		25.0		95.0
load=95.0													
217944	41.8		10.4		4.0		433.2		800		25.0		95.0
load=95.0													
218452	41.8		10.4		4.0		433.2		800		25.0		95.0
load=95.0													
218960	41.6		10.4		4.0		432.3		800		25.0		95.0
load=95.0													
219468	41.8		10.4		4.0		433.8		800		25.0		95.0
load=95.0													
219976	41.8		10.4		4.0		433.5		800		25.0		95.0
load=95.0													
220484	41.9		10.4		4.0		435.0		800		25.0		95.0
load=95.0													
220992	41.8		10.4		4.0		432.9		799		25.0		95.0
load=95.0													
221500	42.1		10.4		4.1		435.6		799		25.0		95.0
load=95.0													
222008	41.6		10.2		4.1		424.0		784		25.0		95.0
load=95.0													
222516	41.8		10.0		4.2		417.3		770		25.0		95.0
load=95.0													
223024	41.6		9.8		4.2		408.5		756		25.0		95.0
load=92.0													
223532	41.8		9.6		4.3		402.0		741		25.0		92.0
load=89.0													
224040	41.8		9.4		4.4		393.7		727		25.0		89.0
load=86.0													
224548	41.8		9.2		4.5		385.5		712		25.0		86.0
load=83.0													
225056	41.9		9.0		4.6		378.8		696		25.0		83.0
load=86.0													
225564	41.6		8.8		4.7		367.3		681		25.0		86.0
load=83.0													
226072	41.8		8.6		4.8		360.7		667		25.0		83.0
load=80.0													
226580	41.9		8.5		5.0		354.6		652		25.0		80.0
load=83.0													
227088	41.8		8.3		5.0		345.7		638		25.0		83.0
load=86.0													
227596	41.8		8.1		5.2		338.0		624		25.0		86.0
load=89.0													
228104	41.8		7.9		5.3		328.6		607		25.0		89.0
load=92.0													
228612	41.8		7.7		5.4		321.5		593		25.0		92.0
load=89.0													
229120	41.9		7.5		5.6		315.0		579		25.0		89.0
load=92.0													
229628	41.6		7.3		5.7		304.8		564		25.0		92.0
load=89.0													
230136	41.8		7.1		5.9		297.4		549		25.0		89.0
load=86.0													
230644	41.9		6.9		6.0		291.0		535		25.0		86.0
load=83.0													
231152	41.9		6.8		6.2		283.4		520		25.0		83.0
load=80.0													
231660	41.9		6.6		6.4		274.8		504		25.0		80.0
load=83.0													
232168	41.6		6.4		6.6		264.3		490		25.0		83.0
load=80.0													
232676	41.9		6.2		6.8		258.5		476		25.0		80.0
load=77.0													
233184	41.9		6.0		7.0		252.0		462		25.0		77.0
load=74.0													
233692	41.9		5.8		7.2		243.4		447		25.0		74.0
load=77.0													
234200	41.8		5.6		7.4		234.3		432		25.0		77.0
load=80.0													
234708	41.8		5.4		7.7		226.7		417		25.0		80.0
load=83.0													
235216	41.8		5.2		8.0		217.8		402		25.0		83.0
load=86.0													
235724	41.6		5.0		8.3		209.7		388		25.0		86.0
load=89.0													
236232	41.6		4.8		8.6		201.8		373		25.0		89.0
load=92.0													
236740	41.6		4.7		8.9		195.4		362		25.0		92.0
load=89.0													
237248	41.8		4.7		8.9		196.1		361		25.0		89.0
load=86.0													
237756	42.1		4.5		9.3		189.2		346		25.0		86.0
load=89.0													
238264	41.5		4.3		9.6		178.3		331		25.0		89.0
load=92.0													
238772	41.6		4.1		10.1		171.3		316		25.0		92.0
load=95.0													
239280	41.6		4.1		10.3		168.9		312		25.0		95.0
load=95.0													
239788	41.5		4.0		10.3		166.8		309		25.0		95.0
load=95.0													
240296	41.5		4.0		10.4		164.9		306		25.0		95.0
load=92.0													
240804	41.6		3.9		10.6		163.4		302		25.0		92.0
load=89.4													
241312	41.9		3.9		10.7		163.6		300		25.0		89.4
load=92.4													
241820	41.6		3.9		10.7		162.2		300		25.0		92.4
load=89.4													
242328	41.8		3.9		10.7		162.8		300		25.0		89.4
load=88.9													
242836	42.1		3.9		10.8		163.9		300		25.0		88.9
load=91.9													
243344	41.8		3.9		10.7		162.8		300		25.0		91.9
load=94.9													
243852	41.8		3.9		10.7		162.8		300		25.0		94.9
load=95.0													
244360	41.8		3.9		10.7		163.1		300		25.0		95.0
load=95.0													
244868	41.8		3.9		10.7		162.8		300		25.0		95.0
load=95.0													
245376	41.9		3.9		10.8		163.3		300		25.0		95.0
load=95.0													
245884	41.6		3.9		10.7		162.2		300		25.0		95.0
load=94.4													
246392	41.8		3.9		10.7		162.4		300		25.0		94.4
load=94.9													
246900	41.5		3.9		10.6		161.6		300		25.0		94.9
load=95.0													
247408	41.8		3.9		10.7		162.8		300		25.0		95.0
load=95.0													
247916	41.8		3.9		10.7		162.8		300		25.0		95.0
load=95.0													
248424	41.8		3.9		10.7		163.1		300		25.0		95.0
load=95.0													
248932	41.8		3.9		10.7		163.4		300		25.0		95.0
load=95.0													
249440	41.6		3.9		10.7		162.2		300		25.0		95.0
load=95.0													
249948	41.9		3.9		10.7		163.6		300		25.0		95.0
load=95.0													
250456	41.9		3.9		10.7		164.2		300		25.0		95.0
load=95.0													
250964	41.9		3.9		10.7		163.6		300		25.0		95.0
load=95.0													
251472	41.9		3.9		10.7		163.6		300		25.0		95.0
load=95.0													
251980	41.9		3.9		10.7		163.6		300		25.0		95.0
load=95.0													
252488	41.9		3.9		10.8		163.3		300		25.0		95.0
load=95.0													
252996	41.9		3.9		10.7		163.6		300		25.0		95.0
load=95.0													
253504	41.9		3.9		10.8		163.3		300		25.0		95.0
load=95.0													
254012	41.6		3.9		10.7		162.5		300		25.0		95.0
load=95.0													
254520	41.8		3.9		10.7		162.4		300		25.0		95.0
load=95.0													
255028	41.9		3.9		10.8		163.3		300		25.0		95.0
load=95.0													
255536	41.8		3.9		10.7		162.8		300		25.0		95.0
load=95.0													
256044	41.6		3.9		10.7		161.9		300		25.0		95.0
load=95.0													
256552	41.8		3.9		10.7		163.1		300		25.0		95.0
load=95.0													
257060	41.5		3.9		10.6		161.6		300		25.0		95.0
load=95.0													
257568	41.6		3.9		10.7		161.9		300		25.0		95.0
load=95.0													
258076	41.9		3.9		10.8		163.3		300		25.0		95.0
load=95.0													
258584	41.5		3.9		10.6		161.6		300		25.0		95.0
load=95.0													
259092	41.6		3.9		10.7		162.5		300		25.0		95.0
load=95.0													
259600	41.9		3.9		10.8		163.3		300		25.0		95.0
load=95.0													
260108	41.8		3.9		10.7		162.8		300		25.0		95.0
load=95.0													
260616	41.9		3.9		10.8		163.3		300		25.0		95.0
load=95.0													
261124	41.8		3.9		10.7		163.1		300		25.0		95.0
load=95.0													
261632	41.8		3.9		10.7		162.8		300		25.0		95.0
load=95.0													
262140	41.9		3.9		10.7		163.6		300		25.0		95.0
load=95.0													
262648	41.6		3.9		10.7		162.5		300		25.0		95.0
load=95.0													
263156	41.9		3.9		10.8		163.0		300		25.0		95.0
load=95.0													
263664	41.9		3.9		10.8		163.3		300		25.0		95.0
load=95.0													
264172	41.8		3.9		10.7		162.4		300		25.0		95.0
load=95.0													
264680	41.8		3.9		10.7		163.1		300		25.0		95.0
load=95.0													
265188	41.8		3.9		10.7		162.4		300		25.0		95.0
load=95.0													
265696	41.9		3.9		10.8		163.0		300		25.0		95.0
load=94.7													
266204	41.8		3.9		10.7		163.1		300		25.0		94.7
load=95.0													
266712	41.9		3.9		10.8		163.3		300		25.0		95.0
load=95.0													
267220	41.8		3.9		10.7		163.1		300		25.0		95.0
load=95.0													
267728	41.6		3.9		10.7		162.5		300		25.0		95.0
load=95.0													
268236	41.8		3.9		10.7		163.1		300		25.0		95.0
load=95.0													
268744	41.8		3.9		10.7		163.1		300		25.0		95.0
load=95.0													
269252	41.9		3.9		10.8		163.3		300		25.0		95.0
load=95.0													
269760	41.6		3.9		10.7		161.6		300		25.0		95.0
load=95.0													
270268	41.9		3.9		10.8		163.0		300		25.0		95.0
load=95.0													
270776	41.9		3.9		10.7		163.6		300		25.0		95.0
load=95.0													
271284	42.1		3.9		10.8		164.2		300		25.0		95.0
load=95.0													
271792	41.6		3.9		10.7		162.5		300		25.0		95.0
load=95.0													
272300	41.9		3.9		10.8		163.3		300		25.0		95.0
load=95.0													
272808	41.6		3.9		10.7		162.5		300		25.0		95.0
load=94.7													
273316	41.8		3.9		10.7		163.4		300		25.0		94.7
load=95.0													
273824	41.6		3.9		10.7		162.2		300		25.0		95.0
load=95.0													
274332	41.9		3.9		10.7		163.9		300		25.0		95.0
load=95.0													
274840	41.8		3.9		10.7		162.4		300		25.0		95.0
load=95.0													
275348	41.8		3.9		10.7		162.4		300		25.0		95.0
load=95.0													
275856	41.6		3.9		10.7		162.2		300		25.0		95.0
load=95.0													
276364	41.5		3.9		10.6		161.6		300		25.0		95.0
load=95.0													
276872	41.8		3.9		10.7		163.1		300		25.0		95.0
load=95.0													
277380	41.6		3.9		10.7		162.2		300		25.0		95.0
load=95.0													
277888	41.8		3.9		10.7		162.8		300		25.0		95.0
load=95.0													
278396	41.6		3.9		10.7		162.5		300		25.0		95.0
load=95.0													
278904	41.6		3.9		10.7		162.2		300		25.0		95.0
load=95.0													
279412	41.9		3.9		10.8		163.0		300		25.0		95.0
load=95.0													
279920	41.6		3.9		10.7		162.5		300		25.0		95.0
load=95.0													
280428	41.8		3.9		10.7		162.8		300		25.0		95.0
load=95.0													
280936	41.5		3.9		10.6		161.6		300		25.0		95.0
load=95.0													
281444	41.9		3.9		10.7		164.2		301		25.0		95.0
load=93.0													
281952	41.5		4.0		10.3		167.1		311		25.0		93.0
load=90.0													
282460	41.5		4.2		9.8		175.6		326		25.0		90.0
load=93.0													
282968	41.8		4.4		9.5		184.5		340		25.0		93.0
load=95.0													
283476	41.8		4.6		9.1		192.4		354		25.0		95.0
load=95.0													
283984	41.8		4.8		8.7		200.4		369		25.0		95.0
load=92.0													
284492	41.6		5.0		8.4		206.7		383		25.0		92.0
load=95.0													
285000	41.8		5.2		8.1		216.0		398		25.0		95.0
load=92.0													
285508	41.6		5.4		7.7		223.5		414		25.0		92.0
load=95.0													
286016	41.8		5.6		7.5		231.9		428		25.0		95.0
load=92.0													
286524	41.5		5.7		7.2		238.2		443		25.0		92.0
load=95.0													
287032	41.9		5.9		7.1		248.4		457		25.0		95.0
load=92.0													
287540	41.6		6.1		6.8		254.9		472		25.0		92.0
load=89.0													
288048	41.6		6.3		6.6		262.5		486		25.0		89.0
load=92.0													
288556	41.8		6.5		6.4		272.0		502		25.0		92.0
load=89.0													
289064	41.6		6.7		6.2		278.9		516		25.0		89.0
load=92.0													
289572	41.8		6.9		6.1		287.9		531		25.0		92.0
load=95.0													
290080	41.8		7.1		5.9		295.8		546		25.0		95.0
load=95.0													
290588	41.8		7.3		5.7		303.8		560		25.0		95.0
load=92.0													
291096	41.6		7.5		5.6		310.6		575		25.0		92.0
load=89.0													
291604	41.5		7.6		5.4		317.1		590		25.0		89.0
load=92.0													
292112	41.8		7.9		5.3		327.9		605		25.0		92.0
load=95.0													
292620	41.8		8.0		5.2		335.3		619		25.0		95.0
load=92.0													
293128	41.6		8.2		5.1		342.3		634		25.0		92.0
load=95.0													
293636	41.8		8.4		5.0		351.2		648		25.0		95.0
load=92.0													
294144	41.6		8.6		4.8		358.2		663		25.0		92.0
load=89.0													
294652	41.6		8.8		4.7		365.5		678		25.0		89.0
load=92.0													
295160	41.8		9.0		4.6		375.1		693		25.0		92.0
load=89.0													
295668	41.6		9.2		4.5		382.6		708		25.0		89.0
load=92.0													
296176	41.8		9.4		4.5		391.0		722		25.0		92.0
load=89.0													
296684	41.6		9.6		4.4		397.5		737		25.0		89.0
load=86.0													
297192	41.5		9.7		4.3		403.7		751		25.0		86.0
load=83.0													
297700	41.5		9.9		4.2		411.9		766		25.0		83.0
load=86.0													
298208	41.8		10.1		4.1		423.4		782		25.0		86.0
load=83.0													
298716	41.5		10.2		4.1		422.2		785		25.0		83.0
load=86.0													
299224	41.6		10.2		4.1		425.3		788		25.0		86.0
load=83.0													
299732	41.5		10.3		4.0		426.2		792		25.0		83.0
load=86.0													
300240	41.6		10.3		4.0		429.5		796		25.0		86.0
load=89.0													
300748	41.6		10.4		4.0		431.7		800		25.0		89.0
load=86.0													
301256	41.5		10.4		4.0		431.4		802		25.0		86.0
load=89.0													
301764	41.8		10.4		4.0		433.8		801		25.0		89.0
load=92.0													
302272	41.8		10.4		4.0		433.8		800		25.0		92.0
load=92.0													
302780	41.5		10.4		4.0		430.4		800		25.0		92.0
load=94.6													
303288	41.8		10.4		4.0		433.8		800		25.0		94.6
load=95.0													
303796	41.8		10.4		4.0		433.2		800		25.0		95.0
load=95.0													
304304	41.9		10.4		4.0		435.0		800		25.0		95.0
load=95.0													
304812	41.8		10.4		4.0		432.9		800		25.0		95.0
load=95.0													
305320	41.8		10.4		4.0		432.6		800		25.0		95.0
load=95.0													
305828	41.6		10.4		4.0		432.0		800		25.0		95.0
load=95.0													
306336	41.6		10.4		4.0		432.0		800		25.0		95.0
load=95.0													
306844	41.8		10.4		4.0		433.8		800		25.0		95.0
load=95.0													
307352	41.8		10.4		4.0		433.2		800		25.0		95.0
load=95.0													
307860	41.6		10.4		4.0		431.4		800		25.0		95.0
load=95.0													
308368	41.6		10.4		4.0		432.3		800		25.0		95.0
load=95.0													
308876	41.6		10.4		4.0		431.7		800		25.0		95.0
load=95.0													
309384	41.5		10.4		4.0		430.4		800		25.0		95.0
load=95.0													
309892	41.6		10.4		4.0		432.0		800		25.0		95.0
load=95.0													
310400	41.8		10.4		4.0		432.9		800		25.0		95.0
load=95.0													
310908	41.9		10.4		4.0		434.4		800		25.0		95.0
load=95.0													
311416	41.5		10.4		4.0		429.8		800		25.0		95.0
load=95.0													
311924	41.6		10.4		4.0		432.0		800		25.0		95.0
load=95.0													
312432	41.5		10.4		4.0		430.4		800		25.0		95.0
load=95.0													
312940	41.8		10.4		4.0		433.5		800		25.0		95.0
load=95.0													
313448	41.6		10.4		4.0		431.7		800		25.0		95.0
load=95.0													
313956	41.8		10.4		4.0		433.5		800		25.0		95.0
load=95.0													
314464	41.8		10.4		4.0		433.2		800		25.0		95.0
load=95.0													
314972	41.8		10.4		4.0		433.5		800		25.0		95.0
load=95.0													
315480	41.5		10.4		4.0		429.8		800		25.0		95.0
load=95.0													
315988	41.6		10.4		4.0		431.4		800		25.0		95.0
load=95.0													
316496	41.6		10.4		4.0		431.7		800		25.0		95.0
load=95.0													
317004	41.6		10.4		4.0		431.7		800		25.0		95.0
load=95.0													
317512	41.6		10.4		4.0		432.0		800		25.0		95.0
load=95.0													
318020	41.3		10.4		4.0		428.6		800		25.0		95.0
load=95.0													
318528	41.6		10.4		4.0		431.4		800		25.0		95.0
load=95.0													
319036	41.8		10.4		4.0		433.5		800		25.0		95.0
load=95.0													
319544	41.3		10.4		4.0		428.9		800		25.0		95.0
load=95.0													
320052	41.6		10.4		4.0		431.7		800		25.0		95.0
load=95.0													
320560	41.5		10.4		4.0		429.8		800		25.0		95.0
load=95.0													
321068	41.6		10.4		4.0		431.7		800		25.0		95.0
load=95.0													
321576	41.3		10.4		4.0		428.9		800		25.0		95.0
load=95.0													
322084	41.5		10.4		4.0		430.1		800		25.0		95.0
load=95.0													
322592	41.3		10.4		4.0		428.6		800		25.0		95.0
load=95.0													
323100	41.6		10.4		4.0		431.4		800		25.0		95.0
load=95.0													
323608	41.6		10.4		4.0		432.0		800		25.0		95.0
load=95.0													
324116	41.6		10.4		4.0		431.7		800		25.0		95.0
load=95.0													
324624	41.3		10.4		4.0		429.2		800		25.0		95.0
load=95.0													
325132	41.6		10.4		4.0		431.7		800		25.0		95.0
load=95.0													
325640	41.5		10.4		4.0		430.1		800		25.0		95.0
load=95.0													
326148	41.9		10.4		4.0		434.7		800		25.0		95.0
load=95.0													
326656	41.6		10.4		4.0		431.1		800		25.0		95.0
load=95.0													
327164	41.5		10.4		4.0		429.8		800		25.0		95.0
load=95.0													
327672	41.5		10.4		4.0		429.8		800		25.0		95.0
load=95.0													
328180	41.5		10.4		4.0		430.1		800		25.0		95.0
load=95.0													
328688	41.3		10.4		4.0		428.6		800		25.0		95.0
load=95.0													
329196	41.8		10.4		4.0		433.2		800		25.0		95.0
load=95.0													
329704	41.6		10.4		4.0		431.7		800		25.0		95.0
load=95.0													
330212	41.5		10.4		4.0		430.4		800		25.0		95.0
load=95.0													
330720	41.6		10.4		4.0		432.0		800		25.0		95.0
load=95.0													
331228	41.5		10.4		4.0		430.1		800		25.0		95.0
load=95.0													
331736	41.3		10.4		4.0		428.9		800		25.0		95.0
load=95.0													
332244	41.6		10.4		4.0		431.7		800		25.0		95.0
load=95.0													
332752	41.8		10.4		4.0		432.9		800		25.0		95.0
load=95.0													
333260	41.8		10.4		4.0		432.9		800		25.0		95.0
load=95.0													
333768	41.6		10.4		4.0		431.7		800		25.0		95.0
load=95.0													
334276	41.5		10.4		4.0		429.8		800		25.0		95.0
load=95.0													
334784	41.3		10.4		4.0		428.3		800		25.0		95.0
load=95.0													
335292	41.3		10.4		4.0		428.9		800		25.0		95.0
load=95.0													
335800	41.3		10.4		4.0		428.6		800		25.0		95.0
load=95.0													
336308	41.3		10.4		4.0		428.6		800		25.0		95.0
load=95.0													
336816	41.3		10.4		4.0		428.6		800		25.0		95.0
load=95.0													
337324	41.5		10.4		4.0		430.1		800		25.0		95.0
load=95.0													
337832	41.5		10.4		4.0		430.1		800		25.0		95.0
load=95.0													
338340	41.6		10.4		4.0		431.7		800		25.0		95.0
load=95.0													
338848	41.3		10.4		4.0		428.6		800		25.0		95.0
load=95.0													
339356	41.8		10.4		4.0		433.5		800		25.0		95.0
load=95.0													
339864	41.6		10.4		4.0		431.7		800		25.0		95.0
load=95.0													
340372	41.5		10.4		4.0		430.1		800		25.0		95.0
load=95.0													
340880	41.6		10.4		4.0		432.0		800		25.0		95.0
load=95.0													
341388	41.6		10.4		4.0		432.3		800		25.0		95.0
load=95.0													
341896	41.9		10.4		4.0		435.0		800		25.0		95.0
load=95.0													
342404	41.5		10.4		4.0		430.1		800		25.0		95.0
load=95.0													
342912	41.2		10.4		4.0		426.8		800		25.0		95.0
load=95.0													
343420	41.6		10.4		4.0		431.7		800		25.0		95.0
load=95.0													
343928	41.9		10.4		4.0		434.4		800		25.0		95.0
load=95.0													
344436	41.6		10.4		4.0		431.4		800		25.0		95.0
load=95.0													
344944	41.5		10.4		4.0		429.8		800		25.0		95.0
load=95.0													
345452	41.3		10.4		4.0		428.9		800		25.0		95.0
load=95.0													
345960	41.8		10.4		4.0		433.5		800		25.0		95.0
load=95.0													
346468	41.6		10.4		4.0		431.4		800		25.0		95.0
load=95.0													
346976	41.9		10.4		4.0		434.7		800		25.0		95.0
load=95.0													
347484	41.3		10.4		4.0		428.6		800		25.0		95.0
load=95.0													
347992	41.3		10.4		4.0		428.3		800		25.0		95.0
load=95.0													
348500	41.6		10.4		4.0		431.7		800		25.0		95.0
load=95.0													
349008	41.8		10.4		4.0		433.5		800		25.0		95.0
load=95.0													
349516	41.9		10.4		4.0		434.7		800		25.0		95.0
load=95.0													
350024	41.3		10.4		4.0		428.6		800		25.0		95.0
load=95.0													
350532	41.3		10.4		4.0		428.3		800		25.0		95.0
load=95.0													
351040	41.5		10.4		4.0		430.4		800		25.0		95.0
load=95.0													
351548	41.6		10.4		4.0		432.0		800		25.0		95.0
load=95.0													
352056	41.6		10.4		4.0		432.0		800		25.0		95.0
load=95.0													
352564	41.3		10.4		4.0		428.6		800		26.0		95.0
load=95.0													
353072	41.3		10.4		4.0		428.6		800		26.0		95.0
load=95.0													
353580	40.0		10.4		3.8		417.0		800		39.0		95.0
load=95.0													
354088	38.7		10.5		3.7		404.7		800		50.0		95.0
load=95.0													
354596	38.1		10.5		3.6		399.4		800		53.0		95.0
load=95.0													
355104	37.8		10.5		3.6		396.3		800		55.0		95.0
load=95.0													
355612	37.4		10.5		3.6		391.7		800		57.0		95.0
load=95.0													
356120	37.7		10.5		3.6		395.0		800		58.0		95.0
load=95.0													
356628	37.7		10.5		3.6		395.9		800		59.0		95.0
load=95.0													
357136	37.5		10.5		3.6		394.1		800		60.0		95.0
load=95.0													
357644	37.1		10.5		3.5		388.6		800		60.0		95.0
load=95.0													
358152	37.1		10.5		3.5		388.9		800		60.0		95.0
load=95.0													
358660	37.2		10.5		3.5		390.7		800		60.0		95.0
load=95.0													
359168	37.4		10.5		3.6		392.5		800		60.0		95.0
load=95.0													
359676	37.4		10.5		3.6		392.2		800		60.0		95.0
load=95.0													
360184	36.9		10.5		3.5		387.4		800		60.0		95.0
load=95.0													
360692	36.9		10.5		3.5		387.9		800		60.0		95.0
load=95.0													
361200	37.1		10.5		3.5		389.2		800		60.0		95.0
load=95.0													
361708	37.7		10.5		3.6		395.9		800		60.0		95.0
load=95.0													
362216	37.2		10.5		3.5		390.4		800		60.0		95.0
load=95.0													
362724	37.1		10.5		3.5		388.9		800		60.0		95.0
load=95.0													
363232	37.1		10.5		3.5		389.2		800		60.0		95.0
load=95.0													
363740	37.4		10.5		3.6		392.8		800		60.0		95.0
load=95.0													
364248	37.4		10.5		3.6		392.5		800		60.0		95.0
load=95.0													
364756	37.4		10.5		3.6		392.0		800		60.0		95.0
load=95.0													
365264	36.9		10.5		3.5		387.9		800		60.0		95.0
load=95.0													
365772	36.9		10.5		3.5		388.2		800		60.0		95.0
load=95.0													
366280	37.1		10.5		3.5		389.4		800		60.0		95.0
load=95.0													
366788	37.5		10.5		3.6		394.1		800		60.0		95.0
load=95.0													
367296	37.5		10.5		3.6		394.1		800		60.0		95.0
load=95.0													
367804	36.9		10.5		3.5		387.6		800		60.0		95.0
load=95.0													
368312	37.2		10.5		3.5		391.0		800		60.0		95.0
load=95.0													
368820	37.1		10.5		3.5		389.4		800		60.0		95.0
load=95.0													
369328	37.5		10.5		3.6		394.3		800		60.0		95.0
load=95.0													
369836	37.2		10.5		3.5		391.0		800		60.0		95.0
load=95.0													
370344	37.1		10.5		3.5		388.9		800		60.0		95.0
load=95.0													
370852	37.1		10.5		3.5		388.9		800		60.0		95.0
load=95.0													
371360	37.2		10.5		3.5		390.7		800		60.0		95.0
load=95.0													
371868	37.5		10.5		3.6		393.8		800		60.0		95.0
load=95.0													
372376	37.4		10.5		3.6		392.5		800		60.0		95.0
load=95.0													
372884	37.1		10.5		3.5		388.9		800		60.0		95.0
load=95.0													
373392	37.1		10.5		3.5		389.2		800		60.0		95.0
load=95.0													
373900	37.2		10.5		3.5		390.7		800		60.0		95.0
load=95.0													
374408	37.5		10.5		3.6		393.8		800		60.0		95.0
load=95.0													
374916	37.4		10.5		3.6		392.5		800		60.0		95.0
load=95.0													
375424	36.9		10.5		3.5		387.4		800		60.0		95.0
load=95.0													
375932	36.9		10.5		3.5		387.4		800		60.0		95.0
load=95.0													
376440	37.4		10.5		3.6		392.2		800		60.0		95.0
load=95.0													
376948	37.5		10.5		3.6		394.3		800		60.0		95.0
load=95.0													
377456	37.4		10.5		3.6		392.2		800		60.0		95.0
load=95.0													
377964	36.9		10.5		3.5		387.4		800		60.0		95.0
load=95.0													
378472	37.1		10.5		3.5		389.2		800		60.0		95.0
load=95.0													
378980	37.2		10.5		3.5		390.7		800		60.0		95.0
load=95.0													
379488	37.4		10.5		3.6		392.5		800		60.0		95.0
load=95.0													
379996	37.1		10.5		3.5		389.4		800		60.0		95.0
load=95.0													
380504	37.1		10.5		3.5		388.9		800		60.0		95.0
load=95.0													
381012	36.8		10.5		3.5		386.1		800		60.0		95.0
load=95.0													
381520	37.4		10.5		3.6		392.5		800		60.0		95.0
load=95.0													
382028	37.4		10.5		3.6		392.2		800		60.0		95.0
load=95.0													
382536	37.2		10.5		3.5		391.2		800		60.0		95.0
load=95.0													
383044	37.1		10.5		3.5		388.9		800		60.0		95.0
load=95.0													
383552	36.9		10.5		3.5		387.6		800		60.0		95.0
load=95.0													
384060	37.4		10.5		3.6		392.2		800		60.0		95.0
load=95.0													
384568	37.4		10.5		3.6		392.5		800		60.0		95.0
load=95.0													
385076	37.2		10.5		3.5		390.7		800		60.0		95.0
load=95.0													
385584	37.1		10.5		3.5		389.4		800		60.0		95.0
load=95.0													
386092	37.2		10.5		3.5		390.2		800		60.0		95.0
load=95.0													
386600	37.2		10.5		3.5		391.0		800		60.0		95.0
load=95.0													
387108	37.7		10.5		3.6		395.9		800		60.0		95.0
load=95.0													
387616	37.4		10.5		3.6		392.2		800		60.0		95.0
load=95.0													
388124	36.9		10.5		3.5		387.6		800		60.0		95.0
load=95.0													
388632	36.9		10.5		3.5		387.4		800		60.0		95.0
load=95.0													
389140	37.2		10.5		3.5		390.7		800		60.0		95.0
load=95.0													
389648	37.5		10.5		3.6		393.8		800		60.0		95.0
load=95.0													
390156	37.2		10.5		3.5		391.0		800		60.0		95.0
load=95.0													
390664	36.9		10.5		3.5		387.4		800		60.0		95.0
load=95.0													
391172	37.2		10.5		3.5		390.2		800		60.0		95.0
load=95.0													
391680	37.4		10.5		3.6		392.5		800		60.0		95.0
load=95.0													
392188	37.4		10.5		3.6		392.8		800		60.0		95.0
load=95.0													
392696	37.2		10.5		3.5		391.0		800		60.0		95.0
load=95.0													
393204	36.6		10.5		3.5		384.3		800		60.0		95.0
load=95.0													
393712	37.1		10.5		3.5		389.4		800		60.0		95.0
load=95.0													
394220	37.2		10.5		3.5		390.7		800		60.0		95.0
load=95.0													
394728	37.5		10.5		3.6		393.8		800		60.0		95.0
load=95.0													
395236	37.2		10.5		3.5		390.7		800		60.0		95.0
load=95.0													
395744	36.9		10.5		3.5		387.9		800		60.0		95.0
load=95.0													
396252	37.1		10.5		3.5		389.2		800		60.0		95.0
load=95.0													
396760	37.4		10.5		3.6		392.2		800		60.0		95.0
load=95.0													
397268	37.4		10.5		3.6		392.5		800		60.0		95.0
load=95.0													
397776	37.2		10.5		3.5		391.0		800		60.0		95.0
load=95.0													
398284	36.9		10.5		3.5		387.6		800		60.0		95.0
load=95.0													
398792	36.9		10.5		3.5		387.6		800		60.0		95.0
load=95.0													
399300	37.2		10.5		3.5		391.0		800		60.0		95.0
load=95.0													
399808	37.4		10.5		3.6		392.8		800		60.0		95.0
load=95.0													
400316	37.1		10.5		3.5		388.9		800		60.0		95.0
load=95.0													
400824	37.2		10.5		3.5		390.7		800		59.0		95.0
load=95.0													
401332	38.4		10.5		3.7		401.9		800		50.0		95.0
load=95.0													
401840	40.1		10.4		3.9		418.5		800		38.0		95.0
load=95.0													
402348	40.6		10.4		3.9		422.8		800		35.0		95.0
load=95.0													
402856	40.6		10.4		3.9		422.2		800		32.0		95.0
load=95.0													
403364	41.0		10.4		4.0		425.9		800		29.0		95.0
load=95.0													
403872	41.3		10.4		4.0		428.3		800		26.0		95.0
load=95.0													
404380	41.8		10.4		4.0		433.8		800		25.0		95.0
load=95.0													
404888	41.8		10.4		4.0		433.2		800		25.0		95.0
load=95.0													
405396	41.6		10.4		4.0		431.7		800		25.0		95.0
load=95.0													
405904	41.3		10.4		4.0		428.3		800		25.0		95.0
load=95.0													
406412	41.5		10.4		4.0		430.1		800		25.0		95.0
load=95.0													
406920	41.8		10.4		4.0		433.5		800		25.0		95.0
load=95.0													
407428	41.9		10.4		4.0		435.0		800		25.0		95.0
load=95.0													
407936	41.6		10.4		4.0		431.4		800		25.0		95.0
load=95.0													
408444	41.3		10.4		4.0		428.3		800		25.0		95.0
load=95.0													
408952	41.0		10.4		4.0		425.3		800		25.0		95.0
load=95.0													
409460	41.8		10.4		4.0		433.8		800		25.0		95.0
load=95.0													
409968	41.8		10.4		4.0		433.8		800		25.0		95.0
load=95.0													
410476	41.5		10.4		4.0		430.1		800		25.0		95.0
load=95.0													
410984	41.2		10.4		4.0		426.8		800		25.0		95.0
load=95.0													
411492	41.2		10.4		4.0		427.1		800		25.0		95.0
load=95.0													
412000	41.8		10.4		4.0		433.2		800		25.0		95.0
load=95.0													
412508	41.6		10.4		4.0		432.0		800		25.0		95.0
load=95.0													
413016	41.5		10.4		4.0		430.4		800		25.0		95.0
load=95.0													
413524	41.3		10.4		4.0		428.0		800		25.0		95.0
load=95.0													
414032	41.6		10.4		4.0		431.4		800		25.0		95.0
load=95.0													
414540	41.6		10.4		4.0		432.0		800		25.0		95.0
load=95.0													
415048	41.6		10.4		4.0		432.3		800		25.0		95.0
load=95.0													
415556	41.5		10.4		4.0		430.1		800		25.0		95.0
load=95.0													
416064	41.3		10.4		4.0		428.3		800		25.0		95.0
load=95.0													
416572	41.5		10.4		4.0		430.1		800		25.0		95.0
load=95.0													
417080	41.6		10.4		4.0		432.0		800		25.0		95.0
load=95.0													
417588	41.8		10.4		4.0		433.5		800		25.0		95.0
load=95.0													
418096	41.5		10.4		4.0		430.1		800		25.0		95.0
load=95.0													
418604	41.3		10.4		4.0		428.6		800		25.0		95.0
load=95.0													
419112	41.2		10.4		4.0		427.1		800		25.0		95.0
load=95.0													
419620	41.8		10.4		4.0		433.2		800		25.0		95.0
load=95.0													
420128	41.5		10.4		4.0		430.8		800		25.0		95.0
load=95.0													
420636	41.6		10.4		4.0		431.7		800		25.0		95.0
load=95.0													
421144	41.2		10.4		4.0		427.1		800		25.0		95.0
load=95.0													
421652	41.5		10.4		4.0		430.1		800		25.0		95.0
load=95.0													
422160	41.6		10.4		4.0		432.3		800		25.0		95.0
load=95.0													
422668	41.8		10.4		4.0		433.8		800		25.0		95.0
load=95.0													
423176	41.3		10.4		4.0		428.6		800		25.0		95.0
load=95.0													
423684	41.2		10.4		4.0		427.1		800		25.0		95.0
load=95.0													
424192	41.6		10.4		4.0		431.7		800		25.0		95.0
load=95.0													
424700	41.5		10.4		4.0		430.1		800		25.0		95.0
load=95.0													
425208	41.8		10.4		4.0		433.5		800		25.0		95.0
load=95.0													
425716	41.6		10.4		4.0		431.7		800		25.0		95.0
load=95.0													
426224	41.5		10.4		4.0		429.8		800		25.0		95.0
load=95.0													
426732	41.5		10.4		4.0		430.1		800		25.0		95.0
load=95.0													
427240	41.9		10.4		4.0		435.0		800		25.0		95.0
load=95.0													
427748	41.8		10.4		4.0		433.5		800		25.0		95.0
load=95.0													
428256	41.5		10.4		4.0		430.1		800		25.0		95.0
load=95.0													
428764	41.5		10.4		4.0		430.1		800		25.0		95.0
load=95.0													
429272	41.5		10.4		4.0		430.1		800		25.0		95.0
load=95.0													
429780	41.8		10.4		4.0		433.2		800		25.0		95.0
load=95.0													
430288	41.9		10.4		4.0		434.7		800		25.0		95.0
load=95.0													
430796	41.8		10.4		4.0		433.5		800		25.0		95.0
load=95.0													
431304	41.5		10.4		4.0		429.5		800		25.0		95.0
load=95.0													
431812	41.5		10.4		4.0		430.4		800		25.0		95.0
load=95.0													
432320	41.5		10.4		4.0		430.4		800		25.0		95.0
load=95.0													
432828	41.8		10.4		4.0		433.2		800		25.0		95.0
load=95.0													
433336	41.5		10.4		4.0		430.4		800		25.0		95.0
load=95.0													
433844	41.5		10.4		4.0		429.8		800		25.0		95.0
load=95.0													
434352	41.5		10.4		4.0		430.1		800		25.0		95.0
load=95.0													
434860	41.8		10.4		4.0		433.8		800		25.0		95.0
load=95.0													
435368	41.9		10.4		4.0		435.3		800		25.0		95.0
load=95.0													
435876	41.5		10.4		4.0		429.8		800		25.0		95.0
load=95.0													
436384	41.5		10.4		4.0		430.1		800		25.0		95.0
load=95.0													
436892	41.5		10.4		4.0		429.5		800		25.0		95.0
load=95.0													
437400	41.8		10.4		4.0		433.5		800		25.0		95.0
load=95.0													
437908	41.6		10.4		4.0		432.0		800		25.0		95.0
load=95.0													
438416	41.6		10.4		4.0		431.7		800		25.0		95.0
load=95.0													
438924	41.3		10.4		4.0		428.0		800		25.0		95.0
load=95.0													
439432	41.6		10.4		4.0		431.4		800		25.0		95.0
load=95.0													
439940	41.6		10.4		4.0		432.0		800		25.0		95.0
load=95.0													
440448	41.6		10.4		4.0		432.0		800		25.0		95.0
load=95.0													
440956	41.3		10.4		4.0		428.0		800		25.0		95.0
load=95.0													
441464	41.3		10.4		4.0		428.3		800		25.0		95.0
load=95.0													
441972	41.5		10.4		4.0		430.1		800		25.0		95.0
load=95.0													
442480	41.8		10.4		4.0		433.2		800		25.0		95.0
load=95.0													
442988	41.9		10.4		4.0		435.0		800		25.0		95.0
load=95.0													
443496	41.5		10.4		4.0		429.8		800		25.0		95.0
load=95.0													
444004	41.5		10.4		4.0		429.8		800		25.0		95.0
load=95.0													
444512	41.5		10.4		4.0		429.5		800		25.0		95.0
load=95.0													
445020	41.8		10.4		4.0		433.2		800		25.0		95.0
load=95.0													
445528	41.5		10.4		4.0		430.8		800		25.0		95.0
load=95.0													
446036	41.5		10.4		4.0		430.4		800		25.0		95.0
load=95.0													
446544	41.5		10.4		4.0		429.5		800		25.0		95.0
load=95.0													
447052	41.5		10.4		4.0		430.1		800		25.0		95.0
load=95.0													
447560	41.6		10.4		4.0		432.0		800		25.0		95.0
load=95.0													
448068	41.6		10.4		4.0		431.7		800		25.0		95.0
load=95.0													
448576	41.5		10.4		4.0		429.8		800		25.0		95.0
load=95.0													
449084	41.0		10.4		4.0		425.6		800		25.0		95.0
load=95.0													
449592	41.5		10.4		4.0		429.8		800		25.0		95.0
load=95.0													
450100	41.8		10.4		4.0		433.5		800		25.0		95.0
load=95.0													
450608	41.9		10.4		4.0		435.0		800		25.0		95.0
load=95.0													
451116	41.5		10.4		4.0		430.1		800		25.0		95.0
load=95.0													
451624	41.2		10.4		4.0		427.1		800		25.0		95.0
load=95.0													
452132	41.5		10.4		4.0		430.1		800		25.0		95.0
load=95.0													
452640	41.6		10.4		4.0		432.3		800		25.0		95.0
load=95.0													
453148	41.6		10.4		4.0		431.7		800		25.0		95.0
load=95.0													
453656	41.6		10.4		4.0		431.4		800		25.0		95.0
load=95.0													
454164	41.2		10.4		4.0		427.1		800		25.0		95.0
load=95.0													
454672	41.5		10.4		4.0		430.4		800		25.0		95.0
load=95.0													
455180	41.6		10.4		4.0		432.0		800		25.0		95.0
load=95.0													
455688	41.8		10.4		4.0		433.5		800		25.0		95.0
load=95.0													
456196	41.5		10.4		4.0		430.1		800		25.0		95.0
load=95.0													
456704	41.3		10.4		4.0		428.6		800		25.0		95.0
load=95.0													
457212	41.6		10.4		4.0		431.4		800		25.0		95.0
load=95.0													
457720	41.6		10.4		4.0		432.0		800		25.0		95.0
load=95.0													
458228	41.6		10.4		4.0		432.3		800		25.0		95.0
load=95.0													
458736	41.6		10.4		4.0		432.0		800		25.0		95.0
load=95.0													
459244	41.3		10.4		4.0		428.6		800		25.0		95.0
load=95.0													
459752	41.2		10.4		4.0		426.8		800		25.0		95.0
load=95.0													
460260	41.8		10.4		4.0		433.2		800		25.0		95.0
load=95.0													
460768	41.9		10.4		4.0		435.0		800		25.0		95.0
load=95.0													
461276	41.5		10.4		4.0		430.1		800		25.0		95.0
load=95.0													
461784	41.2		10.4		4.0		426.8		800		25.0		95.0
load=95.0													
462292	41.3		10.4		4.0		428.6		800		25.0		95.0
load=95.0													
462800	41.8		10.4		4.0		433.2		800		25.0		95.0
load=95.0													
463308	41.9		10.4		4.0		434.7		800		25.0		95.0
load=95.0													
463816	41.5		10.4		4.0		429.8		800		25.0		95.0
load=95.0													
464324	41.0		10.4		4.0		424.7		800		25.0		95.0
load=95.0													
464832	41.8		10.4		4.0		433.2		800		25.0		95.0
load=95.0													
465340	41.6		10.4		4.0		432.3		800		25.0		95.0
load=95.0													
465848	41.6		10.4		4.0		432.0		800		25.0		95.0
load=95.0													
466356	41.5		10.4		4.0		429.8		800		25.0		95.0
load=95.0													
466864	41.0		10.4		4.0		425.0		800		25.0		95.0
load=95.0													
467372	41.3		10.4		4.0		428.6		800		25.0		95.0
load=95.0													
467880	41.8		10.4		4.0		433.5		800		25.0		95.0
load=95.0													
468388	41.6		10.4		4.0		432.0		800		25.0		95.0
load=95.0													
468896	41.5		10.4		4.0		430.1		800		25.0		95.0
load=95.0													
469404	41.3		10.4		4.0		428.6		800		25.0		95.0
load=95.0													
469912	41.5		10.4		4.0		430.1		800		25.0		95.0
load=95.0													
470420	41.6		10.4		4.0		432.3		800		25.0		95.0
load=95.0													
470928	41.6		10.4		4.0		431.7		800		25.0		95.0
load=95.0													
471436	41.5		10.4		4.0		429.8		800		25.0		95.0
load=95.0													
471944	41.5		10.4		4.0		429.8		800		25.0		95.0
load=95.0													
472452	41.6		10.4		4.0		431.7		800		25.0		95.0
load=95.0													
472960	41.9		10.4		4.0		435.3		800		25.0		95.0
load=95.0													
473468	41.3		10.4		4.0		429.2		800		25.0		95.0
load=95.0													
473976	41.5		10.4		4.0		429.8		800		25.0		95.0
load=95.0													
474484	41.5		10.4		4.0		430.1		800		25.0		95.0
load=95.0													
474992	41.2		10.4		4.0		427.4		800		25.0		95.0
load=95.0													
475500	41.6		10.4		4.0		432.6		800		25.0		95.0
load=95.0													
476008	41.6		10.4		4.0		432.0		800		25.0		95.0
load=95.0													
476516	41.3		10.4		4.0		428.6		800		25.0		95.0
load=95.0													
477024	41.5		10.4		4.0		430.1		800		25.0		95.0
load=95.0													
477532	41.6		10.4		4.0		431.7		800		25.0		95.0
load=95.0													
478040	41.9		10.4		4.0		434.7		800		25.0		95.0
load=95.0													
478548	41.6		10.4		4.0		432.0		800		25.0		95.0
load=95.0													
479056	41.3		10.4		4.0		428.0		800		25.0		95.0
load=95.0													
479564	41.2		10.4		4.0		427.1		800		25.0		95.0
load=95.0													
480072	41.6		10.4		4.0		431.4		800		25.0		95.0
