tiempo[ms]V_Panel[V]	I_Panel[A]	R_Carga[Ohms]	P_Panel[W]	G[W/m2]	T[°C]	Load[%]
load=50.83
536	41.3		10.4		4.0		428.3		800		25.0		50.8
load=51.03
2037	41.3		10.4		4.0		428.3		800		25.0		51.0
load=51.23
2546	41.3		10.4		4.0		428.3		800		25.0		51.2
load=51.43
3055	41.3		10.4		4.0		428.3		800		25.0		51.4
load=51.63
3564	41.3		10.4		4.0		428.3		800		25.0		51.6
load=51.83
4073	41.3		10.4		4.0		428.3		800		25.0		51.8
load=52.03
4582	41.3		10.4		4.0		428.3		800		25.0		52.0
load=52.23
5091	41.3		10.4		4.0		428.3		800		25.0		52.2
load=52.43
5600	41.3		10.4		4.0		428.3		800		25.0		52.4
load=52.63
6109	41.3		10.4		4.0		428.3		800		25.0		52.6
load=52.83
6618	41.3		10.4		4.0		428.3		800		25.0		52.8
load=53.03
7127	41.3		10.4		4.0		428.3		800		25.0		53.0
load=53.23
7636	41.3		10.4		4.0		428.3		800		25.0		53.2
load=53.43
8145	41.3		10.4		4.0		428.3		800		25.0		53.4
load=53.63
8654	41.3		10.4		4.0		428.3		800		25.0		53.6
load=53.83
9163	41.3		10.4		4.0		428.3		800		25.0		53.8
load=54.03
9672	41.3		10.4		4.0		428.3		800		25.0		54.0
load=54.23
10181	41.3		10.4		4.0		428.3		800		25.0		54.2
load=54.43
10690	41.3		10.4		4.0		428.3		800		25.0		54.4
load=54.63
11199	41.3		10.4		4.0		428.3		800		25.0		54.6
load=54.83
11708	41.3		10.4		4.0		428.3		800		25.0		54.8
load=55.03
12217	41.3		10.4		4.0		428.3		800		25.0		55.0
load=55.23
12726	41.3		10.4		4.0		428.3		800		25.0		55.2
load=55.43
13235	41.3		10.4		4.0		428.3		800		25.0		55.4
load=55.63
13744	41.3		10.4		4.0		428.3		800		25.0		55.6
load=55.83
14253	41.3		10.4		4.0		428.3		800		25.0		55.8
load=56.03
14762	41.3		10.4		4.0		428.3		800		25.0		56.0
load=56.23
15271	41.3		10.4		4.0		428.3		800		25.0		56.2
load=56.43
15780	41.3		10.4		4.0		428.3		800		25.0		56.4
load=56.63
16289	41.3		10.4		4.0		428.3		800		25.0		56.6
load=56.83
16798	41.3		10.4		4.0		428.3		800		25.0		56.8
load=57.03
17307	41.3		10.4		4.0		428.3		800		25.0		57.0
load=57.23
17816	41.3		10.4		4.0		428.3		800		25.0		57.2
load=57.43
18325	41.3		10.4		4.0		428.3		800		25.0		57.4
load=57.63
18834	41.3		10.4		4.0		428.3		800		25.0		57.6
load=57.83
19343	41.3		10.4		4.0		428.3		800		25.0		57.8
load=58.03
19852	41.3		10.4		4.0		428.3		800		25.0		58.0
load=58.23
20361	41.3		10.4		4.0		428.3		800		25.0		58.2
load=58.43
20870	41.3		10.4		4.0		428.3		800		25.0		58.4
load=58.63
21379	41.3		10.4		4.0		428.3		800		25.0		58.6
load=58.83
21888	41.3		10.4		4.0		428.3		800		25.0		58.8
load=59.03
22397	41.3		10.4		4.0		428.3		800		25.0		59.0
load=59.23
22906	41.3		10.4		4.0		428.3		800		25.0		59.2
load=59.43
23415	41.3		10.4		4.0		428.3		800		25.0		59.4
load=59.63
23924	41.3		10.4		4.0		428.3		800		25.0		59.6
load=59.83
24433	41.3		10.4		4.0		428.3		800		25.0		59.8
load=60.03
24942	41.3		10.4		4.0		428.3		800		25.0		60.0
load=60.23
25451	41.3		10.4		4.0		428.3		800		25.0		60.2
load=60.43
25960	41.3		10.4		4.0		428.3		800		25.0		60.4
load=60.63
26469	41.3		10.4		4.0		428.3		800		25.0		60.6
load=60.83
26978	41.3		10.4		4.0		428.3		800		25.0		60.8
load=61.03
27487	41.3		10.4		4.0		428.3		800		25.0		61.0
load=61.23
27996	41.3		10.4		4.0		428.3		800		25.0		61.2
load=61.43
28505	41.3		10.4		4.0		428.3		800		25.0		61.4
load=61.63
29014	41.3		10.4		4.0		428.3		800		25.0		61.6
load=61.83
29523	41.3		10.4		4.0		428.3		800		25.0		61.8
load=62.03
30032	41.3		10.4		4.0		428.3		800		25.0		62.0
load=62.23
30541	41.3		10.4		4.0		428.3		800		25.0		62.2
load=62.43
31050	41.3		10.4		4.0		428.3		800		25.0		62.4
load=62.63
31559	41.3		10.4		4.0		428.3		800		25.0		62.6
load=62.83
32068	41.3		10.4		4.0		428.3		800		25.0		62.8
load=63.03
32577	41.3		10.4		4.0		428.3		800		25.0		63.0
load=63.23
33086	41.3		10.4		4.0		428.3		800		25.0		63.2
load=63.43
33595	41.3		10.4		4.0		428.3		800		25.0		63.4
load=63.63
34104	41.3		10.4		4.0		428.3		800		25.0		63.6
load=63.83
34613	41.3		10.4		4.0		428.3		800		25.0		63.8
load=64.03
35122	41.3		10.4		4.0		428.3		800		25.0		64.0
load=64.23
35631	41.3		10.4		4.0		428.3		800		25.0		64.2
load=64.43
36140	41.3		10.4		4.0		428.3		800		25.0		64.4
load=64.63
36649	41.3		10.4		4.0		428.3		800		25.0		64.6
load=64.83
37158	41.3		10.4		4.0		428.3		800		25.0		64.8
load=65.03
37667	41.3		10.4		4.0		428.3		800		25.0		65.0
load=65.23
38176	41.3		10.4		4.0		428.3		800		25.0		65.2
load=65.43
38685	41.3		10.4		4.0		428.3		800		25.0		65.4
load=65.63
39194	41.3		10.4		4.0		428.3		800		25.0		65.6
load=65.83
39703	41.3		10.4		4.0		428.3		800		25.0		65.8
load=66.03
40212	41.3		10.4		4.0		428.3		800		25.0		66.0
load=66.23
40721	41.3		10.4		4.0		428.3		800		25.0		66.2
load=66.43
41230	41.3		10.4		4.0		428.3		800		25.0		66.4
load=66.63
41739	41.3		10.4		4.0		428.3		800		25.0		66.6
load=66.83
42248	41.3		10.4		4.0		428.3		800		25.0		66.8
load=67.03
42757	41.3		10.4		4.0		428.3		800		25.0		67.0
load=67.23
43266	41.3		10.4		4.0		428.3		800		25.0		67.2
load=67.43
43775	41.3		10.4		4.0		428.3		800		25.0		67.4
load=67.63
44284	41.3		10.4		4.0		428.3		800		25.0		67.6
load=67.83
44793	41.3		10.4		4.0		428.3		800		25.0		67.8
load=68.03
45302	41.3		10.4		4.0		428.3		800		25.0		68.0
load=68.23
45811	41.3		10.4		4.0		428.3		800		25.0		68.2
load=68.43
46320	41.3		10.4		4.0		428.3		800		25.0		68.4
load=68.63
46829	41.3		10.4		4.0		428.3		800		25.0		68.6
load=68.83
47338	41.3		10.4		4.0		428.3		800		25.0		68.8
load=69.03
47847	41.3		10.4		4.0		428.3		800		25.0		69.0
load=69.23
48356	41.3		10.4		4.0		428.3		800		25.0		69.2
load=69.43
48865	41.3		10.4		4.0		428.3		800		25.0		69.4
load=69.63
49374	41.3		10.4		4.0		428.3		800		25.0		69.6
load=69.83
49883	41.3		10.4		4.0		428.3		800		25.0		69.8
load=70.03
50392	41.3		10.4		4.0		428.3		800		25.0		70.0
load=70.23
50901	41.3		10.4		4.0		428.3		800		25.0		70.2
load=70.43
51410	41.3		10.4		4.0		428.3		800		25.0		70.4
load=70.63
51919	41.3		10.4		4.0		428.3		800		25.0		70.6
load=70.83
52428	41.3		10.4		4.0		428.3		800		25.0		70.8
load=71.03
52937	41.3		10.4		4.0		428.3		800		25.0		71.0
load=71.23
53446	41.3		10.4		4.0		428.3		800		25.0		71.2
load=71.43
53955	41.3		10.4		4.0		428.3		800		25.0		71.4
load=71.63
54464	41.3		10.4		4.0		428.3		800		25.0		71.6
load=71.83
54973	41.3		10.4		4.0		428.3		800		25.0		71.8
load=72.03
55482	41.3		10.4		4.0		428.3		800		25.0		72.0
load=72.23
55991	41.3		10.4		4.0		428.3		800		25.0		72.2
load=72.43
56500	41.3		10.4		4.0		428.3		800		25.0		72.4
load=72.63
57009	41.3		10.4		4.0		428.3		800		25.0		72.6
load=72.83
57518	41.3		10.4		4.0		428.3		800		25.0		72.8
load=73.03
58027	41.3		10.4		4.0		428.3		800		25.0		73.0
load=73.23
58536	41.3		10.4		4.0		428.3		800		25.0		73.2
load=73.43
59045	41.3		10.4		4.0		428.3		800		25.0		73.4
load=73.63
59554	41.3		10.4		4.0		428.3		800		25.0		73.6
load=73.83
60063	41.3		10.4		4.0		428.3		800		25.0		73.8
load=74.03
60572	41.3		10.4		4.0		428.3		800		25.0		74.0
load=74.23
61081	41.3		10.4		4.0		428.3		800		25.0		74.2
load=74.43
61590	41.3		10.4		4.0		428.3		800		25.0		74.4
load=74.63
62099	41.3		10.4		4.0		428.3		800		25.0		74.6
load=74.83
62608	41.3		10.4		4.0		428.3		800		25.0		74.8
load=75.03
63117	41.3		10.4		4.0		428.3		800		25.0		75.0
load=75.23
63626	41.3		10.4		4.0		428.3		800		25.0		75.2
load=75.43
64135	41.3		10.4		4.0		428.3		800		25.0		75.4
load=75.63
64644	41.3		10.4		4.0		428.3		800		25.0		75.6
load=75.83
65153	41.3		10.4		4.0		428.3		800		25.0		75.8
load=76.03
65662	41.3		10.4		4.0		428.3		800		25.0		76.0
load=76.23
66171	41.3		10.4		4.0		428.3		800		25.0		76.2
load=76.43
66680	41.3		10.4		4.0		428.3		800		25.0		76.4
load=76.63
67189	41.3		10.4		4.0		428.3		800		25.0		76.6
load=76.83
67698	41.3		10.4		4.0		428.3		800		25.0		76.8
load=77.03
68207	41.3		10.4		4.0		428.3		800		25.0		77.0
load=77.23
68716	41.3		10.4		4.0		428.3		800		25.0		77.2
load=77.43
69225	41.3		10.4		4.0		428.3		800		25.0		77.4
load=77.63
69734	41.3		10.4		4.0		428.3		800		25.0		77.6
load=77.83
70243	41.3		10.4		4.0		428.3		800		25.0		77.8
load=78.03
70752	41.3		10.4		4.0		428.3		800		25.0		78.0
load=78.23
71261	41.3		10.4		4.0		428.3		800		25.0		78.2
load=78.43
71770	41.3		10.4		4.0		428.3		800		25.0		78.4
load=78.63
72279	41.3		10.4		4.0		428.3		800		25.0		78.6
load=78.83
72788	41.3		10.4		4.0		428.3		800		25.0		78.8
load=79.03
73297	41.3		10.4		4.0		428.3		800		25.0		79.0
load=79.23
73806	41.3		10.4		4.0		428.3		800		25.0		79.2
load=79.43
74315	41.3		10.4		4.0		428.3		800		25.0		79.4
load=79.63
74824	41.3		10.4		4.0		428.3		800		25.0		79.6
load=79.83
75333	41.3		10.4		4.0		428.3		800		25.0		79.8
load=80.03
75842	41.3		10.4		4.0		428.3		800		25.0		80.0
load=80.23
76351	41.3		10.4		4.0		428.3		800		25.0		80.2
load=80.43
76860	41.3		10.4		4.0		428.3		800		25.0		80.4
load=80.63
77369	41.3		10.4		4.0		428.3		800		25.0		80.6
load=80.83
77878	41.3		10.4		4.0		428.3		800		25.0		80.8
load=81.03
78387	41.3		10.4		4.0		428.3		800		25.0		81.0
load=81.23
78896	41.3		10.4		4.0		428.3		800		25.0		81.2
load=81.43
79405	41.3		10.4		4.0		428.3		800		25.0		81.4
load=81.63
79914	41.3		10.4		4.0		428.3		800		25.0		81.6
load=81.83
80423	41.3		10.4		4.0		428.3		800		25.0		81.8
load=82.03
80932	41.3		10.4		4.0		428.3		800		25.0		82.0
load=82.23
81441	41.3		10.4		4.0		428.3		800		25.0		82.2
load=82.43
81950	41.3		10.4		4.0		428.3		800		25.0		82.4
load=82.63
82459	41.3		10.4		4.0		428.3		800		25.0		82.6
load=82.83
82968	41.3		10.4		4.0		428.3		800		25.0		82.8
load=83.03
83477	41.3		10.4		4.0		428.3		800		25.0		83.0
load=83.23
83986	41.3		10.4		4.0		428.3		800		25.0		83.2
load=83.43
84495	41.3		10.4		4.0		428.3		800		25.0		83.4
load=83.63
85004	41.3		10.4		4.0		428.3		800		25.0		83.6
load=83.83
85513	41.3		10.4		4.0		428.3		800		25.0		83.8
load=84.03
86022	41.3		10.4		4.0		428.3		800		25.0		84.0
load=84.23
86531	41.3		10.4		4.0		428.3		800		25.0		84.2
load=84.43
87040	41.3		10.4		4.0		428.3		800		25.0		84.4
load=84.63
87549	41.3		10.4		4.0		428.3		800		25.0		84.6
load=84.83
88058	41.3		10.4		4.0		428.3		800		25.0		84.8
load=85.03
88567	41.3		10.4		4.0		428.3		800		25.0		85.0
load=85.23
89076	41.3		10.4		4.0		428.3		800		25.0		85.2
load=85.43
89585	41.3		10.4		4.0		428.3		800		25.0		85.4
load=85.63
90094	41.3		10.4		4.0		428.3		800		25.0		85.6
load=85.83
90603	41.3		10.4		4.0		428.3		800		25.0		85.8
load=86.03
91112	41.3		10.4		4.0		428.3		800		25.0		86.0
load=86.23
91621	41.3		10.4		4.0		428.3		800		25.0		86.2
load=86.43
92130	41.3		10.4		4.0		428.3		800		25.0		86.4
load=86.63
92639	41.3		10.4		4.0		428.3		800		25.0		86.6
load=86.83
93148	41.3		10.4		4.0		428.3		800		25.0		86.8
load=87.03
93657	41.3		10.4		4.0		428.3		800		25.0		87.0
load=87.23
94166	41.3		10.4		4.0		428.3		800		25.0		87.2
load=87.43
94675	41.3		10.4		4.0		428.3		800		25.0		87.4
load=87.63
95184	41.3		10.4		4.0		428.3		800		25.0		87.6
load=87.83
95693	41.3		10.4		4.0		428.3		800		25.0		87.8
load=88.03
96202	41.3		10.4		4.0		428.3		800		25.0		88.0
load=88.23
96711	41.3		10.4		4.0		428.3		800		25.0		88.2
load=88.43
97220	41.3		10.4		4.0		428.3		800		25.0		88.4
load=88.63
97729	41.3		10.4		4.0		428.3		800		25.0		88.6
load=88.83
98238	41.3		10.4		4.0		428.3		800		25.0		88.8
load=89.03
98747	41.3		10.4		4.0		428.3		800		25.0		89.0
load=89.23
99256	41.3		10.4		4.0		428.3		800		25.0		89.2
load=89.43
99765	41.3		10.4		4.0		428.3		800		25.0		89.4
load=89.63
100274	41.3		10.4		4.0		428.3		800		25.0		89.6
load=89.83
100783	41.3		10.4		4.0		428.3		800		25.0		89.8
load=90.03
101292	41.3		10.4		4.0		428.3		800		25.0		90.0
load=90.23
101801	41.3		10.4		4.0		428.3		800		25.0		90.2
load=90.43
102310	41.3		10.4		4.0		428.3		800		25.0		90.4
load=90.63
102819	41.3		10.4		4.0		428.3		800		25.0		90.6
load=90.83
103328	41.3		10.4		4.0		428.3		800		25.0		90.8
load=91.03
103837	41.3		10.4		4.0		428.3		800		25.0		91.0
load=91.23
104346	41.3		10.4		4.0		428.3		800		25.0		91.2
load=91.43
104855	41.3		10.4		4.0		428.3		800		25.0		91.4
load=91.63
105364	41.3		10.4		4.0		428.3		800		25.0		91.6
load=91.83
105873	41.3		10.4		4.0		428.3		800		25.0		91.8
load=92.03
106382	41.3		10.4		4.0		428.3		800		25.0		92.0
load=92.23
106891	41.3		10.4		4.0		428.3		800		25.0		92.2
load=92.43
107400	41.3		10.4		4.0		428.3		800		25.0		92.4
load=92.63
107909	41.3		10.4		4.0		428.3		800		25.0		92.6
load=92.83
108418	41.3		10.4		4.0		428.3		800		25.0		92.8
load=93.03
108927	41.3		10.4		4.0		428.3		800		25.0		93.0
load=93.23
109436	41.3		10.4		4.0		428.3		800		25.0		93.2
load=93.43
109945	41.3		10.4		4.0		428.3		800		25.0		93.4
load=93.63
110454	41.3		10.4		4.0		428.3		800		25.0		93.6
load=93.83
110963	41.3		10.4		4.0		428.3		800		25.0		93.8
load=94.03
111472	41.3		10.4		4.0		428.3		800		25.0		94.0
load=94.23
111981	41.3		10.4		4.0		428.3		800		25.0		94.2
load=94.43
112490	41.3		10.4		4.0		428.3		800		25.0		94.4
load=94.63
112999	41.3		10.4		4.0		428.3		800		25.0		94.6
load=94.83
113508	41.3		10.4		4.0		428.3		800		25.0		94.8
load=95.03
114017	41.3		10.4		4.0		428.3		800		25.0		95.0
load=95.23
114526	41.3		10.4		4.0		428.3		800		25.0		95.2
load=95.43
115035	41.3		10.4		4.0		428.3		800		25.0		95.4
load=95.63
115544	41.3		10.4		4.0		428.3		800		25.0		95.6
load=95.83
116053	41.3		10.4		4.0		428.3		800		25.0		95.8
load=96.03
116562	41.3		10.4		4.0		428.3		800		25.0		96.0
load=96.23
117071	41.3		10.4		4.0		428.3		800		25.0		96.2
load=96.43
117580	41.3		10.4		4.0		428.3		800		25.0		96.4
load=96.63
118089	41.3		10.4		4.0		428.3		800		25.0		96.6
load=96.83
118598	41.3		10.4		4.0		428.3		800		25.0		96.8
load=97.03
119107	41.3		10.4		4.0		428.3		800		25.0		97.0
load=97.23
119616	41.3		10.4		4.0		428.3		800		25.0		97.2
load=97.43
120125	41.3		10.4		4.0		428.3		800		25.0		97.4
load=97.63
120634	41.3		10.4		4.0		428.3		800		25.0		97.6
load=97.83
121143	41.3		10.4		4.0		428.3		800		25.0		97.8
load=98.03
121652	41.3		10.4		4.0		428.3		800		25.0		98.0
load=97.83
122161	41.3		10.4		4.0		428.0		799		25.0		97.8
load=97.63
122670	41.3		10.4		4.0		428.0		799		25.0		97.6
load=97.83
123179	41.3		10.2		4.1		420.5		785		25.0		97.8
load=97.63
123688	41.3		10.0		4.1		412.9		771		25.0		97.6
load=97.83
124197	41.3		9.8		4.2		404.7		756		25.0		97.8
load=97.63
124706	41.3		9.6		4.3		396.2		740		25.0		97.6
load=97.83
125215	41.3		9.4		4.4		388.7		726		25.0		97.8
load=97.63
125724	41.3		9.2		4.5		380.8		711		25.0		97.6
load=97.83
126233	41.3		9.0		4.6		373.2		697		25.0		97.8
load=97.63
126742	41.3		8.8		4.7		365.7		683		25.0		97.6
load=97.83
127251	41.3		8.6		4.8		356.6		666		25.0		97.8
load=97.63
127760	41.3		8.4		4.9		349.0		652		25.0		97.6
load=97.83
128269	41.3		8.3		5.0		341.7		638		25.0		97.8
load=97.63
128778	41.3		8.1		5.1		333.6		623		25.0		97.6
load=97.83
129287	41.3		7.9		5.2		326.0		609		25.0		97.8
load=97.63
129796	41.3		7.7		5.4		318.1		594		25.0		97.6
load=97.83
130305	41.3		7.5		5.5		309.7		578		25.0		97.8
load=97.63
130814	41.3		7.3		5.7		301.5		563		25.0		97.6
load=97.83
131323	41.3		7.1		5.8		293.9		549		25.0		97.8
load=97.63
131832	41.3		6.9		6.0		286.4		535		25.0		97.6
load=97.83
132341	41.3		6.7		6.1		278.5		520		25.0		97.8
load=97.63
132850	41.3		6.6		6.3		270.7		504		25.0		97.6
load=97.83
133359	41.3		6.3		6.5		261.8		489		25.0		97.8
load=97.63
133868	41.3		6.2		6.7		254.3		475		25.0		97.6
load=97.83
134377	41.3		6.0		6.9		246.4		460		25.0		97.8
load=97.63
134886	41.3		5.8		7.1		238.8		446		25.0		97.6
load=97.83
135395	41.3		5.6		7.4		231.3		432		25.0		97.8
load=97.63
135904	41.3		5.4		7.7		222.8		416		25.0		97.6
load=97.83
136413	41.3		5.2		8.0		214.6		401		25.0		97.8
load=97.63
136922	41.3		5.2		8.0		213.7		399		25.0		97.6
load=97.43
137431	41.3		5.2		8.0		214.3		400		25.0		97.4
load=97.23
137940	41.3		5.2		8.0		214.3		400		25.0		97.2
load=97.03
138449	41.3		5.2		8.0		214.3		400		25.0		97.0
load=96.83
138958	41.3		5.2		8.0		214.3		400		25.0		96.8
load=96.63
139467	41.3		5.2		8.0		214.3		400		25.0		96.6
load=96.43
139976	41.3		5.2		8.0		214.3		400		25.0		96.4
load=96.23
140485	41.3		5.2		8.0		214.3		400		25.0		96.2
load=96.03
140994	41.3		5.2		8.0		214.3		400		25.0		96.0
load=95.83
141503	41.3		5.2		8.0		214.3		400		25.0		95.8
load=95.63
142012	41.3		5.2		8.0		214.3		400		25.0		95.6
load=95.43
142521	41.3		5.2		8.0		214.3		400		25.0		95.4
load=95.23
143030	41.3		5.2		8.0		214.3		400		25.0		95.2
load=95.03
143539	41.3		5.2		8.0		214.3		400		25.0		95.0
load=94.83
144048	41.3		5.2		8.0		214.3		400		25.0		94.8
load=94.63
144557	41.3		5.2		8.0		214.3		400		25.0		94.6
load=94.43
145066	41.3		5.2		8.0		214.3		400		25.0		94.4
load=94.23
145575	41.3		5.2		8.0		214.3		400		25.0		94.2
load=94.03
146084	41.3		5.2		8.0		214.3		400		25.0		94.0
load=93.83
146593	41.3		5.2		8.0		214.3		400		25.0		93.8
load=93.63
147102	41.3		5.2		8.0		214.3		400		25.0		93.6
load=93.43
147611	41.3		5.2		8.0		214.3		400		25.0		93.4
load=93.23
148120	41.3		5.2		8.0		214.3		400		25.0		93.2
load=93.03
148629	41.3		5.2		8.0		214.3		400		25.0		93.0
load=92.83
149138	41.3		5.2		8.0		214.3		400		25.0		92.8
load=92.63
149647	41.3		5.2		8.0		214.3		400		25.0		92.6
load=92.43
150156	41.3		5.2		8.0		214.3		400		25.0		92.4
load=92.23
150665	41.3		5.2		8.0		214.3		400		25.0		92.2
load=92.03
151174	41.3		5.2		8.0		214.3		400		25.0		92.0
load=91.83
151683	41.3		5.2		8.0		214.3		400		25.0		91.8
load=91.63
152192	41.3		5.2		8.0		214.3		400		25.0		91.6
load=91.43
152701	41.3		5.2		8.0		214.3		400		25.0		91.4
load=91.23
153210	41.3		5.2		8.0		214.3		400		25.0		91.2
load=91.03
153719	41.3		5.2		8.0		214.3		400		25.0		91.0
load=90.83
154228	41.3		5.2		8.0		214.3		400		25.0		90.8
load=90.63
154737	41.3		5.2		8.0		214.3		400		25.0		90.6
load=90.43
155246	41.3		5.2		8.0		214.3		400		25.0		90.4
load=90.23
155755	41.3		5.2		8.0		214.3		400		25.0		90.2
load=90.03
156264	41.3		5.2		8.0		214.3		400		25.0		90.0
load=89.83
156773	41.3		5.2		8.0		214.3		400		25.0		89.8
load=89.63
157282	41.3		5.2		8.0		214.3		400		25.0		89.6
load=89.43
157791	41.3		5.2		8.0		214.3		400		25.0		89.4
load=89.23
158300	41.3		5.2		8.0		214.3		400		25.0		89.2
load=89.03
158809	41.3		5.2		8.0		214.3		400		25.0		89.0
load=88.83
159318	41.3		5.2		8.0		214.3		400		25.0		88.8
load=88.63
159827	41.3		5.2		8.0		214.3		400		25.0		88.6
load=88.43
160336	41.3		5.2		8.0		214.3		400		25.0		88.4
load=88.23
160845	41.3		5.2		8.0		214.3		400		25.0		88.2
load=88.03
161354	41.3		5.2		8.0		214.3		400		25.0		88.0
load=87.83
161863	41.3		5.2		8.0		214.3		400		25.0		87.8
load=87.63
162372	41.3		5.2		8.0		214.3		400		25.0		87.6
load=87.43
162881	41.3		5.2		8.0		214.3		400		25.0		87.4
load=87.23
163390	41.3		5.2		8.0		214.3		400		25.0		87.2
load=87.03
163899	41.3		5.2		8.0		214.3		400		25.0		87.0
load=86.83
164408	41.3		5.2		8.0		214.3		400		25.0		86.8
load=86.63
164917	41.3		5.2		8.0		214.3		400		25.0		86.6
load=86.43
165426	41.3		5.2		8.0		214.3		400		25.0		86.4
load=86.23
165935	41.3		5.2		8.0		214.3		400		25.0		86.2
load=86.03
166444	41.3		5.2		8.0		214.3		400		25.0		86.0
load=85.83
166953	41.3		5.2		8.0		214.3		400		25.0		85.8
load=85.63
167462	41.3		5.2		8.0		214.3		400		25.0		85.6
load=85.43
167971	41.3		5.2		8.0		214.3		400		25.0		85.4
load=85.23
168480	41.3		5.2		8.0		214.3		400		25.0		85.2
load=85.03
168989	41.3		5.2		8.0		214.3		400		25.0		85.0
load=84.83
169498	41.3		5.2		8.0		214.3		400		25.0		84.8
load=84.63
170007	41.3		5.2		8.0		214.3		400		25.0		84.6
load=84.43
170516	41.3		5.2		8.0		214.3		400		25.0		84.4
load=84.23
171025	41.3		5.2		8.0		214.6		401		25.0		84.2
load=84.03
171534	41.3		5.3		7.8		220.1		411		25.0		84.0
load=83.83
172043	41.3		5.5		7.5		227.6		425		25.0		83.8
load=83.63
172552	41.3		5.7		7.2		236.7		442		25.0		83.6
load=83.43
173061	41.3		5.9		7.0		244.3		456		25.0		83.4
load=83.23
173570	41.3		6.1		6.8		251.5		470		25.0		83.2
load=83.03
174079	41.3		6.3		6.6		259.1		484		25.0		83.0
load=82.83
174588	41.3		6.5		6.4		267.3		499		25.0		82.8
load=82.63
175097	41.3		6.7		6.2		275.2		514		25.0		82.6
load=82.43
175606	41.3		6.9		6.0		283.3		529		25.0		82.4
load=82.23
176115	41.3		7.0		5.9		291.2		544		25.0		82.2
load=82.03
176624	41.3		7.2		5.7		298.8		558		25.0		82.0
load=81.83
177133	41.3		7.4		5.6		306.9		573		25.0		81.8
load=81.63
177642	41.3		7.6		5.4		314.2		587		25.0		81.6
load=81.43
178151	41.3		7.8		5.3		323.0		603		25.0		81.4
load=81.23
178660	41.3		8.0		5.2		330.9		618		25.0		81.2
load=81.03
179169	41.3		8.2		5.0		338.4		632		25.0		81.0
load=80.83
179678	41.3		8.4		4.9		346.6		647		25.0		80.8
load=80.63
180187	41.3		8.6		4.8		353.9		661		25.0		80.6
load=80.43
180696	41.3		8.8		4.7		362.0		676		25.0		80.4
load=80.23
181205	41.3		9.0		4.6		369.9		691		25.0		80.2
load=80.03
181714	41.3		9.2		4.5		378.1		706		25.0		80.0
load=79.83
182223	41.3		9.3		4.4		385.6		720		25.0		79.8
load=79.63
182732	41.3		9.5		4.3		393.2		734		25.0		79.6
load=79.43
183241	41.3		9.7		4.3		401.1		749		25.0		79.4
load=79.23
183750	41.3		9.9		4.2		408.9		765		25.0		79.2
load=79.03
184259	41.3		10.1		4.1		417.7		780		25.0		79.0
load=78.83
184768	41.3		10.3		4.0		425.3		794		25.0		78.8
load=78.63
185277	41.3		10.4		4.0		431.7		806		25.0		78.6
load=78.83
185786	41.3		10.4		4.0		431.0		805		25.0		78.8
load=78.63
186295	41.3		10.4		4.0		430.1		803		25.0		78.6
load=78.83
186804	41.3		10.4		4.0		428.9		801		25.0		78.8
load=78.63
187313	41.3		10.4		4.0		428.3		800		25.0		78.6
load=78.43
187822	41.3		10.4		4.0		428.3		800		25.0		78.4
load=78.23
188331	41.3		10.4		4.0		428.3		800		25.0		78.2
load=78.03
188840	41.3		10.4		4.0		428.3		800		25.0		78.0
load=77.83
189349	41.3		10.4		4.0		428.3		800		25.0		77.8
load=77.63
189858	41.3		10.4		4.0		428.3		800		25.0		77.6
load=77.43
190367	41.3		10.4		4.0		428.3		800		25.0		77.4
load=77.23
190876	41.3		10.4		4.0		428.3		800		25.0		77.2
load=77.03
191385	41.3		10.4		4.0		428.3		800		25.0		77.0
load=76.83
191894	41.3		10.4		4.0		428.3		800		25.0		76.8
load=76.63
192403	41.3		10.4		4.0		428.3		800		25.0		76.6
load=76.43
192912	41.3		10.4		4.0		428.3		800		25.0		76.4
load=76.23
193421	41.3		10.4		4.0		428.3		800		25.0		76.2
load=76.03
193930	41.3		10.4		4.0		428.3		800		25.0		76.0
load=75.83
194439	41.3		10.4		4.0		428.3		800		25.0		75.8
load=75.63
194948	41.3		10.4		4.0		428.3		800		25.0		75.6
load=75.43
195457	41.3		10.4		4.0		428.3		800		25.0		75.4
load=75.23
195966	41.3		10.4		4.0		428.3		800		25.0		75.2
load=75.03
196475	41.3		10.4		4.0		428.3		800		25.0		75.0
load=74.83
196984	41.3		10.4		4.0		428.3		800		25.0		74.8
load=74.63
197493	41.3		10.4		4.0		428.3		800		25.0		74.6
load=74.43
198002	41.3		10.4		4.0		428.3		800		25.0		74.4
load=74.23
198511	41.3		10.4		4.0		428.3		800		25.0		74.2
load=74.03
199020	41.3		10.4		4.0		428.3		800		25.0		74.0
load=73.83
199529	41.3		10.4		4.0		428.3		800		25.0		73.8
load=73.63
200038	41.3		10.4		4.0		428.3		800		25.0		73.6
load=73.43
200547	41.3		10.4		4.0		428.3		800		25.0		73.4
load=73.23
201056	41.3		10.4		4.0		428.3		800		25.0		73.2
load=73.03
201565	41.3		10.4		4.0		428.3		800		25.0		73.0
load=72.83
202074	41.3		10.4		4.0		428.3		800		25.0		72.8
load=72.63
202583	41.3		10.4		4.0		428.3		800		25.0		72.6
load=72.43
203092	41.3		10.4		4.0		428.3		800		25.0		72.4
load=72.23
203601	41.3		10.4		4.0		428.3		800		25.0		72.2
load=72.03
204110	41.3		10.4		4.0		428.3		800		25.0		72.0
load=71.83
204619	41.3		10.4		4.0		428.3		800		25.0		71.8
load=71.63
205128	41.3		10.4		4.0		428.3		800		25.0		71.6
load=71.43
205637	41.3		10.4		4.0		428.3		800		25.0		71.4
load=71.23
206146	41.3		10.4		4.0		428.3		800		25.0		71.2
load=71.03
206655	41.3		10.4		4.0		428.3		800		25.0		71.0
load=70.83
207164	41.3		10.4		4.0		428.3		800		25.0		70.8
load=70.63
207673	41.3		10.4		4.0		428.3		800		25.0		70.6
load=70.43
208182	41.3		10.4		4.0		428.3		800		25.0		70.4
load=70.23
208691	41.3		10.4		4.0		428.3		800		25.0		70.2
load=70.03
209200	41.3		10.4		4.0		428.3		800		25.0		70.0
load=69.83
209709	41.3		10.4		4.0		428.3		800		25.0		69.8
load=69.63
210218	41.3		10.4		4.0		428.3		800		25.0		69.6
load=69.43
210727	41.3		10.4		4.0		428.3		800		25.0		69.4
load=69.23
211236	41.3		10.4		4.0		428.3		800		25.0		69.2
load=69.03
211745	41.3		10.4		4.0		428.3		800		25.0		69.0
load=68.83
212254	41.3		10.4		4.0		428.3		800		25.0		68.8
load=68.63
212763	41.3		10.4		4.0		428.3		800		25.0		68.6
load=68.43
213272	41.3		10.4		4.0		428.3		800		25.0		68.4
load=68.23
213781	41.3		10.4		4.0		428.3		800		25.0		68.2
load=68.03
214290	41.3		10.4		4.0		428.3		800		25.0		68.0
load=67.83
214799	41.3		10.4		4.0		428.3		800		25.0		67.8
load=67.63
215308	41.3		10.4		4.0		428.3		800		25.0		67.6
load=67.43
215817	41.3		10.4		4.0		428.3		800		25.0		67.4
load=67.23
216326	41.3		10.4		4.0		428.3		800		25.0		67.2
load=67.03
216835	41.3		10.4		4.0		428.3		800		25.0		67.0
load=66.83
217344	41.3		10.4		4.0		428.3		800		25.0		66.8
load=66.63
217853	41.3		10.4		4.0		428.3		800		25.0		66.6
load=66.43
218362	41.3		10.4		4.0		428.3		800		25.0		66.4
load=66.23
218871	41.3		10.4		4.0		428.3		800		25.0		66.2
load=66.03
219380	41.3		10.4		4.0		428.3		800		25.0		66.0
load=65.83
219889	41.3		10.4		4.0		428.3		800		25.0		65.8
load=65.63
220398	41.3		10.4		4.0		428.3		800		25.0		65.6
load=65.83
220907	41.3		10.4		4.0		428.0		799		25.0		65.8
load=65.63
221416	41.3		10.2		4.0		423.5		791		25.0		65.6
load=65.83
221925	41.3		10.1		4.1		415.6		776		25.0		65.8
load=65.63
222434	41.3		9.9		4.2		407.4		761		25.0		65.6
load=65.83
222943	41.3		9.7		4.3		400.2		747		25.0		65.8
load=65.63
223452	41.3		9.5		4.4		391.4		731		25.0		65.6
load=65.83
223961	41.3		9.3		4.4		383.8		717		25.0		65.8
load=65.63
224470	41.3		9.1		4.5		376.0		702		25.0		65.6
load=65.83
224979	41.3		8.9		4.6		368.4		688		25.0		65.8
load=65.63
225488	41.3		8.7		4.7		360.5		673		25.0		65.6
load=65.83
225997	41.3		8.5		4.8		352.9		659		25.0		65.8
load=65.63
226506	41.3		8.3		5.0		344.5		643		25.0		65.6
load=65.83
227015	41.3		8.1		5.1		336.3		628		25.0		65.8
load=65.63
227524	41.3		8.0		5.2		328.7		614		25.0		65.6
load=65.83
228033	41.3		7.8		5.3		321.2		600		25.0		65.8
load=65.63
228542	41.3		7.6		5.4		313.9		586		25.0		65.6
load=65.83
229051	41.3		7.4		5.6		304.8		569		25.0		65.8
load=65.63
229560	41.3		7.2		5.7		297.3		555		25.0		65.6
load=65.83
230069	41.3		7.0		5.9		289.7		541		25.0		65.8
load=65.63
230578	41.3		6.8		6.1		281.8		526		25.0		65.6
load=65.83
231087	41.3		6.6		6.2		274.2		512		25.0		65.8
load=65.63
231596	41.3		6.4		6.4		266.1		497		25.0		65.6
load=65.83
232105	41.3		6.2		6.6		257.6		481		25.0		65.8
load=65.63
232614	41.3		6.0		6.8		249.4		466		25.0		65.6
load=65.83
233123	41.3		5.9		7.1		242.2		452		25.0		65.8
load=65.63
233632	41.3		5.7		7.3		234.6		438		25.0		65.6
load=65.83
234141	41.3		5.5		7.5		227.0		424		25.0		65.8
load=65.63
234650	41.3		5.3		7.8		218.9		407		25.0		65.6
load=65.83
235159	41.3		5.1		8.1		210.4		393		25.0		65.8
load=65.63
235668	41.3		4.9		8.4		202.5		378		25.0		65.6
load=65.83
236177	41.3		4.9		8.5		201.9		377		25.0		65.8
load=65.63
236686	41.3		4.9		8.5		201.3		376		25.0		65.6
load=65.83
237195	41.3		4.9		8.5		200.7		375		25.0		65.8
load=65.63
237704	41.3		4.8		8.7		197.1		368		25.0		65.6
load=65.83
238213	41.3		4.6		9.0		189.2		353		25.0		65.8
load=65.63
238722	41.3		4.4		9.4		181.6		339		25.0		65.6
load=65.83
239231	41.3		4.2		9.8		173.4		324		25.0		65.8
load=65.63
239740	41.3		4.1		10.1		169.2		316		25.0		65.6
load=65.83
240249	41.3		4.1		10.1		168.3		314		25.0		65.8
load=65.63
240758	41.3		4.0		10.2		167.1		312		25.0		65.6
load=65.83
241267	41.3		4.0		10.3		166.5		311		25.0		65.8
load=65.63
241776	41.3		3.9		10.6		161.3		301		25.0		65.6
load=65.83
242285	41.3		3.9		10.6		160.7		300		25.0		65.8
load=66.03
242794	41.3		3.9		10.6		160.7		300		25.0		66.0
load=66.23
243303	41.3		3.9		10.6		160.7		300		25.0		66.2
load=66.43
243812	41.3		3.9		10.6		160.7		300		25.0		66.4
load=66.63
244321	41.3		3.9		10.6		160.7		300		25.0		66.6
load=66.83
244830	41.3		3.9		10.6		160.7		300		25.0		66.8
load=67.03
245339	41.3		3.9		10.6		160.7		300		25.0		67.0
load=67.23
245848	41.3		3.9		10.6		160.7		300		25.0		67.2
load=67.43
246357	41.3		3.9		10.6		160.7		300		25.0		67.4
load=67.63
246866	41.3		3.9		10.6		160.7		300		25.0		67.6
load=67.83
247375	41.3		3.9		10.6		160.7		300		25.0		67.8
load=68.03
247884	41.3		3.9		10.6		160.7		300		25.0		68.0
load=68.23
248393	41.3		3.9		10.6		160.7		300		25.0		68.2
load=68.43
248902	41.3		3.9		10.6		160.7		300		25.0		68.4
load=68.63
249411	41.3		3.9		10.6		160.7		300		25.0		68.6
load=68.83
249920	41.3		3.9		10.6		160.7		300		25.0		68.8
load=69.03
250429	41.3		3.9		10.6		160.7		300		25.0		69.0
load=69.23
250938	41.3		3.9		10.6		160.7		300		25.0		69.2
load=69.43
251447	41.3		3.9		10.6		160.7		300		25.0		69.4
load=69.63
251956	41.3		3.9		10.6		160.7		300		25.0		69.6
load=69.83
252465	41.3		3.9		10.6		160.7		300		25.0		69.8
load=70.03
252974	41.3		3.9		10.6		160.7		300		25.0		70.0
load=70.23
253483	41.3		3.9		10.6		160.7		300		25.0		70.2
load=70.43
253992	41.3		3.9		10.6		160.7		300		25.0		70.4
load=70.63
254501	41.3		3.9		10.6		160.7		300		25.0		70.6
load=70.83
255010	41.3		3.9		10.6		160.7		300		25.0		70.8
load=71.03
255519	41.3		3.9		10.6		160.7		300		25.0		71.0
load=71.23
256028	41.3		3.9		10.6		160.7		300		25.0		71.2
load=71.43
256537	41.3		3.9		10.6		160.7		300		25.0		71.4
load=71.63
257046	41.3		3.9		10.6		160.7		300		25.0		71.6
load=71.83
257555	41.3		3.9		10.6		160.7		300		25.0		71.8
load=72.03
258064	41.3		3.9		10.6		160.7		300		25.0		72.0
load=72.23
258573	41.3		3.9		10.6		160.7		300		25.0		72.2
load=72.43
259082	41.3		3.9		10.6		160.7		300		25.0		72.4
load=72.63
259591	41.3		3.9		10.6		160.7		300		25.0		72.6
load=72.83
260100	41.3		3.9		10.6		160.7		300		25.0		72.8
load=73.03
260609	41.3		3.9		10.6		160.7		300		25.0		73.0
load=73.23
261118	41.3		3.9		10.6		160.7		300		25.0		73.2
load=73.43
261627	41.3		3.9		10.6		160.7		300		25.0		73.4
load=73.63
262136	41.3		3.9		10.6		160.7		300		25.0		73.6
load=73.83
262645	41.3		3.9		10.6		160.7		300		25.0		73.8
load=74.03
263154	41.3		3.9		10.6		160.7		300		25.0		74.0
load=74.23
263663	41.3		3.9		10.6		160.7		300		25.0		74.2
load=74.43
264172	41.3		3.9		10.6		160.7		300		25.0		74.4
load=74.63
264681	41.3		3.9		10.6		160.7		300		25.0		74.6
load=74.83
265190	41.3		3.9		10.6		160.7		300		25.0		74.8
load=75.03
265699	41.3		3.9		10.6		160.7		300		25.0		75.0
load=75.23
266208	41.3		3.9		10.6		160.7		300		25.0		75.2
load=75.43
266717	41.3		3.9		10.6		160.7		300		25.0		75.4
load=75.63
267226	41.3		3.9		10.6		160.7		300		25.0		75.6
load=75.83
267735	41.3		3.9		10.6		160.7		300		25.0		75.8
load=76.03
268244	41.3		3.9		10.6		160.7		300		25.0		76.0
load=76.23
268753	41.3		3.9		10.6		160.7		300		25.0		76.2
load=76.43
269262	41.3		3.9		10.6		160.7		300		25.0		76.4
load=76.63
269771	41.3		3.9		10.6		160.7		300		25.0		76.6
load=76.83
270280	41.3		3.9		10.6		160.7		300		25.0		76.8
load=77.03
270789	41.3		3.9		10.6		160.7		300		25.0		77.0
load=77.23
271298	41.3		3.9		10.6		160.7		300		25.0		77.2
load=77.43
271807	41.3		3.9		10.6		160.7		300		25.0		77.4
load=77.63
272316	41.3		3.9		10.6		160.7		300		25.0		77.6
load=77.83
272825	41.3		3.9		10.6		160.7		300		25.0		77.8
load=78.03
273334	41.3		3.9		10.6		160.7		300		25.0		78.0
load=78.23
273843	41.3		3.9		10.6		160.7		300		25.0		78.2
load=78.43
274352	41.3		3.9		10.6		160.7		300		25.0		78.4
load=78.63
274861	41.3		3.9		10.6		160.7		300		25.0		78.6
load=78.83
275370	41.3		3.9		10.6		160.7		300		25.0		78.8
load=79.03
275879	41.3		3.9		10.6		160.7		300		25.0		79.0
load=79.23
276388	41.3		3.9		10.6		160.7		300		25.0		79.2
load=79.43
276897	41.3		3.9		10.6		160.7		300		25.0		79.4
load=79.63
277406	41.3		3.9		10.6		160.7		300		25.0		79.6
load=79.83
277915	41.3		3.9		10.6		160.7		300		25.0		79.8
load=80.03
278424	41.3		3.9		10.6		160.7		300		25.0		80.0
load=80.23
278933	41.3		3.9		10.6		160.7		300		25.0		80.2
load=80.43
279442	41.3		3.9		10.6		160.7		300		25.0		80.4
load=80.63
279951	41.3		3.9		10.6		160.7		300		25.0		80.6
load=80.83
280460	41.3		3.9		10.6		160.7		300		25.0		80.8
load=81.03
280969	41.3		3.9		10.6		161.3		301		25.0		81.0
load=81.23
281478	41.3		4.0		10.4		164.4		307		25.0		81.2
load=81.43
281987	41.3		4.2		9.9		172.5		322		25.0		81.4
load=81.63
282496	41.3		4.4		9.5		179.8		336		25.0		81.6
load=81.83
283005	41.3		4.6		9.1		188.6		352		25.0		81.8
load=82.03
283514	41.3		4.7		8.7		195.8		366		25.0		82.0
load=82.23
284023	41.3		4.9		8.4		204.0		381		25.0		82.2
load=82.43
284532	41.3		5.1		8.1		211.6		395		25.0		82.4
load=82.63
285041	41.3		5.3		7.8		219.5		410		25.0		82.6
load=82.83
285550	41.3		5.5		7.5		227.2		425		25.0		82.8
load=83.03
286059	41.3		5.7		7.2		235.5		440		25.0		83.0
load=83.23
286568	41.3		5.9		7.0		243.7		455		25.0		83.2
load=83.43
287077	41.3		6.1		6.8		251.2		469		25.0		83.4
load=83.63
287586	41.3		6.3		6.6		259.1		484		25.0		83.6
load=83.83
288095	41.3		6.5		6.4		266.7		498		25.0		83.8
load=84.03
288604	41.3		6.7		6.2		275.2		514		25.0		84.0
load=84.23
289113	41.3		6.8		6.0		282.7		528		25.0		84.2
load=84.43
289622	41.3		7.0		5.9		290.9		543		25.0		84.4
load=84.63
290131	41.3		7.2		5.7		298.2		557		25.0		84.6
load=84.83
290640	41.3		7.4		5.6		306.3		572		25.0		84.8
load=85.03
291149	41.3		7.6		5.4		314.2		587		25.0		85.0
load=85.23
291658	41.3		7.8		5.3		322.4		602		25.0		85.2
load=85.43
292167	41.3		8.0		5.2		330.5		617		25.0		85.4
load=85.63
292676	41.3		8.2		5.1		337.8		631		25.0		85.6
load=85.83
293185	41.3		8.4		4.9		346.0		646		25.0		85.8
load=86.03
293694	41.3		8.6		4.8		353.6		660		25.0		86.0
load=86.23
294203	41.3		8.8		4.7		362.0		676		25.0		86.2
load=86.43
294712	41.3		8.9		4.6		369.6		690		25.0		86.4
load=86.63
295221	41.3		9.1		4.5		377.5		705		25.0		86.6
load=86.83
295730	41.3		9.3		4.4		385.6		720		25.0		86.8
load=87.03
296239	41.3		9.5		4.3		393.2		734		25.0		87.0
load=87.23
296748	41.3		9.7		4.3		401.1		749		25.0		87.2
load=87.43
297257	41.3		9.9		4.2		409.3		764		25.0		87.4
load=87.63
297766	41.3		10.1		4.1		417.1		779		25.0		87.6
load=87.83
298275	41.3		10.3		4.0		424.7		793		25.0		87.8
load=88.03
298784	41.3		10.3		4.0		425.3		794		25.0		88.0
load=88.23
299293	41.3		10.3		4.0		426.2		796		25.0		88.2
load=88.43
299802	41.3		10.4		4.0		428.0		799		25.0		88.4
load=88.63
300311	41.3		10.4		4.0		428.3		800		25.0		88.6
load=88.83
300820	41.3		10.4		4.0		428.3		800		25.0		88.8
load=89.03
301329	41.3		10.4		4.0		428.3		800		25.0		89.0
load=89.23
301838	41.3		10.4		4.0		428.3		800		25.0		89.2
load=89.43
302347	41.3		10.4		4.0		428.3		800		25.0		89.4
load=89.63
302856	41.3		10.4		4.0		428.3		800		25.0		89.6
load=89.83
303365	41.3		10.4		4.0		428.3		800		25.0		89.8
load=90.03
303874	41.3		10.4		4.0		428.3		800		25.0		90.0
load=90.23
304383	41.3		10.4		4.0		428.3		800		25.0		90.2
load=90.43
304892	41.3		10.4		4.0		428.3		800		25.0		90.4
load=90.63
305401	41.3		10.4		4.0		428.3		800		25.0		90.6
load=90.83
305910	41.3		10.4		4.0		428.3		800		25.0		90.8
load=91.03
306419	41.3		10.4		4.0		428.3		800		25.0		91.0
load=91.23
306928	41.3		10.4		4.0		428.3		800		25.0		91.2
load=91.43
307437	41.3		10.4		4.0		428.3		800		25.0		91.4
load=91.63
307946	41.3		10.4		4.0		428.3		800		25.0		91.6
load=91.83
308455	41.3		10.4		4.0		428.3		800		25.0		91.8
load=92.03
308964	41.3		10.4		4.0		428.3		800		25.0		92.0
load=92.23
309473	41.3		10.4		4.0		428.3		800		25.0		92.2
load=92.43
309982	41.3		10.4		4.0		428.3		800		25.0		92.4
load=92.63
310491	41.3		10.4		4.0		428.3		800		25.0		92.6
load=92.83
311000	41.3		10.4		4.0		428.3		800		25.0		92.8
load=93.03
311509	41.3		10.4		4.0		428.3		800		25.0		93.0
load=93.23
312018	41.3		10.4		4.0		428.3		800		25.0		93.2
load=93.43
312527	41.3		10.4		4.0		428.3		800		25.0		93.4
load=93.63
313036	41.3		10.4		4.0		428.3		800		25.0		93.6
load=93.83
313545	41.3		10.4		4.0		428.3		800		25.0		93.8
load=94.03
314054	41.3		10.4		4.0		428.3		800		25.0		94.0
load=94.23
314563	41.3		10.4		4.0		428.3		800		25.0		94.2
load=94.43
315072	41.3		10.4		4.0		428.3		800		25.0		94.4
load=94.63
315581	41.3		10.4		4.0		428.3		800		25.0		94.6
load=94.83
316090	41.3		10.4		4.0		428.3		800		25.0		94.8
load=95.03
316599	41.3		10.4		4.0		428.3		800		25.0		95.0
load=95.23
317108	41.3		10.4		4.0		428.3		800		25.0		95.2
load=95.43
317617	41.3		10.4		4.0		428.3		800		25.0		95.4
load=95.63
318126	41.3		10.4		4.0		428.3		800		25.0		95.6
load=95.83
318635	41.3		10.4		4.0		428.3		800		25.0		95.8
load=96.03
319144	41.3		10.4		4.0		428.3		800		25.0		96.0
load=96.23
319653	41.3		10.4		4.0		428.3		800		25.0		96.2
load=96.43
320162	41.3		10.4		4.0		428.3		800		25.0		96.4
load=96.63
320671	41.3		10.4		4.0		428.3		800		25.0		96.6
load=96.83
321180	41.3		10.4		4.0		428.3		800		25.0		96.8
load=97.03
321689	41.3		10.4		4.0		428.3		800		25.0		97.0
load=97.23
322198	41.3		10.4		4.0		428.3		800		25.0		97.2
load=97.43
322707	41.3		10.4		4.0		428.3		800		25.0		97.4
load=97.63
323216	41.3		10.4		4.0		428.3		800		25.0		97.6
load=97.83
323725	41.3		10.4		4.0		428.3		800		25.0		97.8
load=98.03
324234	41.3		10.4		4.0		428.3		800		25.0		98.0
load=98.23
324743	41.3		10.4		4.0		428.3		800		25.0		98.2
load=98.43
325252	41.3		10.4		4.0		428.3		800		25.0		98.4
load=98.63
325761	41.3		10.4		4.0		428.3		800		25.0		98.6
load=98.83
326270	41.3		10.4		4.0		428.3		800		25.0		98.8
load=99.03
326779	41.3		10.4		4.0		428.3		800		25.0		99.0
load=99.23
327288	41.3		10.4		4.0		428.3		800		25.0		99.2
load=99.43
327797	41.3		10.4		4.0		428.3		800		25.0		99.4
load=99.63
328306	41.3		10.4		4.0		428.3		800		25.0		99.6
load=99.83
328815	41.3		10.4		4.0		428.3		800		25.0		99.8
load=100.00
329324	41.3		10.4		4.0		428.3		800		25.0		100.0
load=100.00
329833	41.3		10.4		4.0		428.3		800		25.0		100.0
load=100.00
330342	41.3		10.4		4.0		428.3		800		25.0		100.0
load=100.00
330851	41.3		10.4		4.0		428.3		800		25.0		100.0
load=100.00
331360	41.3		10.4		4.0		428.3		800		25.0		100.0
load=100.00
331869	41.3		10.4		4.0		428.3		800		25.0		100.0
load=100.00
332378	41.3		10.4		4.0		428.3		800		25.0		100.0
load=100.00
332887	41.3		10.4		4.0		428.3		800		25.0		100.0
load=100.00
333396	41.3		10.4		4.0		428.3		800		25.0		100.0
load=100.00
333905	41.3		10.4		4.0		428.3		800		25.0		100.0
load=100.00
334414	41.3		10.4		4.0		428.3		800		25.0		100.0
load=100.00
334923	41.3		10.4		4.0		428.3		800		25.0		100.0
load=100.00
335432	41.3		10.4		4.0		428.3		800		25.0		100.0
load=100.00
335941	41.3		10.4		4.0		428.3		800		25.0		100.0
load=100.00
336450	41.3		10.4		4.0		428.3		800		25.0		100.0
load=100.00
336959	41.3		10.4		4.0		428.3		800		25.0		100.0
load=100.00
337468	41.3		10.4		4.0		428.3		800		25.0		100.0
load=100.00
337977	41.3		10.4		4.0		428.3		800		25.0		100.0
load=100.00
338486	41.3		10.4		4.0		428.3		800		25.0		100.0
load=100.00
338995	41.3		10.4		4.0		428.3		800		25.0		100.0
load=100.00
339504	41.3		10.4		4.0		428.3		800		25.0		100.0
load=100.00
340013	41.3		10.4		4.0		428.3		800		25.0		100.0
load=100.00
340522	41.3		10.4		4.0		428.3		800		25.0		100.0
load=99.34
341031	41.2		10.4		4.0		427.1		800		26.0		99.3
load=100.00
341540	40.1		10.4		3.9		417.6		800		34.0		100.0
load=99.26
342049	38.4		10.5		3.7		401.3		800		51.0		99.3
load=99.99
342558	37.5		10.5		3.6		393.2		800		56.0		100.0
load=99.15
343067	37.2		10.5		3.5		390.2		800		58.0		99.2
load=99.92
343576	36.9		10.5		3.5		387.4		800		60.0		99.9
load=100.00
344085	36.9		10.5		3.5		387.4		800		60.0		100.0
load=100.00
344594	36.9		10.5		3.5		387.4		800		60.0		100.0
load=100.00
345103	36.9		10.5		3.5		387.4		800		60.0		100.0
load=100.00
345612	36.9		10.5		3.5		387.4		800		60.0		100.0
load=100.00
346121	36.9		10.5		3.5		387.4		800		60.0		100.0
load=100.00
346630	36.9		10.5		3.5		387.4		800		60.0		100.0
load=100.00
347139	36.9		10.5		3.5		387.4		800		60.0		100.0
load=100.00
347648	36.9		10.5		3.5		387.4		800		60.0		100.0
load=100.00
348157	36.9		10.5		3.5		387.4		800		60.0		100.0
load=100.00
348666	36.9		10.5		3.5		387.4		800		60.0		100.0
load=100.00
349175	36.9		10.5		3.5		387.4		800		60.0		100.0
load=100.00
349684	36.9		10.5		3.5		387.4		800		60.0		100.0
load=100.00
350193	36.9		10.5		3.5		387.4		800		60.0		100.0
load=100.00
350702	36.9		10.5		3.5		387.4		800		60.0		100.0
load=100.00
351211	36.9		10.5		3.5		387.4		800		60.0		100.0
load=100.00
351720	36.9		10.5		3.5		387.4		800		60.0		100.0
load=100.00
352229	36.9		10.5		3.5		387.4		800		60.0		100.0
load=100.00
352738	36.9		10.5		3.5		387.4		800		60.0		100.0
load=100.00
353247	36.9		10.5		3.5		387.4		800		60.0		100.0
load=100.00
353756	36.9		10.5		3.5		387.4		800		60.0		100.0
load=100.00
354265	36.9		10.5		3.5		387.4		800		60.0		100.0
load=100.00
354774	36.9		10.5		3.5		387.4		800		60.0		100.0
load=100.00
355283	36.9		10.5		3.5		387.4		800		60.0		100.0
load=100.00
355792	36.9		10.5		3.5		387.4		800		60.0		100.0
load=100.00
356301	36.9		10.5		3.5		387.4		800		60.0		100.0
load=100.00
356810	36.9		10.5		3.5		387.4		800		60.0		100.0
load=100.00
357319	36.9		10.5		3.5		387.4		800		60.0		100.0
load=100.00
357828	36.9		10.5		3.5		387.4		800		60.0		100.0
load=100.00
358337	36.9		10.5		3.5		387.4		800		60.0		100.0
load=100.00
358846	36.9		10.5		3.5		387.4		800		60.0		100.0
load=100.00
359355	36.9		10.5		3.5		387.4		800		60.0		100.0
load=100.00
359864	36.9		10.5		3.5		387.4		800		60.0		100.0
load=100.00
360373	36.9		10.5		3.5		387.4		800		60.0		100.0
load=100.00
360882	36.9		10.5		3.5		387.4		800		60.0		100.0
load=100.00
361391	36.9		10.5		3.5		387.4		800		60.0		100.0
load=100.00
361900	36.9		10.5		3.5		387.4		800		60.0		100.0
load=100.00
362409	36.9		10.5		3.5		387.4		800		60.0		100.0
load=100.00
362918	36.9		10.5		3.5		387.4		800		60.0		100.0
load=100.00
363427	36.9		10.5		3.5		387.4		800		60.0		100.0
load=100.00
363936	36.9		10.5		3.5		387.4		800		60.0		100.0
load=100.00
364445	36.9		10.5		3.5		387.4		800		60.0		100.0
load=100.00
364954	36.9		10.5		3.5		387.4		800		60.0		100.0
load=100.00
365463	36.9		10.5		3.5		387.4		800		60.0		100.0
load=100.00
365972	36.9		10.5		3.5		387.4		800		60.0		100.0
load=100.00
366481	36.9		10.5		3.5		387.4		800		60.0		100.0
load=100.00
366990	36.9		10.5		3.5		387.4		800		60.0		100.0
load=100.00
367499	36.9		10.5		3.5		387.4		800		60.0		100.0
load=100.00
368008	36.9		10.5		3.5		387.4		800		60.0		100.0
load=100.00
368517	36.9		10.5		3.5		387.4		800		60.0		100.0
load=100.00
369026	36.9		10.5		3.5		387.4		800		60.0		100.0
load=100.00
369535	36.9		10.5		3.5		387.4		800		60.0		100.0
load=100.00
370044	36.9		10.5		3.5		387.4		800		60.0		100.0
load=100.00
370553	36.9		10.5		3.5		387.4		800		60.0		100.0
load=100.00
371062	36.9		10.5		3.5		387.4		800		60.0		100.0
load=100.00
371571	36.9		10.5		3.5		387.4		800		60.0		100.0
load=100.00
372080	36.9		10.5		3.5		387.4		800		60.0		100.0
load=100.00
372589	36.9		10.5		3.5		387.4		800		60.0		100.0
load=100.00
373098	36.9		10.5		3.5		387.4		800		60.0		100.0
load=100.00
373607	36.9		10.5		3.5		387.4		800		60.0		100.0
load=100.00
374116	36.9		10.5		3.5		387.4		800		60.0		100.0
load=100.00
374625	36.9		10.5		3.5		387.4		800		60.0		100.0
load=100.00
375134	36.9		10.5		3.5		387.4		800		60.0		100.0
load=100.00
375643	36.9		10.5		3.5		387.4		800		60.0		100.0
load=100.00
376152	36.9		10.5		3.5		387.4		800		60.0		100.0
load=100.00
376661	36.9		10.5		3.5		387.4		800		60.0		100.0
load=100.00
377170	36.9		10.5		3.5		387.4		800		60.0		100.0
load=100.00
377679	36.9		10.5		3.5		387.4		800		60.0		100.0
load=100.00
378188	36.9		10.5		3.5		387.4		800		60.0		100.0
load=100.00
378697	36.9		10.5		3.5		387.4		800		60.0		100.0
load=100.00
379206	36.9		10.5		3.5		387.4		800		60.0		100.0
load=100.00
379715	36.9		10.5		3.5		387.4		800		60.0		100.0
load=100.00
380224	36.9		10.5		3.5		387.4		800		60.0		100.0
load=100.00
380733	36.9		10.5		3.5		387.4		800		60.0		100.0
load=100.00
381242	36.9		10.5		3.5		387.4		800		60.0		100.0
load=100.00
381751	36.9		10.5		3.5		387.4		800		60.0		100.0
load=100.00
382260	36.9		10.5		3.5		387.4		800		60.0		100.0
load=100.00
382769	36.9		10.5		3.5		387.4		800		60.0		100.0
load=100.00
383278	36.9		10.5		3.5		387.4		800		60.0		100.0
load=100.00
383787	36.9		10.5		3.5		387.4		800		60.0		100.0
load=100.00
384296	36.9		10.5		3.5		387.4		800		60.0		100.0
load=100.00
384805	36.9		10.5		3.5		387.4		800		60.0		100.0
load=100.00
385314	36.9		10.5		3.5		387.4		800		60.0		100.0
load=100.00
385823	36.9		10.5		3.5		387.4		800		60.0		100.0
load=100.00
386332	36.9		10.5		3.5		387.4		800		60.0		100.0
load=100.00
386841	36.9		10.5		3.5		387.4		800		60.0		100.0
load=100.00
387350	36.9		10.5		3.5		387.4		800		60.0		100.0
load=100.00
387859	36.9		10.5		3.5		387.4		800		60.0		100.0
load=100.00
388368	36.9		10.5		3.5		387.4		800		60.0		100.0
load=100.00
388877	36.9		10.5		3.5		387.4		800		60.0		100.0
load=100.00
389386	36.9		10.5		3.5		387.4		800		60.0		100.0
load=100.00
389895	36.9		10.5		3.5		387.4		800		60.0		100.0
load=100.00
390404	36.9		10.5		3.5		387.4		800		60.0		100.0
load=100.00
390913	36.9		10.5		3.5		387.4		800		60.0		100.0
load=100.00
391422	36.9		10.5		3.5		387.4		800		60.0		100.0
load=100.00
391931	36.9		10.5		3.5		387.4		800		60.0		100.0
load=100.00
392440	36.9		10.5		3.5		387.4		800		60.0		100.0
load=100.00
392949	36.9		10.5		3.5		387.4		800		60.0		100.0
load=100.00
393458	36.9		10.5		3.5		387.4		800		60.0		100.0
load=100.00
393967	36.9		10.5		3.5		387.4		800		60.0		100.0
load=100.00
394476	36.9		10.5		3.5		387.4		800		60.0		100.0
load=100.00
394985	36.9		10.5		3.5		387.4		800		60.0		100.0
load=100.00
395494	36.9		10.5		3.5		387.4		800		60.0		100.0
load=100.00
396003	36.9		10.5		3.5		387.4		800		60.0		100.0
load=100.00
396512	36.9		10.5		3.5		387.4		800		60.0		100.0
load=100.00
397021	36.9		10.5		3.5		387.4		800		60.0		100.0
load=100.00
397530	36.9		10.5		3.5		387.4		800		60.0		100.0
load=100.00
398039	36.9		10.5		3.5		387.4		800		60.0		100.0
load=100.00
398548	36.9		10.5		3.5		387.4		800		60.0		100.0
load=100.00
399057	36.9		10.5		3.5		387.4		800		60.0		100.0
load=100.00
399566	36.9		10.5		3.5		387.4		800		60.0		100.0
load=100.00
400075	36.9		10.5		3.5		387.4		800		60.0		100.0
load=100.00
400584	37.1		10.5		3.5		388.9		800		59.0		100.0
load=100.00
401093	37.1		10.5		3.5		388.9		800		59.0		100.0
load=100.00
401602	38.8		10.4		3.7		404.9		800		45.0		100.0
load=100.00
402111	40.4		10.4		3.9		420.4		800		32.0		100.0
load=100.00
402620	40.7		10.4		3.9		423.1		800		30.0		100.0
load=100.00
403129	41.0		10.4		4.0		425.6		800		27.0		100.0
load=100.00
403638	41.3		10.4		4.0		428.3		800		25.0		100.0
load=100.00
404147	41.3		10.4		4.0		428.3		800		25.0		100.0
load=100.00
404656	41.3		10.4		4.0		428.3		800		25.0		100.0
load=100.00
405165	41.3		10.4		4.0		428.3		800		25.0		100.0
load=100.00
405674	41.3		10.4		4.0		428.3		800		25.0		100.0
load=100.00
406183	41.3		10.4		4.0		428.3		800		25.0		100.0
load=100.00
406692	41.3		10.4		4.0		428.3		800		25.0		100.0
load=100.00
407201	41.3		10.4		4.0		428.3		800		25.0		100.0
load=100.00
407710	41.3		10.4		4.0		428.3		800		25.0		100.0
load=100.00
408219	41.3		10.4		4.0		428.3		800		25.0		100.0
load=100.00
408728	41.3		10.4		4.0		428.3		800		25.0		100.0
load=100.00
409237	41.3		10.4		4.0		428.3		800		25.0		100.0
load=100.00
409746	41.3		10.4		4.0		428.3		800		25.0		100.0
load=100.00
410255	41.3		10.4		4.0		428.3		800		25.0		100.0
load=100.00
410764	41.3		10.4		4.0		428.3		800		25.0		100.0
load=100.00
411273	41.3		10.4		4.0		428.3		800		25.0		100.0
load=100.00
411782	41.3		10.4		4.0		428.3		800		25.0		100.0
load=100.00
412291	41.3		10.4		4.0		428.3		800		25.0		100.0
load=100.00
412800	41.3		10.4		4.0		428.3		800		25.0		100.0
load=100.00
413309	41.3		10.4		4.0		428.3		800		25.0		100.0
load=100.00
413818	41.3		10.4		4.0		428.3		800		25.0		100.0
load=100.00
414327	41.3		10.4		4.0		428.3		800		25.0		100.0
load=100.00
414836	41.3		10.4		4.0		428.3		800		25.0		100.0
load=100.00
415345	41.3		10.4		4.0		428.3		800		25.0		100.0
load=100.00
415854	41.3		10.4		4.0		428.3		800		25.0		100.0
load=100.00
416363	41.3		10.4		4.0		428.3		800		25.0		100.0
load=100.00
416872	41.3		10.4		4.0		428.3		800		25.0		100.0
load=100.00
417381	41.3		10.4		4.0		428.3		800		25.0		100.0
load=100.00
417890	41.3		10.4		4.0		428.3		800		25.0		100.0
load=100.00
418399	41.3		10.4		4.0		428.3		800		25.0		100.0
load=100.00
418908	41.3		10.4		4.0		428.3		800		25.0		100.0
load=100.00
419417	41.3		10.4		4.0		428.3		800		25.0		100.0
load=100.00
419926	41.3		10.4		4.0		428.3		800		25.0		100.0
load=100.00
420435	41.3		10.4		4.0		428.3		800		25.0		100.0
load=100.00
420944	41.3		10.4		4.0		428.3		800		25.0		100.0
load=100.00
421453	41.3		10.4		4.0		428.3		800		25.0		100.0
load=100.00
421962	41.3		10.4		4.0		428.3		800		25.0		100.0
load=100.00
422471	41.3		10.4		4.0		428.3		800		25.0		100.0
load=100.00
422980	41.3		10.4		4.0		428.3		800		25.0		100.0
load=100.00
423489	41.3		10.4		4.0		428.3		800		25.0		100.0
load=100.00
423998	41.3		10.4		4.0		428.3		800		25.0		100.0
load=100.00
424507	41.3		10.4		4.0		428.3		800		25.0		100.0
load=100.00
425016	41.3		10.4		4.0		428.3		800		25.0		100.0
load=100.00
425525	41.3		10.4		4.0		428.3		800		25.0		100.0
load=100.00
426034	41.3		10.4		4.0		428.3		800		25.0		100.0
load=100.00
426543	41.3		10.4		4.0		428.3		800		25.0		100.0
load=100.00
427052	41.3		10.4		4.0		428.3		800		25.0		100.0
load=100.00
427561	41.3		10.4		4.0		428.3		800		25.0		100.0
load=100.00
428070	41.3		10.4		4.0		428.3		800		25.0		100.0
load=100.00
428579	41.3		10.4		4.0		428.3		800		25.0		100.0
load=100.00
429088	41.3		10.4		4.0		428.3		800		25.0		100.0
load=100.00
429597	41.3		10.4		4.0		428.3		800		25.0		100.0
load=100.00
430106	41.3		10.4		4.0		428.3		800		25.0		100.0
load=100.00
430615	41.3		10.4		4.0		428.3		800		25.0		100.0
load=100.00
431124	41.3		10.4		4.0		428.3		800		25.0		100.0
load=100.00
431633	41.3		10.4		4.0		428.3		800		25.0		100.0
load=100.00
432142	41.3		10.4		4.0		428.3		800		25.0		100.0
load=100.00
432651	41.3		10.4		4.0		428.3		800		25.0		100.0
load=100.00
433160	41.3		10.4		4.0		428.3		800		25.0		100.0
load=100.00
433669	41.3		10.4		4.0		428.3		800		25.0		100.0
load=100.00
434178	41.3		10.4		4.0		428.3		800		25.0		100.0
load=100.00
434687	41.3		10.4		4.0		428.3		800		25.0		100.0
load=100.00
435196	41.3		10.4		4.0		428.3		800		25.0		100.0
load=100.00
435705	41.3		10.4		4.0		428.3		800		25.0		100.0
load=100.00
436214	41.3		10.4		4.0		428.3		800		25.0		100.0
load=100.00
436723	41.3		10.4		4.0		428.3		800		25.0		100.0
load=100.00
437232	41.3		10.4		4.0		428.3		800		25.0		100.0
load=100.00
437741	41.3		10.4		4.0		428.3		800		25.0		100.0
load=100.00
438250	41.3		10.4		4.0		428.3		800		25.0		100.0
load=100.00
438759	41.3		10.4		4.0		428.3		800		25.0		100.0
load=100.00
439268	41.3		10.4		4.0		428.3		800		25.0		100.0
load=100.00
439777	41.3		10.4		4.0		428.3		800		25.0		100.0
load=100.00
440286	41.3		10.4		4.0		428.3		800		25.0		100.0
load=100.00
440795	41.3		10.4		4.0		428.3		800		25.0		100.0
load=100.00
441304	41.3		10.4		4.0		428.3		800		25.0		100.0
load=100.00
441813	41.3		10.4		4.0		428.3		800		25.0		100.0
load=100.00
442322	41.3		10.4		4.0		428.3		800		25.0		100.0
load=100.00
442831	41.3		10.4		4.0		428.3		800		25.0		100.0
load=100.00
443340	41.3		10.4		4.0		428.3		800		25.0		100.0
load=100.00
443849	41.3		10.4		4.0		428.3		800		25.0		100.0
load=100.00
444358	41.3		10.4		4.0		428.3		800		25.0		100.0
load=100.00
444867	41.3		10.4		4.0		428.3		800		25.0		100.0
load=100.00
445376	41.3		10.4		4.0		428.3		800		25.0		100.0
load=100.00
445885	41.3		10.4		4.0		428.3		800		25.0		100.0
load=100.00
446394	41.3		10.4		4.0		428.3		800		25.0		100.0
load=100.00
446903	41.3		10.4		4.0		428.3		800		25.0		100.0
load=100.00
447412	41.3		10.4		4.0		428.3		800		25.0		100.0
load=100.00
447921	41.3		10.4		4.0		428.3		800		25.0		100.0
load=100.00
448430	41.3		10.4		4.0		428.3		800		25.0		100.0
load=100.00
448939	41.3		10.4		4.0		428.3		800		25.0		100.0
load=100.00
449448	41.3		10.4		4.0		428.3		800		25.0		100.0
load=100.00
449957	41.3		10.4		4.0		428.3		800		25.0		100.0
load=100.00
450466	41.3		10.4		4.0		428.3		800		25.0		100.0
load=100.00
450975	41.3		10.4		4.0		428.3		800		25.0		100.0
load=100.00
451484	41.3		10.4		4.0		428.3		800		25.0		100.0
load=100.00
451993	41.3		10.4		4.0		428.3		800		25.0		100.0
load=100.00
452502	41.3		10.4		4.0		428.3		800		25.0		100.0
load=100.00
453011	41.3		10.4		4.0		428.3		800		25.0		100.0
load=100.00
453520	41.3		10.4		4.0		428.3		800		25.0		100.0
load=100.00
454029	41.3		10.4		4.0		428.3		800		25.0		100.0
load=100.00
454538	41.3		10.4		4.0		428.3		800		25.0		100.0
load=100.00
455047	41.3		10.4		4.0		428.3		800		25.0		100.0
load=100.00
455556	41.3		10.4		4.0		428.3		800		25.0		100.0
load=100.00
456065	41.3		10.4		4.0		428.3		800		25.0		100.0
load=100.00
456574	41.3		10.4		4.0		428.3		800		25.0		100.0
load=100.00
457083	41.3		10.4		4.0		428.3		800		25.0		100.0
load=100.00
457592	41.3		10.4		4.0		428.3		800		25.0		100.0
load=100.00
458101	41.3		10.4		4.0		428.3		800		25.0		100.0
load=100.00
458610	41.3		10.4		4.0		428.3		800		25.0		100.0
load=100.00
459119	41.3		10.4		4.0		428.3		800		25.0		100.0
load=100.00
459628	41.3		10.4		4.0		428.3		800		25.0		100.0
load=100.00
460137	41.3		10.4		4.0		428.3		800		25.0		100.0
load=100.00
460646	41.3		10.4		4.0		428.3		800		25.0		100.0
load=100.00
461155	41.3		10.4		4.0		428.3		800		25.0		100.0
load=100.00
461664	41.3		10.4		4.0		428.3		800		25.0		100.0
load=100.00
462173	41.3		10.4		4.0		428.3		800		25.0		100.0
load=100.00
462682	41.3		10.4		4.0		428.3		800		25.0		100.0
load=100.00
463191	41.3		10.4		4.0		428.3		800		25.0		100.0
load=100.00
463700	41.3		10.4		4.0		428.3		800		25.0		100.0
load=100.00
464209	41.3		10.4		4.0		428.3		800		25.0		100.0
load=100.00
464718	41.3		10.4		4.0		428.3		800		25.0		100.0
load=100.00
465227	41.3		10.4		4.0		428.3		800		25.0		100.0
load=100.00
465736	41.3		10.4		4.0		428.3		800		25.0		100.0
load=100.00
466245	41.3		10.4		4.0		428.3		800		25.0		100.0
load=100.00
466754	41.3		10.4		4.0		428.3		800		25.0		100.0
load=100.00
467263	41.3		10.4		4.0		428.3		800		25.0		100.0
load=100.00
467772	41.3		10.4		4.0		428.3		800		25.0		100.0
load=100.00
468281	41.3		10.4		4.0		428.3		800		25.0		100.0
load=100.00
468790	41.3		10.4		4.0		428.3		800		25.0		100.0
load=100.00
469299	41.3		10.4		4.0		428.3		800		25.0		100.0
load=100.00
469808	41.3		10.4		4.0		428.3		800		25.0		100.0
load=100.00
470317	41.3		10.4		4.0		428.3		800		25.0		100.0
load=100.00
470826	41.3		10.4		4.0		428.3		800		25.0		100.0
load=100.00
471335	41.3		10.4		4.0		428.3		800		25.0		100.0
load=100.00
471844	41.3		10.4		4.0		428.3		800		25.0		100.0
load=100.00
472353	41.3		10.4		4.0		428.3		800		25.0		100.0
load=100.00
472862	41.3		10.4		4.0		428.3		800		25.0		100.0
load=100.00
473371	41.3		10.4		4.0		428.3		800		25.0		100.0
load=100.00
473880	41.3		10.4		4.0		428.3		800		25.0		100.0
load=100.00
474389	41.3		10.4		4.0		428.3		800		25.0		100.0
load=100.00
474898	41.3		10.4		4.0		428.3		800		25.0		100.0
load=100.00
475407	41.3		10.4		4.0		428.3		800		25.0		100.0
load=100.00
475916	41.3		10.4		4.0		428.3		800		25.0		100.0
load=100.00
476425	41.3		10.4		4.0		428.3		800		25.0		100.0
load=100.00
476934	41.3		10.4		4.0		428.3		800		25.0		100.0
load=100.00
477443	41.3		10.4		4.0		428.3		800		25.0		100.0
load=100.00
477952	41.3		10.4		4.0		428.3		800		25.0		100.0
load=100.00
478461	41.3		10.4		4.0		428.3		800		25.0		100.0
load=100.00
478970	41.3		10.4		4.0		428.3		800		25.0		100.0
load=100.00
479479	41.3		10.4		4.0		428.3		800		25.0		100.0
load=100.00
479988	41.3		10.4		4.0		428.3		800		25.0		100.0
load=100.00
480497	41.3		10.4		4.0		428.3		800		25.0		100.0