tiempo[ms]V_Panel[V]	I_Panel[A]	R_Carga[Ohms]	P_Panel[W]	G[W/m2]	T[°C]	Load[%]
load=50.79
536	42.9		9.9		4.3		424.9		800		25.0		50.8
load=51.70
2036	43.4		9.9		4.4		429.9		800		25.0		51.7
load=51.42
2541	43.2		9.9		4.4		429.4		800		25.0		51.4
load=52.48
3050	42.9		9.9		4.3		425.5		800		25.0		52.5
load=53.44
3559	43.1		9.9		4.3		427.3		800		25.0		53.4
load=52.54
4068	42.6		9.9		4.3		422.3		800		25.0		52.5
load=53.16
4577	42.5		9.9		4.3		421.2		800		25.0		53.2
load=53.98
5086	43.4		9.9		4.4		430.2		800		25.0		54.0
load=54.42
5595	43.5		9.9		4.4		431.0		800		25.0		54.4
load=53.68
6104	42.1		9.9		4.2		417.4		800		25.0		53.7
load=52.93
6613	43.4		9.9		4.4		429.9		800		25.0		52.9
load=53.37
7122	43.2		9.9		4.4		429.1		800		25.0		53.4
load=54.17
7631	43.4		9.9		4.4		430.5		800		25.0		54.2
load=52.86
8140	43.2		9.9		4.4		428.1		800		25.0		52.9
load=53.65
8649	42.9		9.9		4.3		425.2		800		25.0		53.6
load=52.88
9158	41.9		9.9		4.2		415.4		800		25.0		52.9
load=52.07
9667	43.4		9.9		4.4		430.2		800		25.0		52.1
load=51.28
10176	43.7		9.9		4.4		433.1		800		25.0		51.3
load=52.10
10685	42.9		9.9		4.3		425.5		800		25.0		52.1
load=53.01
11194	43.4		9.9		4.4		430.5		800		25.0		53.0
load=53.63
11703	43.5		9.9		4.4		431.7		800		25.0		53.6
load=54.38
12212	44.1		9.9		4.4		437.1		800		25.0		54.4
load=53.72
12721	43.5		9.9		4.4		432.3		800		25.0		53.7
load=54.56
13230	42.9		9.9		4.3		426.2		800		25.0		54.6
load=55.34
13739	44.8		9.9		4.5		444.7		800		25.0		55.3
load=54.51
14248	43.4		9.9		4.4		429.6		800		25.0		54.5
load=55.13
14757	42.8		9.9		4.3		425.0		800		25.0		55.1
load=55.41
15266	42.9		9.9		4.3		425.5		800		25.0		55.4
load=56.24
15775	43.7		9.9		4.4		433.1		800		25.0		56.2
load=56.44
16284	43.7		9.9		4.4		433.1		800		25.0		56.4
load=57.29
16793	44.1		9.9		4.4		437.8		800		25.0		57.3
load=56.52
17302	43.1		9.9		4.3		428.2		800		25.0		56.5
load=57.46
17811	41.9		9.9		4.2		414.1		800		25.0		57.5
load=58.42
18320	42.9		9.9		4.3		426.5		800		25.0		58.4
load=57.56
18829	41.9		9.9		4.2		415.4		800		25.0		57.6
load=56.66
19338	42.6		9.9		4.3		423.6		800		25.0		56.7
load=56.21
19847	42.8		9.9		4.3		424.4		800		25.0		56.2
load=55.44
20356	43.8		9.9		4.4		434.2		800		25.0		55.4
load=56.23
20865	42.6		9.9		4.3		422.6		800		25.0		56.2
load=57.06
21374	43.4		9.9		4.4		430.2		800		25.0		57.1
load=56.27
21883	43.1		9.9		4.3		427.3		800		25.0		56.3
load=57.06
22392	42.5		9.9		4.3		421.5		800		25.0		57.1
load=57.87
22901	44.0		9.9		4.4		436.3		800		25.0		57.9
load=57.04
23410	43.2		9.9		4.4		428.8		800		25.0		57.0
load=57.84
23919	43.1		9.9		4.3		427.3		800		25.0		57.8
load=58.28
24428	43.2		9.9		4.4		428.1		800		25.0		58.3
load=57.58
24937	42.1		9.9		4.2		417.7		800		25.0		57.6
load=56.77
25446	44.1		9.9		4.4		438.4		800		25.0		56.8
load=57.58
25955	42.6		9.9		4.3		423.6		800		25.0		57.6
load=58.25
26464	43.2		9.9		4.4		428.4		800		25.0		58.2
load=59.21
26973	43.4		9.9		4.4		430.2		800		25.0		59.2
load=58.40
27482	42.2		9.9		4.3		418.3		800		25.0		58.4
load=57.52
27991	42.5		9.9		4.3		421.5		800		25.0		57.5
load=57.32
28500	42.5		9.9		4.3		421.6		800		25.0		57.3
load=57.52
29009	42.5		9.9		4.3		421.5		800		25.0		57.5
load=58.37
29518	42.9		9.9		4.3		426.2		800		25.0		58.4
load=57.49
30027	42.6		9.9		4.3		422.9		800		25.0		57.5
load=56.75
30536	43.5		9.9		4.4		431.0		800		25.0		56.8
load=57.66
31045	43.1		9.9		4.4		426.0		800		25.0		57.7
load=57.21
31554	42.8		9.9		4.3		424.4		800		25.0		57.2
load=57.41
32063	42.8		9.9		4.3		423.8		800		25.0		57.4
load=58.23
32572	43.8		9.9		4.4		434.2		800		25.0		58.2
load=57.44
33081	42.5		9.9		4.3		421.2		800		25.0		57.4
load=58.15
33590	42.2		9.9		4.3		418.6		800		25.0		58.1
load=58.85
34099	42.5		9.9		4.3		421.2		800		25.0		58.9
load=57.89
34608	42.2		9.9		4.3		417.7		800		25.0		57.9
load=56.89
35117	42.8		9.9		4.3		425.0		800		25.0		56.9
load=56.69
35626	42.9		9.9		4.3		425.2		800		25.0		56.7
load=55.83
36135	43.7		9.9		4.4		433.1		800		25.0		55.8
load=57.14
36644	43.5		9.9		4.4		430.7		800		25.0		57.1
load=56.78
37153	43.2		9.9		4.4		429.4		800		25.0		56.8
load=57.83
37662	42.9		9.9		4.3		425.5		800		25.0		57.8
load=58.66
38171	43.7		9.9		4.4		433.1		800		25.0		58.7
load=57.69
38680	43.4		9.9		4.4		429.6		800		25.0		57.7
load=58.53
39189	42.2		9.9		4.3		417.3		800		25.0		58.5
load=59.38
39698	43.5		9.9		4.4		431.3		800		25.0		59.4
load=58.54
40207	42.5		9.9		4.3		420.6		800		25.0		58.5
load=57.66
40716	42.8		9.9		4.3		423.8		800		25.0		57.7
load=58.37
41225	42.5		9.9		4.3		421.2		800		25.0		58.4
load=59.05
41734	42.9		9.9		4.3		424.9		800		25.0		59.0
load=59.25
42243	42.9		9.9		4.3		425.8		800		25.0		59.2
load=58.17
42752	42.7		9.9		4.3		422.3		800		25.0		58.2
load=57.28
43261	42.9		9.9		4.3		425.2		800		25.0		57.3
load=57.08
43770	42.9		9.9		4.3		426.2		800		25.0		57.1
load=58.00
44279	42.3		9.9		4.3		419.4		800		25.0		58.0
load=58.20
44788	42.3		9.9		4.3		420.7		800		25.0		58.2
load=58.57
45297	42.6		9.9		4.3		422.0		800		25.0		58.6
load=59.62
45806	42.9		9.9		4.3		425.8		800		25.0		59.6
load=59.82
46315	42.9		9.9		4.3		425.8		800		25.0		59.8
load=59.00
46824	41.8		9.9		4.2		413.9		800		25.0		59.0
load=58.25
47333	42.3		9.9		4.3		419.4		800		25.0		58.3
load=57.29
47842	42.5		9.9		4.3		421.2		800		25.0		57.3
load=58.08
48351	41.8		9.9		4.2		413.9		800		25.0		58.1
load=58.86
48860	43.5		9.9		4.4		431.0		800		25.0		58.9
load=58.05
49369	42.3		9.9		4.3		419.1		800		25.0		58.0
load=58.25
49878	42.3		9.9		4.3		418.8		800		25.0		58.2
load=59.27
50387	42.8		9.9		4.3		424.4		800		25.0		59.3
load=58.45
50896	41.9		9.9		4.2		415.4		800		25.0		58.4
load=57.82
51405	42.5		9.9		4.3		419.9		800		25.0		57.8
load=56.52
51914	42.6		9.9		4.3		422.3		800		25.0		56.5
load=56.32
52423	42.6		9.9		4.3		422.3		800		25.0		56.3
load=56.94
52932	42.5		9.9		4.3		421.2		800		25.0		56.9
load=56.15
53441	41.6		9.9		4.2		412.5		800		25.0		56.2
load=55.39
53950	42.5		9.9		4.3		420.8		800		25.0		55.4
load=56.18
54459	41.6		9.9		4.2		412.2		800		25.0		56.2
load=57.01
54968	43.5		9.9		4.4		432.0		800		25.0		57.0
load=56.22
55477	42.3		9.9		4.3		420.3		800		25.0		56.2
load=55.39
55986	43.1		9.9		4.3		427.9		800		25.0		55.4
load=57.04
56495	42.9		9.9		4.3		424.9		800		25.0		57.0
load=56.25
57004	41.8		9.9		4.2		413.3		800		25.0		56.3
load=55.46
57513	42.1		9.9		4.2		416.2		800		25.0		55.5
load=55.26
58022	42.1		9.9		4.2		416.2		800		25.0		55.3
load=54.40
58531	42.8		9.9		4.3		424.1		800		25.0		54.4
load=53.66
59040	43.2		9.9		4.4		428.1		800		25.0		53.7
load=54.71
59549	42.9		9.9		4.3		424.3		800		25.0		54.7
load=53.96
60058	42.3		9.9		4.3		418.8		800		25.0		54.0
load=54.73
60567	41.5		9.9		4.2		410.4		800		25.0		54.7
load=55.55
61076	43.1		9.9		4.3		427.0		800		25.0		55.6
load=54.64
61585	42.6		9.9		4.3		422.0		800		25.0		54.6
load=53.94
62094	42.9		9.9		4.3		424.6		800		25.0		53.9
load=54.63
62603	42.2		9.9		4.3		418.3		800		25.0		54.6
load=55.00
63112	42.5		9.9		4.3		419.6		800		25.0		55.0
load=55.20
63621	42.5		9.9		4.3		419.9		800		25.0		55.2
load=56.16
64130	43.1		9.9		4.3		427.0		800		25.0		56.2
load=55.31
64639	42.2		9.9		4.3		417.7		800		25.0		55.3
load=56.27
65148	41.9		9.9		4.2		414.1		800		25.0		56.3
load=57.23
65657	42.3		9.9		4.3		419.4		800		25.0		57.2
load=57.51
66166	42.5		9.9		4.3		419.9		800		25.0		57.5
load=58.37
66675	43.2		9.9		4.4		427.8		800		25.0		58.4
load=57.81
67184	42.8		9.9		4.3		424.7		800		25.0		57.8
load=58.77
67693	41.9		9.9		4.2		414.1		800		25.0		58.8
load=59.70
68202	42.4		9.9		4.3		420.4		800		25.0		59.7
load=58.86
68711	41.9		9.9		4.2		414.7		800		25.0		58.9
load=58.04
69220	42.8		9.9		4.3		423.8		800		25.0		58.0
load=59.00
69729	42.6		9.9		4.3		422.0		800		25.0		59.0
load=58.21
70238	41.6		9.9		4.2		411.8		800		25.0		58.2
load=57.42
70747	41.9		9.9		4.2		414.7		800		25.0		57.4
load=56.12
71256	42.1		9.9		4.2		417.1		800		25.0		56.1
load=56.32
71765	42.1		9.9		4.2		416.8		800		25.0		56.3
load=56.89
72274	42.5		9.9		4.3		419.9		800		25.0		56.9
load=57.09
72783	42.5		9.9		4.3		421.2		800		25.0		57.1
load=56.30
73292	42.3		9.9		4.3		419.7		800		25.0		56.3
load=56.50
73801	42.3		9.9		4.3		419.1		800		25.0		56.5
load=56.70
74310	42.3		9.9		4.3		419.4		800		25.0		56.7
load=55.82
74819	42.1		9.9		4.2		416.2		800		25.0		55.8
load=55.37
75328	42.2		9.9		4.3		417.0		800		25.0		55.4
load=54.58
75837	42.5		9.9		4.3		419.9		800		25.0		54.6
load=53.44
76346	42.8		9.9		4.3		424.1		800		25.0		53.4
load=54.66
76855	42.5		9.9		4.3		419.6		800		25.0		54.7
load=54.04
77364	41.8		9.9		4.2		413.9		800		25.0		54.0
load=53.41
77873	42.1		9.9		4.2		416.2		800		25.0		53.4
load=52.62
78382	42.8		9.9		4.3		423.5		800		25.0		52.6
load=53.39
78891	41.9		9.9		4.2		415.1		800		25.0		53.4
load=52.30
79400	41.8		9.9		4.2		413.1		800		25.0		52.3
load=51.60
79909	42.3		9.9		4.3		418.2		800		25.0		51.6
load=52.42
80418	41.3		9.9		4.2		407.7		800		25.0		52.4
load=53.28
80927	43.4		9.9		4.4		429.9		800		25.0		53.3
load=52.46
81436	41.5		9.9		4.2		410.4		800		25.0		52.5
load=51.67
81945	42.2		9.9		4.3		417.7		800		25.0		51.7
load=50.71
82454	42.5		9.9		4.3		421.2		800		25.0		50.7
load=51.67
82963	42.1		9.9		4.3		415.9		800		25.0		51.7
load=53.14
83472	42.2		9.9		4.3		418.6		800		25.0		53.1
load=53.89
83981	42.8		9.9		4.3		424.1		800		25.0		53.9
load=53.02
84490	41.8		9.9		4.2		413.0		800		25.0		53.0
load=52.16
84999	42.5		9.9		4.3		420.9		800		25.0		52.2
load=53.80
85508	42.3		9.9		4.3		417.9		800		25.0		53.8
load=54.73
86017	43.1		9.9		4.4		426.4		800		25.0		54.7
load=53.94
86526	42.1		9.9		4.2		416.2		800		25.0		53.9
load=53.26
87035	42.5		9.9		4.3		419.9		800		25.0		53.3
load=53.71
87544	42.1		9.9		4.2		417.4		800		25.0		53.7
load=54.42
88053	42.3		9.9		4.3		420.0		800		25.0		54.4
load=53.50
88562	41.6		9.9		4.2		411.5		800		25.0		53.5
load=53.70
89071	41.6		9.9		4.2		411.2		800		25.0		53.7
load=54.52
89580	42.5		9.9		4.3		420.2		800		25.0		54.5
load=53.89
90089	42.1		9.9		4.2		416.8		800		25.0		53.9
load=53.52
90598	42.3		9.9		4.3		418.2		800		25.0		53.5
load=54.11
91107	41.8		9.9		4.2		413.9		800		25.0		54.1
load=52.81
91616	41.6		9.9		4.2		411.5		800		25.0		52.8
load=52.08
92125	42.1		9.9		4.3		415.6		800		25.0		52.1
load=51.88
92634	42.1		9.9		4.3		415.6		800		25.0		51.9
load=51.68
93143	42.1		9.9		4.2		416.2		800		25.0		51.7
load=52.47
93652	41.6		9.9		4.2		411.8		800		25.0		52.5
load=53.43
94161	41.8		9.9		4.2		413.6		800		25.0		53.4
load=54.08
94670	42.6		9.9		4.3		420.8		800		25.0		54.1
load=55.47
95179	42.9		9.9		4.3		425.8		800		25.0		55.5
load=54.56
95688	42.5		9.9		4.3		420.9		800		25.0		54.6
load=54.36
96197	42.5		9.9		4.3		420.9		800		25.0		54.4
load=54.16
96706	42.5		9.9		4.3		421.2		800		25.0		54.2
load=53.50
97215	43.1		9.9		4.4		426.0		800		25.0		53.5
load=54.25
97724	41.9		9.9		4.2		415.1		800		25.0		54.2
load=55.04
98233	42.3		9.9		4.3		419.4		800		25.0		55.0
load=55.72
98742	42.8		9.9		4.3		423.1		800		25.0		55.7
load=55.01
99251	41.9		9.9		4.2		415.4		800		25.0		55.0
load=54.50
99760	42.3		9.9		4.3		418.2		800		25.0		54.5
load=55.23
100269	41.2		9.9		4.2		407.5		800		25.0		55.2
load=55.77
100778	41.5		9.9		4.2		409.5		800		25.0		55.8
load=56.58
101287	42.9		9.9		4.3		424.3		800		25.0		56.6
load=55.96
101796	42.8		9.9		4.3		423.1		800		25.0		56.0
load=56.73
102305	41.5		9.9		4.2		410.4		800		25.0		56.7
load=57.42
102814	42.2		9.9		4.3		416.7		800		25.0		57.4
load=57.62
103323	42.2		9.9		4.3		417.7		800		25.0		57.6
load=57.82
103832	42.3		9.9		4.3		417.9		800		25.0		57.8
load=57.10
104341	41.3		9.9		4.2		408.6		800		25.0		57.1
load=56.30
104850	42.3		9.9		4.3		418.9		800		25.0		56.3
load=55.64
105359	42.6		9.9		4.3		421.4		800		25.0		55.6
load=56.47
105868	42.1		9.9		4.3		415.3		800		25.0		56.5
load=57.35
106377	42.6		9.9		4.3		421.7		800		25.0		57.3
load=56.55
106886	42.1		9.9		4.3		415.9		800		25.0		56.6
load=55.68
107395	42.9		9.9		4.3		425.5		800		25.0		55.7
load=56.57
107904	41.8		9.9		4.2		412.4		800		25.0		56.6
load=58.20
108413	41.9		9.9		4.2		415.4		800		25.0		58.2
load=58.91
108922	42.2		9.9		4.3		418.0		800		25.0		58.9
load=57.99
109431	41.6		9.9		4.2		411.2		800		25.0		58.0
load=57.13
109940	42.9		9.9		4.3		425.5		800		25.0		57.1
load=57.95
110449	42.1		9.9		4.2		416.5		800		25.0		57.9
load=58.74
110958	42.8		9.9		4.3		423.8		800		25.0		58.7
load=58.03
111467	41.9		9.9		4.2		416.0		800		25.0		58.0
load=59.83
111976	41.8		9.9		4.2		412.7		800		25.0		59.8
load=60.73
112485	42.6		9.9		4.3		422.6		800		25.0		60.7
load=59.69
112994	42.1		9.9		4.3		415.0		800		25.0		59.7
load=58.81
113503	42.6		9.9		4.3		421.4		800		25.0		58.8
load=59.60
114012	42.2		9.9		4.3		417.0		800		25.0		59.6
load=60.52
114521	42.8		9.9		4.3		423.8		800		25.0		60.5
load=59.68
115030	41.8		9.9		4.2		413.0		800		25.0		59.7
load=58.72
115539	41.9		9.9		4.2		414.7		800		25.0		58.7
load=57.76
116048	42.2		9.9		4.3		418.3		800		25.0		57.8
load=57.00
116557	43.1		9.9		4.3		426.7		800		25.0		57.0
load=57.93
117066	42.3		9.9		4.3		418.2		800		25.0		57.9
load=58.85
117575	43.1		9.9		4.3		426.7		800		25.0		58.9
load=58.06
118084	42.1		9.9		4.2		416.5		800		25.0		58.1
load=58.69
118593	41.8		9.9		4.2		414.2		800		25.0		58.7
load=59.33
119102	42.2		9.9		4.3		418.1		800		25.0		59.3
load=58.46
119611	41.9		9.9		4.2		414.4		800		25.0		58.5
load=57.76
120120	42.2		9.9		4.3		417.0		800		25.0		57.8
load=58.46
120629	41.9		9.9		4.2		414.4		800		25.0		58.5
load=59.14
121138	42.3		9.9		4.3		418.2		800		25.0		59.1
load=58.45
121647	41.6		9.9		4.2		411.8		800		25.0		58.5
load=57.72
122156	42.9		9.9		4.3		424.0		800		25.0		57.7
load=58.42
122665	42.6		9.9		4.3		421.4		800		25.0		58.4
load=57.63
123174	42.3		9.9		4.3		418.5		800		25.0		57.6
load=56.78
123683	42.8		9.9		4.3		423.1		800		25.0		56.8
load=57.40
124192	42.6		9.9		4.3		422.0		800		25.0		57.4
load=58.11
124701	42.9		9.9		4.3		424.6		800		25.0		58.1
load=57.49
125210	42.8		9.9		4.3		423.5		800		25.0		57.5
load=58.24
125719	42.2		9.9		4.3		418.0		800		25.0		58.2
load=58.95
126228	42.8		9.9		4.3		423.1		800		25.0		58.9
load=58.24
126737	42.2		9.9		4.3		418.0		800		25.0		58.2
load=58.44
127246	42.2		9.9		4.3		417.7		800		25.0		58.4
load=59.23
127755	42.3		9.9		4.3		419.1		800		25.0		59.2
load=58.44
128264	41.9		9.9		4.2		414.7		800		25.0		58.4
load=57.73
128773	42.2		9.9		4.3		417.3		800		25.0		57.7
load=58.35
129282	42.1		9.9		4.2		416.2		800		25.0		58.4
load=57.73
129791	41.8		9.9		4.2		413.9		800		25.0		57.7
load=57.08
130300	42.1		9.9		4.2		416.3		799		25.0		57.1
load=56.50
130809	42.2		9.9		4.3		417.3		799		25.0		56.5
load=56.99
131318	42.5		9.8		4.3		415.6		789		25.0		57.0
load=55.54
131827	41.5		9.6		4.3		397.0		774		25.0		55.5
load=55.74
132336	42.1		9.4		4.5		395.9		760		25.0		55.7
load=54.79
132845	42.5		9.2		4.6		390.7		745		25.0		54.8
load=57.39
133354	42.2		9.0		4.7		381.2		730		25.0		57.4
load=54.39
133863	42.3		8.8		4.8		373.8		715		25.0		54.4
load=55.70
134372	41.5		8.7		4.8		359.4		700		25.0		55.7
load=56.14
134881	43.8		8.5		5.2		372.3		686		25.0		56.1
load=54.38
135390	43.2		8.3		5.2		359.4		671		25.0		54.4
load=55.41
135899	41.5		8.1		5.1		336.9		656		25.0		55.4
load=55.18
136408	42.2		7.9		5.3		334.8		641		25.0		55.2
load=55.38
136917	42.9		7.8		5.5		333.7		627		25.0		55.4
load=53.34
137426	42.5		7.6		5.6		322.5		612		25.0		53.3
load=56.34
137935	42.6		7.4		5.8		316.1		598		25.0		56.3
load=53.34
138444	42.5		7.2		5.9		306.6		583		25.0		53.3
load=53.54
138953	42.5		7.0		6.0		299.5		567		25.0		53.5
load=50.70
139462	42.2		6.8		6.2		289.0		553		25.0		50.7
load=53.70
139971	42.3		6.7		6.3		282.9		538		25.0		53.7
load=53.37
140480	43.1		6.5		6.6		279.9		524		25.0		53.4
load=56.11
140989	42.8		6.3		6.8		269.9		509		25.0		56.1
load=53.11
141498	42.6		6.1		6.9		261.8		495		25.0		53.1
load=55.98
142007	42.3		5.9		7.1		251.3		479		25.0		56.0
load=55.59
142516	43.1		5.8		7.5		247.7		465		25.0		55.6
load=56.90
143025	42.3		5.6		7.6		235.8		450		25.0		56.9
load=55.30
143534	42.6		5.4		7.9		229.9		436		25.0		55.3
load=55.50
144043	42.6		5.2		8.1		223.7		422		25.0		55.5
load=52.50
144552	42.7		5.0		8.5		214.2		405		25.0		52.5
load=54.02
145061	42.2		4.9		8.7		205.0		391		25.0		54.0
load=53.39
145570	42.6		4.7		9.0		201.5		381		25.0		53.4
load=52.87
146079	43.4		4.8		9.1		206.2		382		25.0		52.9
load=53.11
146588	42.3		4.8		8.8		203.2		388		25.0		53.1
load=53.88
147097	43.5		4.9		8.8		214.6		399		25.0		53.9
load=53.63
147606	42.6		5.0		8.6		211.8		400		25.0		53.6
load=53.40
148115	42.8		5.0		8.6		212.2		400		25.0		53.4
load=52.49
148624	42.9		5.0		8.6		213.9		400		25.0		52.5
load=52.93
149133	41.8		5.0		8.4		207.4		400		25.0		52.9
load=53.29
149642	42.3		5.0		8.5		210.0		400		25.0		53.3
load=53.64
150151	42.9		5.0		8.7		212.6		400		25.0		53.6
load=53.31
150660	42.2		5.0		8.5		209.6		400		25.0		53.3
load=53.67
151169	41.6		5.0		8.4		207.0		400		25.0		53.7
load=53.47
151678	41.6		4.9		8.4		205.8		400		25.0		53.5
load=53.03
152187	42.9		5.0		8.7		212.9		400		25.0		53.0
load=53.43
152696	42.2		5.0		8.5		209.3		400		25.0		53.4
load=53.86
153205	42.9		5.0		8.6		213.2		400		25.0		53.9
load=53.45
153714	41.6		5.0		8.4		206.4		400		25.0		53.4
load=53.02
154223	42.3		5.0		8.5		210.3		400		25.0		53.0
load=52.79
154732	42.6		5.0		8.6		211.2		400		25.0		52.8
load=52.28
155241	43.5		5.0		8.7		216.8		400		25.0		52.3
load=52.73
155750	42.5		5.0		8.6		211.0		400		25.0		52.7
load=53.00
156259	42.6		5.0		8.6		211.5		400		25.0		53.0
load=53.35
156768	43.2		5.0		8.7		214.1		400		25.0		53.4
load=53.05
157277	42.2		5.0		8.5		210.2		400		25.0		53.1
load=52.73
157786	43.2		5.0		8.7		214.4		400		25.0		52.7
load=53.13
158295	42.3		5.0		8.5		210.0		400		25.0		53.1
load=53.47
158804	43.4		4.9		8.8		214.5		400		25.0		53.5
load=53.13
159313	41.9		5.0		8.4		208.1		400		25.0		53.1
load=52.83
159822	42.6		4.9		8.6		210.8		400		25.0		52.8
load=52.18
160331	42.9		5.0		8.6		213.2		400		25.0		52.2
load=52.58
160840	42.2		5.0		8.5		209.6		400		25.0		52.6
load=53.01
161349	42.9		5.0		8.6		213.6		400		25.0		53.0
load=53.41
161858	43.4		5.0		8.7		215.7		400		25.0		53.4
load=52.89
162367	42.5		4.9		8.6		210.1		400		25.0		52.9
load=51.99
162876	42.6		5.0		8.6		211.8		400		25.0		52.0
load=51.59
163385	43.4		5.0		8.7		215.4		400		25.0		51.6
load=51.99
163894	43.2		5.0		8.7		214.7		400		25.0		52.0
load=51.52
164403	42.5		5.0		8.6		210.4		400		25.0		51.5
load=50.95
164912	42.9		5.0		8.6		213.6		400		25.0		51.0
load=50.64
165421	43.2		5.0		8.7		214.7		400		25.0		50.6
load=50.95
165930	42.9		5.0		8.6		213.6		400		25.0		51.0
load=51.44
166439	43.2		5.0		8.7		215.3		400		25.0		51.4
load=50.87
166948	42.8		5.0		8.6		212.2		400		25.0		50.9
load=51.32
167457	42.3		5.0		8.6		209.7		400		25.0		51.3
load=51.12
167966	42.3		4.9		8.6		209.4		400		25.0		51.1
load=50.62
168475	43.1		5.0		8.7		214.0		401		25.0		50.6
load=50.82
168984	42.6		5.0		8.5		213.0		401		25.0		50.8
load=50.62
169493	42.6		5.0		8.6		212.4		401		25.0		50.6
load=50.30
170002	43.0		5.0		8.6		213.7		401		25.0		50.3
load=49.71
170511	43.2		5.0		8.7		215.6		402		25.0		49.7
load=49.98
171020	42.6		5.0		8.5		213.7		402		25.0		50.0
load=51.16
171529	43.2		5.1		8.4		222.3		414		25.0		51.2
load=51.77
172038	42.6		5.3		8.0		226.8		429		25.0		51.8
load=52.70
172547	42.2		5.5		7.7		231.9		443		25.0		52.7
load=55.70
173056	42.3		5.7		7.4		241.0		460		25.0		55.7
load=56.82
173565	43.2		5.9		7.4		253.3		474		25.0		56.8
load=59.82
174074	43.1		6.1		7.1		261.6		489		25.0		59.8
load=62.82
174583	42.9		6.2		6.9		268.0		503		25.0		62.8
load=65.82
175092	42.8		6.4		6.7		273.9		517		25.0		65.8
load=68.17
175601	43.2		6.6		6.5		286.9		534		25.0		68.2
load=68.95
176110	42.8		6.8		6.3		291.2		548		25.0		69.0
load=70.36
176619	42.5		7.0		6.1		296.3		563		25.0		70.4
load=73.36
177128	42.6		7.2		6.0		304.9		576		25.0		73.4
load=74.66
177637	43.7		7.4		5.9		321.5		592		25.0		74.7
load=74.86
178146	42.9		7.5		5.7		321.7		606		25.0		74.9
load=75.24
178655	42.2		7.7		5.5		325.2		622		25.0		75.2
load=76.27
179164	43.8		7.9		5.5		346.0		636		25.0		76.3
load=77.90
179673	43.5		8.1		5.4		352.0		651		25.0		77.9
load=78.10
180182	42.8		8.2		5.2		352.3		665		25.0		78.1
load=79.89
180691	43.4		8.4		5.1		365.4		679		25.0		79.9
load=82.89
181200	43.2		8.6		5.0		372.1		696		25.0		82.9
load=83.68
181709	42.8		8.8		4.9		376.4		710		25.0		83.7
load=85.29
182218	43.5		9.0		4.8		391.2		725		25.0		85.3
load=85.09
182727	42.6		9.2		4.7		390.8		740		25.0		85.1
load=84.89
183236	42.6		9.3		4.6		397.3		751		25.0		84.9
load=84.20
183745	43.1		9.3		4.6		401.1		751		25.0		84.2
load=82.90
184254	44.1		9.5		4.7		417.8		764		25.0		82.9
load=83.30
184763	42.6		9.6		4.4		410.4		778		25.0		83.3
load=86.30
185272	42.9		9.8		4.4		422.1		792		25.0		86.3
load=87.20
185781	43.7		9.9		4.4		430.2		795		25.0		87.2
load=86.55
186290	42.8		9.9		4.3		423.1		797		25.0		86.5
load=85.72
186799	43.5		9.9		4.4		430.7		799		25.0		85.7
load=86.37
187308	42.6		9.9		4.3		423.6		800		25.0		86.4
load=87.13
187817	43.4		9.9		4.4		430.5		800		25.0		87.1
load=87.33
188326	43.4		10.0		4.4		431.8		800		25.0		87.3
load=87.13
188835	43.4		9.9		4.4		429.9		801		25.0		87.1
load=87.88
189344	42.8		9.9		4.3		424.4		800		25.0		87.9
load=88.68
189853	43.1		9.9		4.3		427.3		800		25.0		88.7
load=87.97
190362	42.8		9.9		4.3		424.7		800		25.0		88.0
load=87.35
190871	43.1		9.9		4.3		427.0		800		25.0		87.3
load=86.60
191380	43.7		9.9		4.4		432.5		800		25.0		86.6
load=85.46
191889	43.8		9.9		4.4		434.6		800		25.0		85.5
load=86.21
192398	43.2		9.9		4.4		429.1		800		25.0		86.2
load=86.94
192907	43.7		9.9		4.4		433.1		800		25.0		86.9
load=86.32
193416	43.2		9.9		4.3		429.7		800		25.0		86.3
load=86.52
193925	43.2		9.9		4.4		429.1		800		25.0		86.5
load=86.72
194434	43.2		9.9		4.4		429.1		800		25.0		86.7
load=87.40
194943	43.7		9.9		4.4		432.8		800		25.0		87.4
load=86.93
195452	43.4		9.9		4.4		431.4		800		25.0		86.9
load=86.14
195961	43.5		9.9		4.4		432.3		800		25.0		86.1
load=86.91
196470	42.3		9.9		4.3		421.0		800		25.0		86.9
load=87.61
196979	43.4		9.9		4.4		429.9		800		25.0		87.6
load=86.81
197488	43.2		9.9		4.4		428.4		800		25.0		86.8
load=87.52
197997	42.9		9.9		4.3		425.8		800		25.0		87.5
load=88.36
198506	43.5		9.9		4.4		432.0		800		25.0		88.4
load=89.06
199015	44.1		9.9		4.4		437.1		800		25.0		89.1
load=88.27
199524	43.2		9.9		4.4		428.4		800		25.0		88.3
load=87.30
200033	43.4		9.9		4.4		430.2		800		25.0		87.3
load=86.51
200542	43.7		9.9		4.4		433.1		800		25.0		86.5
load=85.54
201051	44.0		9.9		4.4		436.7		800		25.0		85.5
load=86.16
201560	43.8		9.9		4.4		435.5		800		25.0		86.2
load=85.25
202069	42.9		9.9		4.3		425.5		800		25.0		85.3
load=84.28
202578	43.4		9.9		4.4		430.8		800		25.0		84.3
load=85.08
203087	43.1		9.9		4.3		427.9		800		25.0		85.1
load=83.94
203596	42.9		9.9		4.3		425.8		800		25.0		83.9
load=84.39
204105	42.8		9.9		4.3		425.0		800		25.0		84.4
load=85.13
204614	43.7		9.9		4.4		433.1		800		25.0		85.1
load=84.42
205123	43.4		9.9		4.4		430.5		800		25.0		84.4
load=85.30
205632	42.8		9.9		4.3		424.1		800		25.0		85.3
load=86.27
206141	42.9		9.9		4.3		425.8		800		25.0		86.3
load=87.12
206650	43.5		9.9		4.4		432.1		800		25.0		87.1
load=86.27
207159	42.9		9.9		4.3		425.8		800		25.0		86.3
load=87.23
207668	42.8		9.9		4.3		424.1		800		25.0		87.2
load=87.43
208177	42.8		9.9		4.3		425.3		800		25.0		87.4
load=86.46
208686	42.6		9.9		4.3		423.6		800		25.0		86.5
load=85.67
209195	42.8		9.9		4.3		425.0		800		25.0		85.7
load=84.83
209704	43.4		9.9		4.4		431.2		800		25.0		84.8
load=85.97
210213	43.2		9.9		4.4		429.1		800		25.0		86.0
load=86.59
210722	43.4		9.9		4.4		430.2		800		25.0		86.6
load=87.46
211231	44.1		9.9		4.4		438.1		800		25.0		87.5
load=86.63
211740	43.2		9.9		4.4		429.1		800		25.0		86.6
load=87.43
212249	42.6		9.9		4.3		423.3		800		25.0		87.4
load=88.22
212758	44.2		9.9		4.5		439.2		800		25.0		88.2
load=88.96
213267	44.7		9.9		4.5		443.3		800		25.0		89.0
load=88.25
213776	43.5		9.9		4.4		432.9		800		25.0		88.3
load=87.98
214285	43.7		9.9		4.4		433.4		800		25.0		88.0
load=87.30
214794	44.1		9.9		4.4		437.1		800		25.0		87.3
load=87.74
215303	43.8		9.9		4.4		435.5		800		25.0		87.7
load=87.94
215812	43.8		9.9		4.4		435.5		800		25.0		87.9
load=87.06
216321	43.5		9.9		4.4		432.3		800		25.0		87.1
load=87.93
216830	42.8		9.9		4.3		424.4		800		25.0		87.9
load=88.72
217339	44.0		9.9		4.4		436.0		800		25.0		88.7
load=89.78
217848	44.2		9.9		4.5		439.9		800		25.0		89.8
load=88.85
218357	43.7		9.9		4.4		433.1		800		25.0		88.9
load=87.71
218866	43.8		9.9		4.4		435.2		800		25.0		87.7
load=87.09
219375	44.0		9.9		4.4		436.3		800		25.0		87.1
load=87.71
219884	43.8		9.9		4.4		435.2		800		25.0		87.7
load=86.91
220393	43.4		9.9		4.4		430.8		800		25.0		86.9
load=86.29
220902	43.5		9.9		4.4		432.0		800		25.0		86.3
load=86.09
221411	43.5		9.9		4.4		432.0		799		25.0		86.1
load=87.49
221920	43.2		9.9		4.4		426.9		797		25.0		87.5
load=84.49
222429	43.1		9.7		4.4		418.5		783		25.0		84.5
load=84.69
222938	43.1		9.5		4.5		410.6		768		25.0		84.7
load=84.89
223447	43.8		9.4		4.7		410.8		754		25.0		84.9
load=82.58
223956	43.4		9.2		4.7		398.1		738		25.0		82.6
load=84.64
224465	43.7		8.9		4.9		390.6		723		25.0		84.6
load=84.44
224974	43.7		8.8		5.0		384.8		709		25.0		84.4
load=87.44
225483	43.5		8.6		5.0		375.5		695		25.0		87.4
load=86.61
225992	44.0		8.4		5.2		371.0		680		25.0		86.6
load=89.61
226501	43.8		8.2		5.3		360.7		664		25.0		89.6
load=88.00
227010	43.2		8.1		5.4		349.0		650		25.0		88.0
load=88.20
227519	44.0		7.9		5.6		347.8		635		25.0		88.2
load=86.76
228028	43.1		7.7		5.6		332.0		621		25.0		86.8
load=89.76
228537	42.9		7.5		5.7		323.3		606		25.0		89.8
load=89.56
229046	42.9		7.4		5.8		316.7		592		25.0		89.6
load=90.02
229555	43.7		7.2		6.1		312.5		576		25.0		90.0
load=87.02
230064	43.8		7.0		6.3		305.5		562		25.0		87.0
load=87.22
230573	43.8		6.8		6.5		297.5		547		25.0		87.2
load=85.64
231082	43.2		6.6		6.5		285.9		532		25.0		85.6
load=85.84
231591	44.1		6.4		6.8		284.0		518		25.0		85.8
load=82.84
232100	44.0		6.3		7.0		275.2		502		25.0		82.8
load=83.04
232609	44.0		6.1		7.2		266.6		488		25.0		83.0
load=80.46
233118	43.7		5.9		7.4		257.2		473		25.0		80.5
load=83.10
233627	43.4		5.7		7.6		247.5		459		25.0		83.1
load=82.09
234136	43.8		5.5		7.9		242.0		444		25.0		82.1
load=82.76
234645	44.4		5.3		8.3		237.1		429		25.0		82.8
load=81.81
235154	43.2		5.2		8.4		223.2		414		25.0		81.8
load=82.13
235663	44.2		5.0		8.9		219.1		399		25.0		82.1
load=81.37
236172	43.1		4.8		8.9		208.0		385		25.0		81.4
load=81.57
236681	43.1		4.6		9.4		198.2		370		25.0		81.6
load=81.32
237190	44.0		4.4		9.9		195.5		356		25.0		81.3
load=82.22
237699	44.5		4.2		10.5		188.9		340		25.0		82.2
load=80.41
238208	44.1		4.1		10.9		179.0		326		25.0		80.4
load=81.20
238717	43.7		4.0		10.9		174.7		320		25.0		81.2
load=81.40
239226	44.4		4.0		11.2		175.6		318		25.0		81.4
load=79.49
239735	44.2		3.9		11.4		172.1		314		25.0		79.5
load=79.74
240244	43.4		3.9		11.1		169.3		311		25.0		79.7
load=78.22
240753	43.2		3.9		11.2		166.6		308		25.0		78.2
load=78.02
241262	44.1		3.8		11.6		168.3		304		25.0		78.0
load=78.44
241771	43.7		3.8		11.5		166.0		302		25.0		78.4
load=77.67
242280	43.2		3.7		11.5		161.8		300		25.0		77.7
load=77.43
242789	43.7		3.7		11.7		163.1		299		25.0		77.4
load=76.61
243298	43.8		3.8		11.7		164.6		300		25.0		76.6
load=77.08
243807	43.5		3.7		11.6		162.9		300		25.0		77.1
load=77.47
244316	43.8		3.8		11.7		164.3		300		25.0		77.5
load=77.17
244825	43.7		3.8		11.6		163.8		300		25.0		77.2
load=77.56
245334	43.4		3.7		11.6		162.4		300		25.0		77.6
load=77.77
245843	44.0		3.7		11.8		163.9		300		25.0		77.8
load=77.57
246352	43.7		3.7		11.7		163.2		300		25.0		77.6
load=77.82
246861	42.6		3.8		11.4		159.9		300		25.0		77.8
load=78.12
247370	44.0		3.8		11.7		164.9		300		25.0		78.1
load=78.32
247879	44.0		3.8		11.7		164.9		300		25.0		78.3
load=78.62
248388	44.1		3.8		11.8		165.4		300		25.0		78.6
load=78.38
248897	43.2		3.8		11.5		162.8		300		25.0		78.4
load=78.58
249406	43.2		3.7		11.6		161.5		300		25.0		78.6
load=78.95
249915	44.0		3.8		11.7		164.9		300		25.0		78.9
load=79.25
250424	44.4		3.8		11.8		166.5		300		25.0		79.2
load=78.95
250933	43.8		3.8		11.7		164.3		300		25.0		78.9
load=79.36
251442	43.4		3.7		11.6		162.0		300		25.0		79.4
load=79.78
251951	43.8		3.8		11.7		164.3		300		25.0		79.8
load=80.02
252460	44.2		3.7		11.8		165.7		300		25.0		80.0
load=80.22
252969	44.2		3.8		11.8		166.3		300		25.0		80.2
load=79.83
253478	44.0		3.8		11.7		164.9		300		25.0		79.8
load=80.22
253987	43.7		3.7		11.7		163.5		300		25.0		80.2
load=80.46
254496	44.1		3.7		11.8		164.8		300		25.0		80.5
load=80.66
255005	44.1		3.8		11.8		165.4		300		25.0		80.7
load=80.18
255514	43.8		3.7		11.7		163.7		300		25.0		80.2
load=80.53
256023	43.2		3.7		11.6		161.2		300		25.0		80.5
load=80.95
256532	43.8		3.8		11.7		164.3		300		25.0		81.0
load=80.55
257041	43.1		3.7		11.6		160.6		300		25.0		80.6
load=80.21
257550	44.0		3.7		11.8		164.4		300		25.0		80.2
load=80.00
258059	44.1		3.7		11.8		164.8		300		25.0		80.0
load=80.28
258568	42.2		3.7		11.3		158.0		300		25.0		80.3
load=80.66
259077	43.2		3.8		11.5		162.8		300		25.0		80.7
load=80.86
259586	44.0		3.7		11.8		164.2		300		25.0		80.9
load=80.56
260095	43.4		3.7		11.6		162.0		300		25.0		80.6
load=80.22
260604	44.0		3.7		11.7		164.6		300		25.0		80.2
load=80.42
261113	43.5		3.8		11.6		163.5		300		25.0		80.4
load=80.62
261622	43.7		3.8		11.6		163.8		300		25.0		80.6
load=81.00
262131	44.0		3.8		11.7		165.2		300		25.0		81.0
load=80.70
262640	42.8		3.8		11.4		160.8		300		25.0		80.7
load=80.47
263149	44.0		3.7		11.8		164.2		300		25.0		80.5
load=80.08
263658	44.2		3.7		11.8		165.7		300		25.0		80.1
load=80.45
264167	43.5		3.7		11.7		162.3		300		25.0		80.5
load=80.67
264676	43.4		3.8		11.6		162.7		300		25.0		80.7
load=80.47
265185	43.7		3.7		11.7		162.5		300		25.0		80.5
load=80.12
265694	44.1		3.7		11.8		164.5		300		25.0		80.1
load=80.32
266203	43.7		3.8		11.6		163.8		300		25.0		80.3
load=80.57
266712	44.2		3.7		11.8		165.7		300		25.0		80.6
load=80.32
267221	43.7		3.8		11.6		163.8		300		25.0		80.3
load=80.52
267730	43.4		3.8		11.5		163.3		300		25.0		80.5
load=80.72
268239	43.8		3.8		11.7		164.3		300		25.0		80.7
load=80.42
268748	43.4		3.8		11.6		162.7		300		25.0		80.4
load=80.22
269257	44.1		3.7		11.9		164.1		300		25.0		80.2
load=80.54
269766	43.2		3.7		11.6		160.5		300		25.0		80.5
load=80.89
270275	44.2		3.7		11.9		165.0		300		25.0		80.9
load=81.72
270784	44.4		3.8		11.8		166.5		300		25.0		81.7
load=82.11
271293	44.7		3.8		11.9		168.0		300		25.0		82.1
load=81.71
271802	43.4		3.7		11.7		161.7		300		25.0		81.7
load=80.02
272311	43.5		3.8		11.6		163.2		300		25.0		80.0
load=80.23
272820	43.2		3.8		11.5		162.4		300		25.0		80.2
load=80.59
273329	43.7		3.8		11.6		164.4		300		25.0		80.6
load=80.06
273838	43.2		3.7		11.6		161.5		300		25.0		80.1
load=79.62
274347	44.0		3.8		11.7		165.5		300		25.0		79.6
load=79.98
274856	43.1		3.8		11.5		161.6		300		25.0		80.0
load=80.28
275365	43.8		3.8		11.7		164.3		300		25.0		80.3
load=79.89
275874	43.2		3.7		11.6		161.5		300		25.0		79.9
load=80.16
276383	42.5		3.7		11.4		159.1		300		25.0		80.2
load=80.48
276892	43.7		3.8		11.6		163.8		300		25.0		80.5
load=80.11
277401	42.9		3.7		11.5		160.4		300		25.0		80.1
load=79.64
277910	43.4		3.8		11.5		163.0		300		25.0		79.6
load=79.36
278419	44.4		3.8		11.8		166.5		300		25.0		79.4
load=80.01
278928	44.2		3.7		11.8		165.3		300		25.0		80.0
load=79.36
279437	44.1		3.7		11.9		164.1		300		25.0		79.4
load=79.56
279946	43.1		3.8		11.5		161.6		300		25.0		79.6
load=79.81
280455	44.1		3.7		11.8		164.8		300		25.0		79.8
load=80.38
280964	44.4		3.8		11.8		166.8		300		25.0		80.4
load=80.01
281473	43.2		3.7		11.6		161.5		300		25.0		80.0
load=79.71
281982	43.5		3.7		11.6		162.6		300		25.0		79.7
load=80.01
282491	42.6		3.7		11.4		159.3		300		25.0		80.0
load=80.38
283000	43.5		3.8		11.6		163.3		300		25.0		80.4
load=80.04
283509	42.6		3.7		11.4		159.6		300		25.0		80.0
load=79.71
284018	43.4		3.8		11.6		162.7		300		25.0		79.7
load=80.12
284527	42.9		3.7		11.5		160.4		301		25.0		80.1
load=80.55
285036	43.5		3.8		11.6		163.5		301		25.0		80.6
load=83.37
285545	43.4		3.9		11.1		168.7		313		25.0		83.4
load=83.57
286054	43.4		4.1		10.6		176.7		328		25.0		83.6
load=84.17
286563	42.6		4.3		10.0		182.1		343		25.0		84.2
load=84.96
287072	44.0		4.4		9.9		195.1		357		25.0		85.0
load=85.16
287581	42.5		4.6		9.2		197.0		372		25.0		85.2
load=85.86
288090	44.0		4.8		9.2		210.0		386		25.0		85.9
load=87.11
288599	43.5		5.0		8.7		216.8		401		25.0		87.1
load=87.87
289108	42.9		5.2		8.3		222.4		416		25.0		87.9
load=90.87
289617	42.8		5.4		8.0		229.4		431		25.0		90.9
load=92.13
290126	43.5		5.5		7.9		241.0		446		25.0		92.1
load=95.13
290635	43.7		5.7		7.6		249.8		460		25.0		95.1
load=98.13
291144	43.5		5.9		7.4		255.7		474		25.0		98.1
load=100.00
291653	43.4		6.1		7.1		264.0		490		25.0		100.0
load=100.00
292162	43.4		6.3		6.9		272.3		505		25.0		100.0
load=100.00
292671	43.1		6.4		6.7		277.7		519		25.0		100.0
load=100.00
293180	43.4		6.6		6.5		287.5		533		25.0		100.0
load=100.00
293689	43.5		6.8		6.4		296.2		548		25.0		100.0
load=100.00
294198	42.9		7.0		6.2		299.4		562		25.0		100.0
load=100.00
294707	43.2		7.2		6.0		311.0		579		25.0		100.0
load=100.00
295216	43.7		7.4		5.9		321.2		593		25.0		100.0
load=100.00
295725	43.4		7.5		5.7		327.3		608		25.0		100.0
load=100.00
296234	42.9		7.7		5.6		331.2		622		25.0		100.0
load=100.00
296743	43.2		7.9		5.5		341.7		637		25.0		100.0
load=100.00
297252	43.3		8.1		5.3		351.4		652		25.0		100.0
load=100.00
297761	43.7		8.3		5.3		362.1		667		25.0		100.0
load=100.00
298270	43.1		8.5		5.1		364.8		681		25.0		100.0
load=100.00
298779	42.8		8.6		5.0		368.9		696		25.0		100.0
load=100.00
299288	43.5		8.8		4.9		384.2		711		25.0		100.0
load=100.00
299797	43.4		9.0		4.8		390.2		725		25.0		100.0
load=100.00
300306	43.8		9.2		4.8		402.5		741		25.0		100.0
load=100.00
300815	43.1		9.4		4.6		403.0		755		25.0		100.0
load=100.00
301324	43.2		9.6		4.5		413.2		770		25.0		100.0
load=100.00
301833	43.5		9.7		4.5		423.4		784		25.0		100.0
load=100.00
302342	43.2		9.8		4.4		423.7		790		25.0		100.0
load=100.00
302851	43.5		9.8		4.4		427.8		793		25.0		100.0
load=100.00
303360	43.8		9.9		4.4		432.6		797		25.0		100.0
load=99.67
303869	43.4		9.9		4.4		430.8		800		25.0		99.7
load=98.97
304378	44.0		9.9		4.4		436.0		800		25.0		99.0
load=99.17
304887	44.0		9.9		4.4		434.7		800		25.0		99.2
load=98.47
305396	42.3		9.9		4.3		420.7		800		25.0		98.5
load=97.72
305905	44.1		9.9		4.4		437.1		800		25.0		97.7
load=98.49
306414	42.5		9.9		4.3		421.5		800		25.0		98.5
load=99.27
306923	43.8		9.9		4.4		434.2		800		25.0		99.3
load=98.55
307432	42.8		9.9		4.3		425.0		800		25.0		98.5
load=97.80
307941	43.4		9.9		4.4		430.5		800		25.0		97.8
load=98.48
308450	42.9		9.9		4.3		426.8		800		25.0		98.5
load=98.28
308959	43.1		9.9		4.3		426.7		800		25.0		98.3
load=98.08
309468	43.1		9.9		4.3		427.0		800		25.0		98.1
load=97.20
309977	43.4		9.9		4.4		430.2		800		25.0		97.2
load=97.90
310486	43.1		9.9		4.3		427.6		800		25.0		97.9
load=97.01
310995	42.3		9.9		4.3		419.4		800		25.0		97.0
load=96.16
311504	42.8		9.9		4.3		424.1		800		25.0		96.2
load=96.84
312013	42.3		9.9		4.3		420.3		800		25.0		96.8
load=97.63
312522	42.6		9.9		4.3		423.3		800		25.0		97.6
load=98.43
313031	43.1		9.9		4.3		427.6		800		25.0		98.4
load=99.05
313540	43.5		9.9		4.4		431.0		800		25.0		99.0
load=99.25
314049	43.5		9.9		4.4		431.7		800		25.0		99.2
load=98.32
314558	42.8		9.9		4.3		423.1		800		25.0		98.3
load=96.32
315067	42.9		9.9		4.3		426.8		800		25.0		96.3
load=97.29
315576	42.3		9.9		4.3		419.7		800		25.0		97.3
load=98.08
316085	42.8		9.9		4.3		424.1		800		25.0		98.1
load=98.28
316594	42.8		9.9		4.3		424.4		800		25.0		98.3
load=99.13
317103	43.2		9.9		4.4		429.1		800		25.0		99.1
load=98.28
317612	42.8		9.9		4.3		424.4		800		25.0		98.3
load=99.25
318121	42.6		9.9		4.3		422.6		800		25.0		99.2
load=98.45
318630	41.8		9.9		4.2		413.9		800		25.0		98.5
load=97.62
319139	42.9		9.9		4.3		426.2		800		25.0		97.6
load=98.41
319648	42.6		9.9		4.3		423.3		800		25.0		98.4
load=97.50
320157	42.2		9.9		4.3		418.3		800		25.0		97.5
load=96.66
320666	43.8		9.9		4.4		435.2		800		25.0		96.7
load=97.49
321175	42.2		9.9		4.3		418.6		800		25.0		97.5
load=98.03
321684	42.5		9.9		4.3		420.6		800		25.0		98.0
load=98.23
322193	42.5		9.9		4.3		421.2		800		25.0		98.2
load=98.98
322702	43.1		9.9		4.3		426.7		800		25.0		99.0
load=99.86
323211	44.2		9.9		4.5		439.6		800		25.0		99.9
load=99.06
323720	42.9		9.9		4.3		426.5		800		25.0		99.1
load=99.26
324229	42.9		9.9		4.3		425.8		800		25.0		99.3
load=99.88
324738	43.2		9.9		4.4		428.1		800		25.0		99.9
load=100.00
325247	43.4		9.9		4.4		429.9		800		25.0		100.0
load=99.10
325756	42.6		9.9		4.3		421.7		800		25.0		99.1
load=98.90
326265	42.6		9.9		4.3		422.9		800		25.0		98.9
load=98.17
326774	43.1		9.9		4.3		427.0		800		25.0		98.2
load=98.96
327283	42.5		9.9		4.3		421.2		800		25.0		99.0
load=99.78
327792	43.4		9.9		4.4		430.2		800		25.0		99.8
load=98.88
328301	42.9		9.9		4.3		425.2		800		25.0		98.9
load=99.41
328810	42.6		9.9		4.3		423.3		800		25.0		99.4
load=100.00
329319	42.9		9.9		4.3		425.8		800		25.0		100.0
load=99.12
329828	42.3		9.9		4.3		419.4		800		25.0		99.1
load=99.32
330337	42.3		9.9		4.3		419.1		800		25.0		99.3
load=100.00
330846	42.9		9.9		4.3		425.2		800		25.0		100.0
load=100.00
331355	43.2		9.9		4.4		428.8		800		25.0		100.0
load=99.19
331864	42.1		9.9		4.2		416.8		800		25.0		99.2
load=98.22
332373	42.2		9.9		4.3		418.6		800		25.0		98.2
load=97.50
332882	42.9		9.9		4.3		425.2		800		25.0		97.5
load=98.12
333391	42.8		9.9		4.3		424.1		800		25.0		98.1
load=97.34
333900	42.3		9.9		4.3		419.8		800		25.0		97.3
load=97.54
334409	42.3		9.9		4.3		419.1		800		25.0		97.5
load=98.38
334918	42.9		9.9		4.3		425.2		800		25.0		98.4
load=99.25
335427	43.2		9.9		4.4		428.4		800		25.0		99.3
load=99.05
335936	43.2		9.9		4.4		428.1		800		25.0		99.1
load=99.79
336445	42.8		9.9		4.3		424.1		800		25.0		99.8
load=99.17
336954	42.5		9.9		4.3		421.8		800		25.0		99.2
load=98.72
337463	42.8		9.9		4.3		423.5		800		25.0		98.7
load=99.39
337972	42.3		9.9		4.3		419.7		800		25.0		99.4
load=100.00
338481	42.9		9.9		4.3		424.9		800		25.0		100.0
load=99.34
338990	42.3		9.9		4.3		420.0		800		25.0		99.3
load=98.54
339499	43.1		9.9		4.3		427.3		800		25.0		98.5
load=99.43
340008	42.1		9.9		4.3		415.9		800		25.0		99.4
load=100.00
340517	43.1		9.9		4.3		426.7		800		26.0		100.0
load=100.00
341026	43.7		9.9		4.4		434.4		800		26.0		100.0
load=99.51
341535	43.1		10.0		4.3		430.8		800		37.0		99.5
load=100.00
342044	41.3		10.0		4.1		411.7		800		41.0		100.0
load=99.09
342553	40.9		9.9		4.1		406.7		800		43.0		99.1
load=99.67
343062	40.1		10.0		4.0		401.5		800		44.0		99.7
load=99.86
343571	40.1		10.0		4.0		402.9		800		51.0		99.9
load=100.00
344080	40.7		10.0		4.1		408.8		800		53.0		100.0
load=99.09
344589	39.9		10.0		4.0		398.8		800		53.0		99.1
load=99.94
345098	39.0		10.0		3.9		389.5		800		51.0		99.9
load=99.25
345607	38.1		10.0		3.8		381.8		800		54.0		99.2
load=98.36
346116	39.6		10.1		3.9		397.9		800		57.0		98.4
load=98.16
346625	39.6		10.1		3.9		398.2		800		59.0		98.2
load=99.04
347134	38.2		10.0		3.8		383.8		800		60.0		99.0
load=98.21
347643	36.5		10.0		3.6		365.6		800		60.0		98.2
load=97.40
348152	38.5		10.0		3.8		385.9		800		60.0		97.4
load=96.57
348661	39.6		10.0		3.9		397.1		800		60.0		96.6
load=97.38
349170	38.8		10.0		3.9		389.7		800		60.0		97.4
load=96.61
349679	38.2		10.0		3.8		384.1		800		60.0		96.6
load=97.82
350188	37.8		10.0		3.8		377.5		800		60.0		97.8
load=98.77
350697	38.7		10.0		3.9		387.9		800		60.0		98.8
load=99.61
351206	40.1		10.0		4.0		403.2		800		60.0		99.6
load=98.84
351715	38.8		10.1		3.9		390.6		800		60.0		98.8
load=99.95
352224	38.7		10.0		3.9		388.5		800		60.0		100.0
load=99.02
352733	37.5		10.0		3.8		374.8		800		60.0		99.0
load=98.02
353242	37.9		10.0		3.8		380.3		800		60.0		98.0
load=97.14
353751	39.1		10.1		3.9		393.2		800		60.0		97.1
load=96.28
354260	39.6		10.1		3.9		397.9		800		60.0		96.3
load=97.24
354769	39.3		10.0		3.9		394.4		800		60.0		97.2
load=96.37
355278	37.5		10.0		3.7		375.4		800		60.0		96.4
load=95.53
355787	38.7		10.0		3.9		387.7		800		60.0		95.5
load=94.69
356296	39.3		10.0		3.9		393.8		800		60.0		94.7
load=95.18
356805	39.1		10.0		3.9		392.9		800		60.0		95.2
load=94.34
357314	38.1		10.0		3.8		382.1		800		60.0		94.3
load=93.76
357823	38.4		10.0		3.8		384.2		800		60.0		93.8
load=92.76
358332	38.8		10.0		3.9		389.7		800		60.0		92.8
load=91.80
358841	39.3		10.1		3.9		395.0		800		60.0		91.8
load=90.95
359350	39.6		10.1		3.9		398.1		800		60.0		91.0
load=91.81
359859	38.4		10.0		3.8		385.6		800		60.0		91.8
load=90.90
360368	37.5		10.0		3.7		375.6		800		60.0		90.9
load=90.10
360877	38.4		10.0		3.8		384.4		800		60.0		90.1
load=89.22
361386	39.0		10.0		3.9		390.9		800		60.0		89.2
load=88.38
361895	39.6		10.0		3.9		397.1		800		60.0		88.4
load=89.18
362404	38.1		10.0		3.8		382.3		800		60.0		89.2
load=88.08
362913	37.7		10.0		3.8		376.3		800		60.0		88.1
load=87.22
363422	38.4		10.0		3.8		384.2		800		60.0		87.2
load=86.11
363931	38.8		10.1		3.9		390.3		800		60.0		86.1
load=85.41
364440	39.3		10.0		3.9		394.1		800		60.0		85.4
load=86.18
364949	38.5		10.0		3.8		387.0		800		60.0		86.2
load=85.15
365458	38.2		10.0		3.8		383.3		800		60.0		85.1
load=86.10
365967	38.1		10.0		3.8		381.5		800		60.0		86.1
load=86.98
366476	39.0		10.0		3.9		391.2		800		60.0		87.0
load=87.81
366985	39.9		10.0		4.0		400.3		800		60.0		87.8
load=86.98
367494	39.0		10.0		3.9		391.2		800		60.0		87.0
load=87.78
368003	37.9		10.0		3.8		380.9		800		60.0		87.8
load=88.28
368512	38.2		10.0		3.8		382.7		800		60.0		88.3
load=89.35
369021	38.8		10.1		3.9		390.6		800		60.0		89.4
load=88.24
369530	38.7		10.0		3.9		388.5		800		60.0		88.2
load=87.59
370039	38.8		10.0		3.9		389.7		800		60.0		87.6
load=88.44
370548	37.9		10.0		3.8		380.3		800		60.0		88.4
load=89.29
371057	39.0		10.0		3.9		391.2		800		60.0		89.3
load=90.35
371566	39.4		10.1		3.9		397.0		800		60.0		90.4
load=89.43
372075	38.8		10.1		3.9		390.3		800		60.0		89.4
load=90.24
372584	37.7		10.1		3.7		378.5		800		60.0		90.2
load=88.68
373093	37.5		10.0		3.7		375.6		800		60.0		88.7
load=86.88
373602	37.6		10.0		3.7		377.6		800		60.0		86.9
load=86.05
374111	39.6		10.1		3.9		397.9		800		60.0		86.1
load=86.86
374620	39.4		10.1		3.9		396.4		800		60.0		86.9
load=85.99
375129	38.4		10.0		3.8		385.3		800		60.0		86.0
load=86.85
375638	37.7		10.0		3.8		377.4		800		60.0		86.8
load=87.05
376147	37.7		10.0		3.8		377.4		800		60.0		87.0
load=87.88
376656	39.7		10.0		4.0		398.8		800		60.0		87.9
load=87.08
377165	38.8		10.0		3.9		390.0		800		60.0		87.1
load=87.93
377674	37.8		10.0		3.8		379.1		800		60.0		87.9
load=87.05
378183	37.5		10.0		3.7		375.9		800		60.0		87.1
load=86.25
378692	38.7		10.0		3.9		387.7		800		60.0		86.2
load=85.25
379201	39.3		10.1		3.9		395.0		800		60.0		85.3
load=86.06
379710	39.1		10.1		3.9		393.5		800		60.0		86.1
load=85.19
380219	38.1		10.0		3.8		382.3		800		60.0		85.2
load=86.21
380728	37.8		10.0		3.8		378.6		800		60.0		86.2
load=87.05
381237	39.1		10.0		3.9		392.4		800		60.0		87.1
load=86.85
381746	39.0		10.1		3.9		392.0		800		60.0		86.9
load=86.36
382255	39.1		10.0		3.9		392.9		800		60.0		86.4
load=87.20
382764	37.9		10.0		3.8		380.6		800		60.0		87.2
load=87.90
383273	38.4		10.0		3.8		384.4		800		60.0		87.9
load=88.10
383782	38.4		10.0		3.8		385.6		800		60.0		88.1
load=88.90
384291	39.1		10.0		3.9		392.9		800		60.0		88.9
load=88.08
384800	37.8		10.0		3.8		379.4		800		60.0		88.1
load=87.20
385309	38.1		10.0		3.8		382.6		800		60.0		87.2
load=86.55
385818	38.4		10.0		3.8		385.0		800		60.0		86.6
load=85.75
386327	38.8		10.0		3.9		389.4		800		60.0		85.8
load=85.55
386836	38.8		10.1		3.9		390.3		800		60.0		85.6
load=86.36
387345	38.7		10.1		3.8		388.8		800		60.0		86.4
load=85.09
387854	38.5		10.0		3.8		386.5		800		60.0		85.1
load=86.04
388363	38.1		10.0		3.8		381.2		800		60.0		86.0
load=85.39
388872	37.5		10.0		3.7		376.5		800		60.0		85.4
load=84.56
389381	39.9		10.1		4.0		400.9		800		60.0		84.6
load=85.37
389890	39.0		10.1		3.9		392.0		800		60.0		85.4
load=84.47
390399	38.2		10.0		3.8		383.8		800		60.0		84.5
load=83.82
390908	38.4		10.0		3.8		385.0		800		60.0		83.8
load=83.00
391417	39.4		10.0		3.9		395.6		800		60.0		83.0
load=83.33
391926	39.3		10.1		3.9		395.0		800		60.0		83.3
load=82.57
392435	38.8		10.1		3.9		390.8		800		60.0		82.6
load=83.53
392944	38.4		10.0		3.8		385.6		800		60.0		83.5
load=82.12
393453	38.2		10.0		3.8		383.0		800		60.0		82.1
load=81.32
393962	39.1		10.0		3.9		391.8		800		60.0		81.3
load=80.20
394471	39.6		10.1		3.9		397.9		800		60.0		80.2
load=81.79
394980	39.4		10.0		3.9		395.0		800		60.0		81.8
load=80.99
395489	38.5		10.0		3.8		386.2		800		60.0		81.0
load=81.79
395998	37.4		10.0		3.7		374.4		800		60.0		81.8
load=82.63
396507	39.1		10.0		3.9		392.9		800		60.0		82.6
load=83.54
397016	39.6		10.1		3.9		397.9		800		60.0		83.5
load=82.64
397525	38.8		10.0		3.9		389.7		800		60.0		82.6
load=83.29
398034	38.5		10.1		3.8		387.3		800		60.0		83.3
load=82.42
398543	37.5		10.0		3.7		376.2		800		60.0		82.4
load=81.59
399052	39.1		10.0		3.9		392.8		800		60.0		81.6
load=79.22
399561	39.1		10.1		3.9		393.2		800		60.0		79.2
load=79.80
400070	38.8		10.1		3.9		391.1		800		60.0		79.8
load=78.73
400579	38.4		10.0		3.8		385.3		800		59.0		78.7
load=79.79
401088	37.9		10.0		3.8		379.5		800		57.0		79.8
load=80.58
401597	40.3		10.0		4.0		402.6		800		41.9		80.6
load=81.33
402106	43.1		9.9		4.3		428.6		800		27.0		81.3
load=82.05
402615	43.8		9.9		4.4		435.2		800		24.0		82.1
load=81.18
403124	42.8		9.9		4.3		424.1		800		25.0		81.2
load=81.99
403633	41.2		9.9		4.2		407.8		800		25.0		82.0
load=82.81
404142	43.4		9.9		4.4		430.2		800		25.0		82.8
load=83.60
404651	44.2		9.9		4.5		438.9		800		25.0		83.6
load=82.89
405160	43.1		9.9		4.3		428.6		800		25.0		82.9
load=83.86
405669	42.2		9.9		4.3		418.0		800		25.0		83.9
load=84.65
406178	42.6		9.9		4.3		422.3		800		25.0		84.6
load=84.85
406687	42.6		9.9		4.3		423.6		800		25.0		84.8
load=85.51
407196	43.2		9.9		4.4		428.4		800		25.0		85.5
load=84.72
407705	43.1		9.9		4.3		427.0		800		25.0		84.7
load=85.56
408214	41.9		9.9		4.2		414.7		800		25.0		85.6
load=86.31
408723	42.5		9.9		4.3		420.2		800		25.0		86.3
load=87.10
409232	43.1		9.9		4.4		426.0		800		25.0		87.1
load=88.15
409741	43.7		9.9		4.4		433.8		800		25.0		88.2
load=87.28
410250	42.9		9.9		4.3		425.8		800		25.0		87.3
load=88.10
410759	42.3		9.9		4.3		419.7		800		25.0		88.1
load=87.31
411268	41.9		9.9		4.2		415.4		800		25.0		87.3
load=86.52
411777	43.5		9.9		4.4		431.3		800		25.0		86.5
load=85.65
412286	44.2		9.9		4.5		439.2		800		25.0		85.7
load=86.50
412795	42.9		9.9		4.3		425.2		800		25.0		86.5
load=85.37
413304	42.8		9.9		4.3		423.1		800		25.0		85.4
load=86.09
413813	41.8		9.9		4.2		413.9		800		25.0		86.1
load=86.84
414322	42.9		9.9		4.3		424.9		800		25.0		86.8
load=88.06
414831	43.2		9.9		4.4		429.4		800		25.0		88.1
load=88.26
415340	43.2		9.9		4.4		429.4		800		25.0		88.3
load=87.33
415849	42.3		9.9		4.3		419.1		800		25.0		87.3
load=86.49
416358	42.9		9.9		4.3		425.2		800		25.0		86.5
load=85.61
416867	43.8		9.9		4.4		434.9		800		25.0		85.6
load=86.47
417376	43.4		9.9		4.4		430.2		800		25.0		86.5
load=85.61
417885	42.9		9.9		4.3		425.5		800		25.0		85.6
load=84.95
418394	43.5		9.9		4.4		430.4		800		25.0		85.0
load=85.64
418903	42.3		9.9		4.3		420.3		800		25.0		85.6
load=86.37
419412	43.7		9.9		4.4		432.5		800		25.0		86.4
load=87.39
419921	44.2		9.9		4.5		439.9		800		25.0		87.4
load=86.55
420430	43.1		9.9		4.3		427.6		800		25.0		86.5
load=87.40
420939	42.6		9.9		4.3		422.9		800		25.0		87.4
load=86.56
421448	41.5		9.9		4.2		410.7		800		25.0		86.6
load=85.81
421957	42.9		9.9		4.3		424.6		800		25.0		85.8
load=84.32
422466	43.2		9.9		4.3		430.0		800		25.0		84.3
load=83.70
422975	43.5		9.9		4.4		432.3		800		25.0		83.7
load=84.55
423484	42.2		9.9		4.3		418.3		800		25.0		84.6
load=83.70
423993	41.8		9.9		4.2		413.6		800		25.0		83.7
load=82.89
424502	43.0		9.9		4.3		426.0		800		25.0		82.9
load=82.02
425011	44.4		9.9		4.5		441.4		800		25.0		82.0
load=82.87
425520	42.9		9.9		4.3		425.8		800		25.0		82.9
load=82.67
426029	42.9		9.9		4.3		424.6		800		25.0		82.7
load=82.47
426538	42.9		9.9		4.3		424.6		800		25.0		82.5
load=81.34
427047	43.1		9.9		4.3		426.7		800		25.0		81.3
load=80.43
427556	44.0		9.9		4.4		436.7		800		25.0		80.4
load=81.57
428065	43.8		9.9		4.4		434.6		800		25.0		81.6
load=80.63
428574	42.5		9.9		4.3		419.0		800		25.0		80.6
load=79.67
429083	43.2		9.9		4.4		427.8		800		25.0		79.7
load=79.47
429592	43.2		9.9		4.4		429.1		800		25.0		79.5
load=78.67
430101	43.4		9.9		4.4		430.5		800		25.0		78.7
load=78.87
430610	43.4		9.9		4.4		430.2		800		25.0		78.9
load=77.73
431119	42.9		9.9		4.3		424.0		800		25.0		77.7
load=78.44
431628	41.8		9.9		4.2		413.6		800		25.0		78.4
load=79.25
432137	43.2		9.9		4.4		428.4		800		25.0		79.3
load=80.17
432646	44.2		9.9		4.4		440.2		800		25.0		80.2
load=79.02
433155	44.1		9.9		4.4		438.1		800		25.0		79.0
load=79.86
433664	41.9		9.9		4.2		415.1		800		25.0		79.9
load=80.48
434173	42.1		9.9		4.2		416.2		800		25.0		80.5
load=81.41
434682	43.2		9.9		4.3		429.7		800		25.0		81.4
load=82.14
435191	44.1		9.9		4.4		437.8		800		25.0		82.1
load=81.33
435700	42.5		9.9		4.3		421.3		800		25.0		81.3
load=82.24
436209	42.2		9.9		4.3		418.0		800		25.0		82.2
load=82.87
436718	43.1		9.9		4.4		424.8		800		25.0		82.9
load=83.93
437227	43.8		9.9		4.4		434.6		800		25.0		83.9
load=84.86
437736	44.4		9.9		4.5		441.4		800		25.0		84.9
load=84.02
438245	42.2		9.9		4.3		418.3		800		25.0		84.0
load=85.65
438754	42.1		9.9		4.3		415.3		800		25.0		85.7
load=86.53
439263	42.6		9.9		4.3		421.7		800		25.0		86.5
load=87.55
439772	43.1		9.9		4.3		427.3		800		25.0		87.6
load=88.43
440281	44.2		9.9		4.4		440.2		800		25.0		88.4
load=87.56
440790	42.6		9.9		4.3		422.6		800		25.0		87.6
load=86.94
441299	42.9		9.9		4.3		424.9		800		25.0		86.9
load=87.73
441808	42.8		9.9		4.3		423.5		800		25.0		87.7
load=88.56
442317	43.5		9.9		4.4		431.0		800		25.0		88.6
load=88.02
442826	43.2		9.9		4.4		429.1		800		25.0		88.0
load=89.02
443335	42.5		9.9		4.3		419.9		800		25.0		89.0
load=89.22
443844	42.5		9.9		4.3		421.2		800		25.0		89.2
load=88.26
444353	42.3		9.9		4.3		419.4		800		25.0		88.3
load=87.44
444862	43.2		9.9		4.4		428.4		800		25.0		87.4
load=86.68
445371	44.5		9.9		4.5		440.9		800		25.0		86.7
load=87.40
445880	43.2		9.9		4.4		429.1		800		25.0		87.4
load=86.58
446389	42.3		9.9		4.3		420.0		800		25.0		86.6
load=87.59
446898	41.9		9.9		4.2		414.4		800		25.0		87.6
load=88.47
447407	43.7		9.9		4.4		433.8		800		25.0		88.5
load=87.85
447916	43.5		9.9		4.4		432.6		800		25.0		87.9
load=88.82
448425	42.9		9.9		4.3		425.5		800		25.0		88.8
load=87.93
448934	42.2		9.9		4.3		417.3		800		25.0		87.9
load=86.46
449443	42.3		9.9		4.3		420.0		800		25.0		86.5
load=85.63
449952	43.8		9.9		4.4		435.2		800		25.0		85.6
load=86.55
450461	43.2		9.9		4.4		428.4		800		25.0		86.6
load=85.76
450970	42.9		9.9		4.3		425.5		800		25.0		85.8
load=86.58
451479	41.2		9.9		4.2		407.5		800		25.0		86.6
load=87.39
451988	42.5		9.9		4.3		420.9		800		25.0		87.4
load=88.21
452497	43.5		9.9		4.4		431.3		800		25.0		88.2
load=87.37
453006	42.9		9.9		4.3		425.2		800		25.0		87.4
load=87.17
453515	42.9		9.9		4.3		426.8		800		25.0		87.2
load=88.04
454024	41.2		9.9		4.2		407.8		800		25.0		88.0
load=88.83
454533	42.6		9.9		4.3		422.3		800		25.0		88.8
load=89.88
455042	42.9		9.9		4.3		426.2		800		25.0		89.9
load=90.67
455551	43.7		9.9		4.4		433.4		800		25.0		90.7
load=89.44
456060	43.4		9.9		4.4		428.9		800		25.0		89.4
load=90.22
456569	42.1		9.9		4.2		416.2		800		25.0		90.2
load=91.26
457078	42.3		9.9		4.3		420.0		800		25.0		91.3
load=92.08
457587	43.5		9.9		4.4		432.0		800		25.0		92.1
load=92.87
458096	44.2		9.9		4.5		439.2		800		25.0		92.9
load=92.04
458605	42.5		9.9		4.3		420.9		800		25.0		92.0
load=92.83
459114	41.9		9.9		4.2		415.1		800		25.0		92.8
load=93.62
459623	42.5		9.9		4.3		420.9		800		25.0		93.6
load=94.47
460132	43.4		9.9		4.4		430.2		800		25.0		94.5
load=93.75
460641	42.6		9.9		4.3		423.6		800		25.0		93.7
load=93.17
461150	42.9		9.9		4.3		425.7		800		25.0		93.2
load=94.01
461659	41.8		9.9		4.2		413.3		800		25.0		94.0
load=94.80
462168	42.3		9.9		4.3		419.1		800		25.0		94.8
load=95.68
462677	42.6		9.9		4.3		422.3		800		25.0		95.7
load=96.54
463186	43.8		9.9		4.4		434.9		800		25.0		96.5
load=95.57
463695	43.4		9.9		4.4		429.6		800		25.0		95.6
load=96.36
464204	42.9		9.9		4.3		425.2		800		25.0		96.4
load=95.57
464713	42.5		9.9		4.3		420.9		800		25.0		95.6
load=95.37
465222	42.5		9.9		4.3		422.1		800		25.0		95.4
load=94.54
465731	43.8		9.9		4.4		435.8		800		25.0		94.5
load=95.68
466240	43.4		9.9		4.4		429.6		800		25.0		95.7
load=94.86
466749	41.8		9.9		4.2		413.0		800		25.0		94.9
load=93.94
467258	42.3		9.9		4.3		419.7		800		25.0		93.9
load=93.08
467767	43.5		9.9		4.4		432.3		800		25.0		93.1
load=92.26
468276	44.4		9.9		4.5		441.4		800		25.0		92.3
load=93.13
468785	43.1		9.9		4.3		427.0		800		25.0		93.1
load=92.33
469294	42.8		9.9		4.3		424.1		800		25.0		92.3
load=92.53
469803	42.8		9.9		4.3		423.5		800		25.0		92.5
load=91.74
470312	42.5		9.9		4.3		420.6		800		25.0		91.7
load=90.85
470821	43.2		9.9		4.4		428.8		800		25.0		90.8
load=91.47
471330	43.1		9.9		4.3		427.6		800		25.0		91.5
load=91.27
471839	43.1		9.9		4.3		426.7		800		25.0		91.3
load=92.08
472348	41.6		9.9		4.2		411.8		800		25.0		92.1
load=92.91
472857	43.5		9.9		4.4		431.7		800		25.0		92.9
load=94.23
473366	43.7		9.9		4.4		434.1		800		25.0		94.2
load=93.33
473875	42.9		9.9		4.3		425.8		800		25.0		93.3
load=93.05
474384	43.1		9.9		4.4		426.4		800		25.0		93.1
load=93.89
474893	42.1		9.9		4.3		415.6		800		25.0		93.9
load=94.72
475402	43.9		9.9		4.4		434.9		800		25.0		94.7
load=95.68
475911	44.4		9.9		4.5		440.7		800		25.0		95.7
load=94.90
476420	43.1		9.9		4.3		427.9		800		25.0		94.9
load=95.95
476929	42.8		9.9		4.3		424.1		800		25.0		96.0
load=95.25
477438	42.5		9.9		4.3		421.5		800		25.0		95.2
load=94.48
477947	43.5		9.9		4.4		431.3		800		25.0		94.5
load=93.34
478456	43.7		9.9		4.4		433.4		800		25.0		93.3
load=94.19
478965	42.5		9.9		4.3		420.9		800		25.0		94.2
load=93.36
479474	41.9		9.9		4.2		414.7		800		25.0		93.4
load=92.46
479983	42.6		9.9		4.3		422.9		800		25.0		92.5
load=91.64
480492	43.4		9.9		4.4		430.5		800		25.0		91.6