tiempo[ms]V_Panel[V]	I_Panel[A]	R_Carga[Ohms]	P_Panel[W]	G[W/m2]	T[°C]	Load[%]							
load=52.5													
539	41.5		10.4		4.0		429.8		800		25.0		52.5
load=55.0													
2037	41.6		10.4		4.0		431.7		800		25.0		55.0
load=57.5													
2546	41.6		10.4		4.0		432.0		800		25.0		57.5
load=60.0													
3054	41.5		10.4		4.0		430.1		800		25.0		60.0
load=62.5													
3562	41.6		10.4		4.0		432.0		800		25.0		62.5
load=65.0													
4070	41.5		10.4		4.0		429.8		800		25.0		65.0
load=67.5													
4578	41.5		10.4		4.0		430.1		800		25.0		67.5
load=70.0													
5086	41.6		10.4		4.0		431.7		800		25.0		70.0
load=72.4													
5594	41.6		10.4		4.0		431.4		800		25.0		72.4
load=75.0													
6102	41.5		10.4		4.0		430.4		800		25.0		75.0
load=77.4													
6610	41.6		10.4		4.0		431.7		800		25.0		77.4
load=79.9													
7118	41.6		10.4		4.0		432.0		800		25.0		79.9
load=82.3													
7626	41.6		10.4		4.0		432.0		800		25.0		82.3
load=84.6													
8134	41.6		10.4		4.0		431.4		800		25.0		84.6
load=86.9													
8642	41.6		10.4		4.0		431.4		800		25.0		86.9
load=89.7													
9150	41.6		10.4		4.0		432.3		800		25.0		89.7
load=92.0													
9658	41.6		10.4		4.0		431.7		800		25.0		92.0
load=93.7													
10166	41.8		10.4		4.0		433.2		800		25.0		93.7
load=95.0													
10674	41.6		10.4		4.0		431.7		800		25.0		95.0
load=95.0													
11182	41.6		10.4		4.0		432.0		800		25.0		95.0
load=95.0													
11690	41.5		10.4		4.0		430.1		800		25.0		95.0
load=95.0													
12198	41.5		10.4		4.0		430.4		800		25.0		95.0
load=95.0													
12706	41.8		10.4		4.0		433.5		800		25.0		95.0
load=95.0													
13214	41.5		10.4		4.0		430.4		800		25.0		95.0
load=95.0													
13722	42.1		10.4		4.1		436.2		800		25.0		95.0
load=95.0													
14230	41.6		10.4		4.0		431.4		800		25.0		95.0
load=95.0													
14738	41.8		10.4		4.0		433.2		800		25.0		95.0
load=95.0													
15246	41.6		10.4		4.0		431.7		800		25.0		95.0
load=95.0													
15754	41.6		10.4		4.0		431.7		800		25.0		95.0
load=95.0													
16262	41.8		10.4		4.0		433.2		800		25.0		95.0
load=95.0													
16770	41.9		10.4		4.0		435.0		800		25.0		95.0
load=95.0													
17278	41.6		10.4		4.0		431.4		800		25.0		95.0
load=95.0													
17786	41.5		10.4		4.0		430.8		800		25.0		95.0
load=95.0													
18294	41.6		10.4		4.0		432.6		800		25.0		95.0
load=95.0													
18802	41.5		10.4		4.0		429.8		800		25.0		95.0
load=95.0													
19310	41.5		10.4		4.0		430.4		800		25.0		95.0
load=95.0													
19818	41.5		10.4		4.0		430.1		800		25.0		95.0
load=95.0													
20326	41.5		10.4		4.0		429.8		800		25.0		95.0
load=95.0													
20834	41.5		10.4		4.0		429.8		800		25.0		95.0
load=95.0													
21342	41.5		10.4		4.0		430.1		800		25.0		95.0
load=95.0													
21850	41.6		10.4		4.0		431.4		800		25.0		95.0
load=95.0													
22358	41.5		10.4		4.0		430.1		800		25.0		95.0
load=95.0													
22866	41.8		10.4		4.0		432.6		800		25.0		95.0
load=95.0													
23374	41.9		10.4		4.0		434.7		800		25.0		95.0
load=95.0													
23882	41.6		10.4		4.0		432.0		800		25.0		95.0
load=95.0													
24390	41.6		10.4		4.0		431.7		800		25.0		95.0
load=95.0													
24898	41.6		10.4		4.0		431.4		800		25.0		95.0
load=95.0													
25406	41.8		10.4		4.0		433.8		800		25.0		95.0
load=95.0													
25914	41.6		10.4		4.0		431.7		800		25.0		95.0
load=95.0													
26422	41.6		10.4		4.0		431.7		800		25.0		95.0
load=95.0													
26930	41.6		10.4		4.0		431.4		800		25.0		95.0
load=95.0													
27438	41.2		10.4		4.0		427.1		800		25.0		95.0
load=95.0													
27946	41.5		10.4		4.0		430.4		800		25.0		95.0
load=95.0													
28454	41.8		10.4		4.0		433.2		800		25.0		95.0
load=95.0													
28962	41.6		10.4		4.0		432.0		800		25.0		95.0
load=95.0													
29470	41.6		10.4		4.0		432.0		800		25.0		95.0
load=95.0													
29978	41.5		10.4		4.0		429.5		800		25.0		95.0
load=95.0													
30486	41.5		10.4		4.0		429.8		800		25.0		95.0
load=95.0													
30994	41.5		10.4		4.0		430.4		800		25.0		95.0
load=95.0													
31502	41.3		10.4		4.0		428.6		800		25.0		95.0
load=95.0													
32010	41.5		10.4		4.0		430.1		800		25.0		95.0
load=95.0													
32518	41.5		10.4		4.0		430.1		800		25.0		95.0
load=95.0													
33026	41.5		10.4		4.0		430.1		800		25.0		95.0
load=95.0													
33534	41.5		10.4		4.0		430.1		800		25.0		95.0
load=95.0													
34042	41.6		10.4		4.0		431.7		800		25.0		95.0
load=95.0													
34550	41.5		10.4		4.0		430.4		800		25.0		95.0
load=95.0													
35058	41.6		10.4		4.0		431.7		800		25.0		95.0
load=95.0													
35566	41.5		10.4		4.0		430.1		800		25.0		95.0
load=95.0													
36074	41.5		10.4		4.0		430.4		800		25.0		95.0
load=95.0													
36582	41.3		10.4		4.0		428.6		800		25.0		95.0
load=95.0													
37090	41.5		10.4		4.0		430.4		800		25.0		95.0
load=95.0													
37598	41.6		10.4		4.0		431.4		800		25.0		95.0
load=95.0													
38106	41.5		10.4		4.0		430.1		800		25.0		95.0
load=95.0													
38614	41.3		10.4		4.0		428.3		800		25.0		95.0
load=95.0													
39122	41.6		10.4		4.0		432.3		800		25.0		95.0
load=95.0													
39630	41.6		10.4		4.0		431.4		800		25.0		95.0
load=95.0													
40138	41.8		10.4		4.0		433.5		800		25.0		95.0
load=95.0													
40646	41.3		10.4		4.0		428.9		800		25.0		95.0
load=95.0													
41154	41.5		10.4		4.0		429.8		800		25.0		95.0
load=95.0													
41662	41.3		10.4		4.0		428.3		800		25.0		95.0
load=95.0													
42170	41.5		10.4		4.0		430.1		800		25.0		95.0
load=95.0													
42678	41.3		10.4		4.0		428.6		800		25.0		95.0
load=95.0													
43186	41.5		10.4		4.0		430.1		800		25.0		95.0
load=95.0													
43694	41.5		10.4		4.0		430.4		800		25.0		95.0
load=95.0													
44202	41.5		10.4		4.0		429.8		800		25.0		95.0
load=95.0													
44710	41.3		10.4		4.0		428.6		800		25.0		95.0
load=95.0													
45218	41.3		10.4		4.0		428.6		800		25.0		95.0
load=95.0													
45726	41.6		10.4		4.0		431.7		800		25.0		95.0
load=95.0													
46234	41.5		10.4		4.0		430.1		800		25.0		95.0
load=95.0													
46742	41.3		10.4		4.0		428.3		800		25.0		95.0
load=95.0													
47250	41.3		10.4		4.0		428.6		800		25.0		95.0
load=95.0													
47758	41.3		10.4		4.0		428.9		800		25.0		95.0
load=95.0													
48266	41.6		10.4		4.0		431.4		800		25.0		95.0
load=95.0													
48774	41.5		10.4		4.0		430.4		800		25.0		95.0
load=95.0													
49282	41.5		10.4		4.0		430.1		800		25.0		95.0
load=95.0													
49790	41.5		10.4		4.0		429.8		800		25.0		95.0
load=95.0													
50298	41.0		10.4		4.0		425.6		800		25.0		95.0
load=95.0													
50806	41.6		10.4		4.0		431.1		800		25.0		95.0
load=95.0													
51314	41.6		10.4		4.0		431.4		800		25.0		95.0
load=95.0													
51822	41.6		10.4		4.0		431.7		800		25.0		95.0
load=95.0													
52330	41.3		10.4		4.0		428.6		800		25.0		95.0
load=95.0													
52838	41.5		10.4		4.0		430.1		800		25.0		95.0
load=95.0													
53346	41.3		10.4		4.0		428.3		800		25.0		95.0
load=95.0													
53854	41.3		10.4		4.0		429.1		800		25.0		95.0
load=95.0													
54362	41.6		10.4		4.0		431.4		800		25.0		95.0
load=95.0													
54870	41.5		10.4		4.0		430.4		800		25.0		95.0
load=95.0													
55378	41.3		10.4		4.0		428.6		800		25.0		95.0
load=95.0													
55886	41.2		10.4		4.0		427.4		800		25.0		95.0
load=95.0													
56394	41.3		10.4		4.0		428.3		800		25.0		95.0
load=95.0													
56902	41.3		10.4		4.0		428.6		800		25.0		95.0
load=95.0													
57410	41.5		10.4		4.0		430.4		800		25.0		95.0
load=95.0													
57918	41.3		10.4		4.0		427.7		800		25.0		95.0
load=95.0													
58426	41.2		10.4		4.0		427.1		800		25.0		95.0
load=95.0													
58934	41.5		10.4		4.0		429.8		800		25.0		95.0
load=95.0													
59442	41.5		10.4		4.0		430.1		800		25.0		95.0
load=95.0													
59950	41.3		10.4		4.0		428.6		800		25.0		95.0
load=95.0													
60458	41.6		10.4		4.0		431.7		800		25.0		95.0
load=95.0													
60966	41.5		10.4		4.0		429.8		800		25.0		95.0
load=95.0													
61474	41.5		10.4		4.0		429.8		800		25.0		95.0
load=95.0													
61982	41.6		10.4		4.0		431.4		800		25.0		95.0
load=95.0													
62490	41.3		10.4		4.0		428.3		800		25.0		95.0
load=95.0													
62998	41.3		10.4		4.0		428.9		800		25.0		95.0
load=95.0													
63506	41.2		10.4		4.0		426.8		800		25.0		95.0
load=95.0													
64014	41.5		10.4		4.0		429.8		800		25.0		95.0
load=95.0													
64522	41.3		10.4		4.0		428.9		800		25.0		95.0
load=95.0													
65030	41.3		10.4		4.0		428.6		800		25.0		95.0
load=95.0													
65538	41.5		10.4		4.0		430.1		800		25.0		95.0
load=95.0													
66046	41.3		10.4		4.0		428.9		800		25.0		95.0
load=95.0													
66554	41.5		10.4		4.0		429.6		800		25.0		95.0
load=95.0													
67062	41.3		10.4		4.0		428.0		800		25.0		95.0
load=95.0													
67570	41.0		10.4		4.0		425.6		800		25.0		95.0
load=95.0													
68078	41.3		10.4		4.0		428.6		800		25.0		95.0
load=95.0													
68586	41.3		10.4		4.0		428.9		800		25.0		95.0
load=95.0													
69094	41.3		10.4		4.0		428.3		800		25.0		95.0
load=95.0													
69602	41.3		10.4		4.0		428.6		800		25.0		95.0
load=95.0													
70110	41.3		10.4		4.0		428.3		800		25.0		95.0
load=95.0													
70618	41.3		10.4		4.0		428.3		800		25.0		95.0
load=95.0													
71126	41.3		10.4		4.0		428.6		800		25.0		95.0
load=95.0													
71634	41.3		10.4		4.0		428.3		800		25.0		95.0
load=95.0													
72142	41.3		10.4		4.0		428.0		800		25.0		95.0
load=95.0													
72650	41.2		10.4		4.0		426.8		800		25.0		95.0
load=95.0													
73158	41.2		10.4		4.0		427.4		800		25.0		95.0
load=95.0													
73666	41.3		10.4		4.0		428.0		800		25.0		95.0
load=95.0													
74174	41.3		10.4		4.0		428.3		800		25.0		95.0
load=95.0													
74682	41.2		10.4		4.0		426.8		800		25.0		95.0
load=95.0													
75190	41.5		10.4		4.0		430.1		800		25.0		95.0
load=95.0													
75698	41.3		10.4		4.0		428.6		800		25.0		95.0
load=95.0													
76206	41.3		10.4		4.0		428.6		800		25.0		95.0
load=95.0													
76714	41.2		10.4		4.0		427.1		800		25.0		95.0
load=95.0													
77222	41.3		10.4		4.0		428.6		800		25.0		95.0
load=95.0													
77730	41.3		10.4		4.0		428.3		800		25.0		95.0
load=95.0													
78238	41.5		10.4		4.0		429.8		800		25.0		95.0
load=95.0													
78746	41.3		10.4		4.0		428.6		800		25.0		95.0
load=95.0													
79254	41.3		10.4		4.0		428.4		800		25.0		95.0
load=95.0													
79762	41.0		10.4		4.0		425.6		800		25.0		95.0
load=95.0													
80270	41.2		10.4		4.0		426.5		800		25.0		95.0
load=95.0													
80778	41.3		10.4		4.0		428.6		800		25.0		95.0
load=95.0													
81286	41.3		10.4		4.0		428.3		800		25.0		95.0
load=95.0													
81794	41.3		10.4		4.0		428.9		800		25.0		95.0
load=95.0													
82302	41.5		10.4		4.0		430.1		800		25.0		95.0
load=95.0													
82810	41.5		10.4		4.0		429.8		800		25.0		95.0
load=95.0													
83318	41.5		10.4		4.0		429.8		800		25.0		95.0
load=95.0													
83826	41.3		10.4		4.0		428.9		800		25.0		95.0
load=95.0													
84334	41.3		10.4		4.0		428.9		800		25.0		95.0
load=95.0													
84842	41.3		10.4		4.0		428.3		800		25.0		95.0
load=95.0													
85350	41.2		10.4		4.0		427.1		800		25.0		95.0
load=95.0													
85858	41.3		10.4		4.0		428.0		800		25.0		95.0
load=95.0													
86366	41.5		10.4		4.0		429.8		800		25.0		95.0
load=95.0													
86874	41.5		10.4		4.0		430.1		800		25.0		95.0
load=95.0													
87382	41.5		10.4		4.0		429.8		800		25.0		95.0
load=95.0													
87890	41.3		10.4		4.0		428.6		800		25.0		95.0
load=95.0													
88398	41.3		10.4		4.0		428.6		800		25.0		95.0
load=95.0													
88906	41.3		10.4		4.0		428.6		800		25.0		95.0
load=95.0													
89414	41.6		10.4		4.0		431.7		800		25.0		95.0
load=95.0													
89922	41.2		10.4		4.0		426.8		800		25.0		95.0
load=95.0													
90430	41.5		10.4		4.0		429.5		800		25.0		95.0
load=95.0													
90938	41.5		10.4		4.0		429.8		800		25.0		95.0
load=95.0													
91446	41.5		10.4		4.0		429.8		800		25.0		95.0
load=95.0													
91954	41.2		10.4		4.0		426.8		800		25.0		95.0
load=95.0													
92462	41.3		10.4		4.0		428.3		800		25.0		95.0
load=95.0													
92970	41.2		10.4		4.0		427.4		800		25.0		95.0
load=95.0													
93478	41.2		10.4		4.0		426.8		800		25.0		95.0
load=95.0													
93986	41.2		10.4		4.0		426.8		800		25.0		95.0
load=95.0													
94494	41.3		10.4		4.0		428.6		800		25.0		95.0
load=95.0													
95002	41.2		10.4		4.0		426.5		800		25.0		95.0
load=95.0													
95510	41.5		10.4		4.0		429.8		800		25.0		95.0
load=95.0													
96018	41.3		10.4		4.0		428.3		800		25.0		95.0
load=95.0													
96526	41.5		10.4		4.0		430.1		800		25.0		95.0
load=95.0													
97034	41.2		10.4		4.0		427.1		800		25.0		95.0
load=95.0													
97542	41.5		10.4		4.0		429.8		800		25.0		95.0
load=95.0													
98050	41.3		10.4		4.0		428.3		800		25.0		95.0
load=95.0													
98558	41.5		10.4		4.0		429.5		800		25.0		95.0
load=95.0													
99066	41.3		10.4		4.0		428.3		800		25.0		95.0
load=95.0													
99574	41.0		10.4		4.0		425.3		800		25.0		95.0
load=95.0													
100082	41.5		10.4		4.0		429.8		800		25.0		95.0
load=95.0													
100590	41.3		10.4		4.0		428.3		800		25.0		95.0
load=95.0													
101098	41.2		10.4		4.0		427.1		800		25.0		95.0
load=95.0													
101606	41.3		10.4		4.0		428.0		800		25.0		95.0
load=95.0													
102114	41.3		10.4		4.0		428.3		800		25.0		95.0
load=95.0													
102622	41.3		10.4		4.0		428.3		800		25.0		95.0
load=95.0													
103130	41.5		10.4		4.0		429.5		800		25.0		95.0
load=95.0													
103638	41.3		10.4		4.0		428.6		800		25.0		95.0
load=95.0													
104146	41.3		10.4		4.0		428.3		800		25.0		95.0
load=95.0													
104654	41.2		10.4		4.0		426.8		800		25.0		95.0
load=95.0													
105162	41.2		10.4		4.0		426.5		800		25.0		95.0
load=95.0													
105670	41.3		10.4		4.0		428.6		800		25.0		95.0
load=95.0													
106178	41.5		10.4		4.0		429.8		800		25.0		95.0
load=95.0													
106686	41.5		10.4		4.0		430.4		800		25.0		95.0
load=95.0													
107194	41.2		10.4		4.0		426.8		800		25.0		95.0
load=95.0													
107702	41.2		10.4		4.0		426.8		800		25.0		95.0
load=95.0													
108210	41.5		10.4		4.0		429.5		800		25.0		95.0
load=95.0													
108718	41.3		10.4		4.0		428.6		800		25.0		95.0
load=95.0													
109226	41.5		10.4		4.0		429.8		800		25.0		95.0
load=95.0													
109734	41.3		10.4		4.0		428.3		800		25.0		95.0
load=95.0													
110242	41.3		10.4		4.0		428.6		800		25.0		95.0
load=95.0													
110750	41.2		10.4		4.0		426.5		800		25.0		95.0
load=95.0													
111258	41.5		10.4		4.0		430.1		800		25.0		95.0
load=95.0													
111766	41.2		10.4		4.0		427.1		800		25.0		95.0
load=95.0													
112274	41.6		10.4		4.0		431.7		800		25.0		95.0
load=95.0													
112782	41.0		10.4		4.0		425.3		800		25.0		95.0
load=95.0													
113290	41.5		10.4		4.0		430.1		800		25.0		95.0
load=95.0													
113798	41.3		10.4		4.0		428.3		800		25.0		95.0
load=95.0													
114306	41.2		10.4		4.0		426.8		800		25.0		95.0
load=95.0													
114814	41.2		10.4		4.0		426.8		800		25.0		95.0
load=95.0													
115322	41.3		10.4		4.0		428.9		800		25.0		95.0
load=95.0													
115830	41.5		10.4		4.0		430.1		800		25.0		95.0
load=95.0													
116338	41.3		10.4		4.0		428.0		800		25.0		95.0
load=95.0													
116846	41.2		10.4		4.0		427.4		800		25.0		95.0
load=95.0													
117354	41.3		10.4		4.0		428.6		800		25.0		95.0
load=95.0													
117862	41.3		10.4		4.0		428.3		800		25.0		95.0
load=95.0													
118370	41.3		10.4		4.0		428.3		800		25.0		95.0
load=95.0													
118878	41.3		10.4		4.0		428.3		800		25.0		95.0
load=95.0													
119386	41.2		10.4		4.0		427.1		800		25.0		95.0
load=95.0													
119894	41.2		10.4		4.0		427.1		800		25.0		95.0
load=95.0													
120402	41.3		10.4		4.0		428.0		800		25.0		95.0
load=95.0													
120910	41.5		10.3		4.0		428.9		799		25.0		95.0
load=95.0													
121418	41.3		10.3		4.0		427.4		798		25.0		95.0
load=92.0													
121926	41.5		10.2		4.1		421.3		784		25.0		92.0
load=95.0													
122434	41.3		10.0		4.1		412.0		769		25.0		95.0
load=95.0													
122942	41.3		9.8		4.2		404.4		755		25.0		95.0
load=95.0													
123450	41.2		9.6		4.3		395.1		741		25.0		95.0
load=92.0													
123958	41.3		9.4		4.4		387.5		724		25.0		92.0
load=89.0													
124466	41.5		9.2		4.5		381.5		710		25.0		89.0
load=92.0													
124974	41.3		9.0		4.6		371.7		695		25.0		92.0
load=89.0													
125482	41.5		8.8		4.7		366.0		681		25.0		89.0
load=92.0													
125990	41.2		8.6		4.8		355.6		666		25.0		92.0
load=89.0													
126498	41.5		8.4		4.9		349.9		652		25.0		89.0
load=92.0													
127006	41.3		8.2		5.0		340.5		636		25.0		92.0
load=89.0													
127514	41.5		8.1		5.1		334.2		622		25.0		89.0
load=92.0													
128022	41.3		7.9		5.3		324.8		607		25.0		92.0
load=95.0													
128530	41.2		7.7		5.4		316.7		593		25.0		95.0
load=92.0													
129038	41.3		7.5		5.5		309.7		578		25.0		92.0
load=89.0													
129546	41.3		7.3		5.7		302.1		564		25.0		89.0
load=86.0													
130054	41.5		7.1		5.8		294.8		548		25.0		86.0
load=83.0													
130562	41.5		6.9		6.0		287.1		533		25.0		83.0
load=86.0													
131070	41.3		6.7		6.1		277.9		519		25.0		86.0
load=89.0													
131578	41.3		6.5		6.3		270.3		505		25.0		89.0
load=92.0													
132086	41.3		6.4		6.5		262.7		490		25.0		92.0
load=89.0													
132594	41.5		6.2		6.7		256.1		476		25.0		89.0
load=92.0													
133102	41.3		6.0		6.9		247.0		460		25.0		92.0
load=89.0													
133610	41.5		5.8		7.2		240.0		446		25.0		89.0
load=86.0													
134118	41.5		5.6		7.4		231.5		431		25.0		86.0
load=89.0													
134626	41.3		5.4		7.6		223.4		417		25.0		89.0
load=92.0													
135134	41.3		5.2		7.9		215.2		402		25.0		92.0
load=89.0													
135642	41.5		5.2		8.0		215.4		401		25.0		89.0
load=86.0													
136150	41.5		5.2		8.0		215.4		400		25.0		86.0
load=89.0													
136658	41.3		5.2		7.9		214.9		400		25.0		89.0
load=86.0													
137166	41.6		5.2		8.0		215.8		400		25.0		86.0
load=83.0													
137674	41.5		5.2		8.0		214.8		400		25.0		83.0
load=86.0													
138182	41.3		5.2		8.0		214.3		400		25.0		86.0
load=89.0													
138690	41.3		5.2		8.0		214.3		400		25.0		89.0
load=92.0													
139198	41.3		5.2		8.0		214.3		400		25.0		92.0
load=93.7													
139706	41.2		5.2		8.0		212.9		400		25.0		93.7
load=93.7													
140214	41.5		5.2		8.0		214.8		400		25.0		93.7
load=93.7													
140722	41.5		5.2		8.0		214.8		400		25.0		93.7
load=95.0													
141230	41.3		5.2		8.0		213.4		400		25.0		95.0
load=95.0													
141738	41.3		5.2		8.0		214.0		400		25.0		95.0
load=94.7													
142246	41.3		5.2		8.0		214.6		400		25.0		94.7
load=95.0													
142754	41.5		5.2		8.0		214.8		400		25.0		95.0
load=95.0													
143262	41.5		5.2		8.0		215.4		400		25.0		95.0
load=95.0													
143770	41.3		5.2		8.0		214.0		400		25.0		95.0
load=95.0													
144278	41.5		5.2		8.0		215.4		400		25.0		95.0
load=95.0													
144786	41.3		5.2		8.0		214.0		400		25.0		95.0
load=95.0													
145294	41.2		5.2		7.9		213.9		400		25.0		95.0
load=95.0													
145802	41.5		5.2		8.0		215.4		400		25.0		95.0
load=95.0													
146310	41.3		5.2		8.0		214.3		400		25.0		95.0
load=95.0													
146818	41.5		5.2		8.0		215.4		400		25.0		95.0
load=95.0													
147326	41.3		5.2		8.0		214.3		400		25.0		95.0
load=95.0													
147834	41.5		5.2		8.0		215.1		400		25.0		95.0
load=95.0													
148342	41.3		5.2		8.0		214.3		400		25.0		95.0
load=95.0													
148850	41.5		5.2		8.0		214.8		400		25.0		95.0
load=95.0													
149358	41.5		5.2		8.0		214.8		400		25.0		95.0
load=95.0													
149866	41.0		5.2		7.9		212.8		400		25.0		95.0
load=95.0													
150374	41.6		5.2		8.0		215.8		400		25.0		95.0
load=95.0													
150882	41.2		5.2		7.9		213.6		400		25.0		95.0
load=95.0													
151390	41.3		5.2		8.0		214.0		400		25.0		95.0
load=95.0													
151898	41.5		5.2		8.0		215.1		400		25.0		95.0
load=95.0													
152406	41.3		5.2		8.0		214.0		400		25.0		95.0
load=95.0													
152914	41.3		5.2		8.0		214.0		400		25.0		95.0
load=95.0													
153422	41.6		5.2		8.0		215.8		400		25.0		95.0
load=95.0													
153930	41.5		5.2		8.0		215.1		400		25.0		95.0
load=95.0													
154438	41.3		5.2		8.0		214.6		400		25.0		95.0
load=95.0													
154946	41.5		5.2		8.0		215.1		400		25.0		95.0
load=95.0													
155454	41.5		5.2		8.0		215.1		400		25.0		95.0
load=95.0													
155962	41.5		5.2		8.0		215.1		400		25.0		95.0
load=95.0													
156470	41.5		5.2		8.0		215.4		400		25.0		95.0
load=95.0													
156978	41.5		5.2		8.0		215.4		400		25.0		95.0
load=95.0													
157486	41.3		5.2		8.0		214.0		400		25.0		95.0
load=95.0													
157994	41.3		5.2		8.0		214.3		400		25.0		95.0
load=95.0													
158502	41.5		5.2		8.0		215.1		400		25.0		95.0
load=95.0													
159010	41.5		5.2		8.0		215.1		400		25.0		95.0
load=95.0													
159518	41.6		5.2		8.0		216.1		400		25.0		95.0
load=95.0													
160026	41.5		5.2		8.0		215.1		400		25.0		95.0
load=95.0													
160534	41.5		5.2		8.0		215.1		400		25.0		95.0
load=95.0													
161042	41.6		5.2		8.0		216.1		400		25.0		95.0
load=95.0													
161550	41.5		5.2		8.0		214.8		400		25.0		95.0
load=95.0													
162058	41.5		5.2		8.0		215.1		400		25.0		95.0
load=95.0													
162566	41.6		5.2		8.0		215.8		400		25.0		95.0
load=95.0													
163074	41.8		5.2		8.0		216.9		400		25.0		95.0
load=95.0													
163582	41.5		5.2		8.0		214.8		400		25.0		95.0
load=95.0													
164090	41.5		5.2		8.0		215.7		400		25.0		95.0
load=95.0													
164598	41.5		5.2		8.0		215.1		400		25.0		95.0
load=95.0													
165106	41.5		5.2		8.0		214.8		400		25.0		95.0
load=95.0													
165614	41.5		5.2		8.0		215.4		400		25.0		95.0
load=95.0													
166122	41.6		5.2		8.0		215.5		400		25.0		95.0
load=95.0													
166630	41.5		5.2		8.0		215.4		400		25.0		95.0
load=95.0													
167138	41.5		5.2		8.0		215.1		400		25.0		95.0
load=95.0													
167646	41.5		5.2		8.0		214.5		400		25.0		95.0
load=95.0													
168154	41.5		5.2		8.0		215.3		400		25.0		95.0
load=95.0													
168662	41.6		5.2		8.0		215.5		400		25.0		95.0
load=95.0													
169170	41.5		5.2		8.0		215.1		400		25.0		95.0
load=95.0													
169678	41.3		5.2		8.0		214.3		400		25.0		95.0
load=95.0													
170186	41.5		5.2		8.0		215.4		400		25.0		95.0
load=95.0													
170694	41.6		5.2		8.0		216.4		400		25.0		95.0
load=95.0													
171202	41.6		5.2		8.0		216.7		401		25.0		95.0
load=95.0													
171710	41.6		5.4		7.7		224.1		414		25.0		95.0
load=95.0													
172218	41.6		5.6		7.5		232.0		429		25.0		95.0
load=95.0													
172726	41.6		5.8		7.2		239.3		443		25.0		95.0
load=92.0													
173234	41.5		5.9		7.0		246.7		458		25.0		92.0
load=95.0													
173742	41.8		6.1		6.8		255.8		472		25.0		95.0
load=92.0													
174250	41.6		6.3		6.6		262.8		487		25.0		92.0
load=95.0													
174758	41.8		6.5		6.4		272.6		503		25.0		95.0
load=92.0													
175266	41.3		6.7		6.2		277.0		517		25.0		92.0
load=89.0													
175774	41.5		6.9		6.0		285.9		532		25.0		89.0
load=92.0													
176282	41.6		7.1		5.9		294.8		546		25.0		92.0
load=89.0													
176790	41.5		7.3		5.7		302.0		561		25.0		89.0
load=92.0													
177298	41.6		7.5		5.6		310.0		574		25.0		92.0
load=89.0													
177806	41.5		7.7		5.4		317.7		591		25.0		89.0
load=86.0													
178314	41.5		7.9		5.3		325.6		605		25.0		86.0
load=83.0													
178822	41.5		8.0		5.2		333.2		620		25.0		83.0
load=86.0													
179330	41.6		8.2		5.0		343.0		635		25.0		86.0
load=89.0													
179838	41.6		8.4		4.9		350.3		649		25.0		89.0
load=92.0													
180346	41.6		8.6		4.8		358.5		664		25.0		92.0
load=95.0													
180854	41.8		8.8		4.7		367.7		679		25.0		95.0
load=92.0													
181362	41.3		9.0		4.6		372.3		694		25.0		92.0
load=89.0													
181870	41.5		9.2		4.5		380.9		708		25.0		89.0
load=92.0													
182378	41.8		9.4		4.5		391.6		723		25.0		92.0
load=95.0													
182886	41.8		9.6		4.4		399.5		737		25.0		95.0
load=92.0													
183394	41.5		9.8		4.3		404.3		751		25.0		92.0
load=89.0													
183902	41.5		9.9		4.2		412.2		767		25.0		89.0
load=92.0													
184410	41.6		10.1		4.1		422.2		782		25.0		92.0
load=89.0													
184918	41.5		10.2		4.1		422.2		785		25.0		89.0
load=86.0													
185426	41.5		10.2		4.1		421.9		785		25.0		86.0
load=83.0													
185934	41.3		10.4		4.0		428.3		798		25.0		83.0
load=86.0													
186442	41.5		10.4		4.0		430.8		801		25.0		86.0
load=89.0													
186950	41.8		10.4		4.0		433.5		800		25.0		89.0
load=92.0													
187458	41.8		10.4		4.0		433.5		800		25.0		92.0
load=95.0													
187966	41.8		10.4		4.0		433.2		800		25.0		95.0
load=95.0													
188474	41.8		10.4		4.0		433.5		800		25.0		95.0
load=95.0													
188982	41.5		10.4		4.0		430.1		800		25.0		95.0
load=92.7													
189490	41.6		10.4		4.0		432.3		800		25.0		92.7
load=93.1													
189998	41.5		10.4		4.0		430.4		800		25.0		93.1
load=95.0													
190506	41.6		10.4		4.0		431.7		800		25.0		95.0
load=95.0													
191014	41.3		10.4		4.0		428.9		800		25.0		95.0
load=95.0													
191522	41.8		10.4		4.0		433.2		800		25.0		95.0
load=95.0													
192030	41.5		10.4		4.0		430.1		800		25.0		95.0
load=95.0													
192538	41.6		10.4		4.0		432.0		800		25.0		95.0
load=95.0													
193046	41.6		10.4		4.0		432.0		800		25.0		95.0
load=95.0													
193554	41.5		10.4		4.0		430.4		800		25.0		95.0
load=95.0													
194062	41.6		10.4		4.0		431.4		800		25.0		95.0
load=95.0													
194570	41.5		10.4		4.0		430.8		800		25.0		95.0
load=95.0													
195078	41.8		10.4		4.0		433.8		800		25.0		95.0
load=95.0													
195586	41.6		10.4		4.0		432.0		800		25.0		95.0
load=95.0													
196094	41.6		10.4		4.0		431.7		800		25.0		95.0
load=95.0													
196602	41.6		10.4		4.0		432.0		800		25.0		95.0
load=95.0													
197110	41.8		10.4		4.0		433.2		800		25.0		95.0
load=95.0													
197618	41.6		10.4		4.0		431.7		800		25.0		95.0
load=95.0													
198126	41.8		10.4		4.0		433.5		800		25.0		95.0
load=95.0													
198634	41.8		10.4		4.0		432.9		800		25.0		95.0
load=95.0													
199142	41.8		10.4		4.0		433.2		800		25.0		95.0
load=95.0													
199650	41.8		10.4		4.0		433.5		800		25.0		95.0
load=95.0													
200158	41.6		10.4		4.0		432.0		800		25.0		95.0
load=95.0													
200666	41.6		10.4		4.0		431.7		800		25.0		95.0
load=95.0													
201174	41.6		10.4		4.0		431.7		800		25.0		95.0
load=95.0													
201682	41.6		10.4		4.0		431.4		800		25.0		95.0
load=95.0													
202190	41.6		10.4		4.0		431.4		800		25.0		95.0
load=95.0													
202698	41.6		10.4		4.0		432.0		800		25.0		95.0
load=95.0													
203206	41.8		10.4		4.0		433.5		800		25.0		95.0
load=95.0													
203714	41.6		10.4		4.0		431.7		800		25.0		95.0
load=95.0													
204222	41.5		10.4		4.0		429.8		800		25.0		95.0
load=95.0													
204730	41.6		10.4		4.0		432.0		800		25.0		95.0
load=95.0													
205238	41.8		10.4		4.0		432.9		800		25.0		95.0
load=95.0													
205746	41.6		10.4		4.0		432.0		800		25.0		95.0
load=95.0													
206254	41.8		10.4		4.0		433.2		800		25.0		95.0
load=95.0													
206762	41.8		10.4		4.0		433.2		800		25.0		95.0
load=95.0													
207270	41.5		10.4		4.0		430.1		800		25.0		95.0
load=95.0													
207778	41.6		10.4		4.0		432.0		800		25.0		95.0
load=95.0													
208286	41.5		10.4		4.0		430.4		800		25.0		95.0
load=95.0													
208794	42.1		10.4		4.1		436.5		800		25.0		95.0
load=95.0													
209302	41.6		10.4		4.0		432.3		800		25.0		95.0
load=95.0													
209810	41.9		10.4		4.0		435.0		800		25.0		95.0
load=95.0													
210318	41.9		10.4		4.0		435.0		800		25.0		95.0
load=95.0													
210826	41.6		10.4		4.0		432.0		800		25.0		95.0
load=95.0													
211334	41.9		10.4		4.0		435.0		800		25.0		95.0
load=95.0													
211842	41.8		10.4		4.0		433.5		800		25.0		95.0
load=95.0													
212350	41.8		10.4		4.0		433.5		800		25.0		95.0
load=95.0													
212858	41.8		10.4		4.0		433.5		800		25.0		95.0
load=95.0													
213366	41.9		10.4		4.0		434.7		800		25.0		95.0
load=95.0													
213874	41.8		10.4		4.0		433.2		800		25.0		95.0
load=95.0													
214382	41.9		10.4		4.0		434.7		800		25.0		95.0
load=95.0													
214890	41.9		10.4		4.0		434.7		800		25.0		95.0
load=95.0													
215398	41.5		10.4		4.0		430.1		800		25.0		95.0
load=95.0													
215906	41.6		10.4		4.0		432.0		800		25.0		95.0
load=95.0													
216414	41.6		10.4		4.0		432.0		800		25.0		95.0
load=95.0													
216922	41.8		10.4		4.0		433.8		800		25.0		95.0
load=95.0													
217430	41.8		10.4		4.0		433.8		800		25.0		95.0
load=95.0													
217938	41.8		10.4		4.0		433.2		800		25.0		95.0
load=95.0													
218446	41.8		10.4		4.0		433.2		800		25.0		95.0
load=95.0													
218954	41.8		10.4		4.0		433.7		800		25.0		95.0
load=95.0													
219462	41.8		10.4		4.0		433.8		800		25.0		95.0
load=95.0													
219970	41.8		10.4		4.0		433.5		800		25.0		95.0
load=95.0													
220478	41.9		10.4		4.0		435.0		800		25.0		95.0
load=95.0													
220986	41.8		10.4		4.0		433.5		800		25.0		95.0
load=95.0													
221494	42.1		10.4		4.1		435.6		799		25.0		95.0
load=95.0													
222002	41.5		10.3		4.0		426.5		792		25.0		95.0
load=92.0													
222510	41.8		10.1		4.1		420.9		777		25.0		92.0
load=95.0													
223018	41.6		9.9		4.2		412.2		763		25.0		95.0
load=92.0													
223526	41.8		9.7		4.3		406.3		749		25.0		92.0
load=89.0													
224034	41.8		9.5		4.4		397.7		734		25.0		89.0
load=86.0													
224542	41.8		9.3		4.5		389.7		720		25.0		86.0
load=83.0													
225050	41.8		9.2		4.6		382.4		705		25.0		83.0
load=86.0													
225558	41.6		8.9		4.7		371.6		689		25.0		86.0
load=83.0													
226066	41.8		8.7		4.8		364.7		674		25.0		83.0
load=80.0													
226574	41.9		8.6		4.9		358.9		660		25.0		80.0
load=83.0													
227082	41.8		8.4		5.0		350.0		646		25.0		83.0
load=86.0													
227590	41.8		8.2		5.1		342.0		631		25.0		86.0
load=89.0													
228098	41.8		8.0		5.2		334.1		617		25.0		89.0
load=92.0													
228606	41.8		7.8		5.4		325.8		601		25.0		92.0
load=89.0													
229114	41.9		7.6		5.5		319.3		587		25.0		89.0
load=92.0													
229622	41.6		7.4		5.6		309.1		572		25.0		92.0
load=89.0													
230130	41.8		7.2		5.8		301.6		557		25.0		89.0
load=86.0													
230638	41.9		7.0		5.9		295.3		543		25.0		86.0
load=83.0													
231146	41.9		6.9		6.1		287.3		528		25.0		83.0
load=80.0													
231654	41.9		6.7		6.3		279.7		513		25.0		80.0
load=83.0													
232162	41.6		6.5		6.4		268.6		498		25.0		83.0
load=80.0													
232670	41.9		6.3		6.7		262.8		484		25.0		80.0
load=77.0													
233178	41.9		6.1		6.9		256.0		469		25.0		77.0
load=74.0													
233686	41.9		5.9		7.1		247.7		455		25.0		74.0
load=77.0													
234194	41.8		5.7		7.3		238.6		440		25.0		77.0
load=80.0													
234702	41.8		5.5		7.6		230.4		425		25.0		80.0
load=83.0													
235210	41.8		5.3		7.9		222.1		410		25.0		83.0
load=86.0													
235718	41.6		5.1		8.1		213.7		395		25.0		86.0
load=89.0													
236226	41.6		5.0		8.4		206.1		381		25.0		89.0
load=92.0													
236734	41.6		4.8		8.7		198.2		367		25.0		92.0
load=89.0													
237242	41.8		4.6		9.1		191.5		353		25.0		89.0
load=86.0													
237750	41.9		4.4		9.5		184.2		338		25.0		86.0
load=89.0													
238258	41.5		4.2		9.9		173.5		322		25.0		89.0
load=92.0													
238766	41.6		4.0		10.4		167.1		308		25.0		92.0
load=95.0													
239274	41.6		4.0		10.4		166.8		308		25.0		95.0
load=95.0													
239782	41.5		4.0		10.4		164.6		305		25.0		95.0
load=95.0													
240290	41.5		3.9		10.5		163.4		303		25.0		95.0
load=92.0													
240798	41.6		3.9		10.6		163.4		302		25.0		92.0
load=90.2													
241306	41.9		3.9		10.7		164.2		301		25.0		90.2
load=93.2													
241814	41.6		3.9		10.7		162.2		300		25.0		93.2
load=90.2													
242322	41.8		3.9		10.7		162.8		300		25.0		90.2
load=89.8													
242830	42.1		3.9		10.8		163.9		300		25.0		89.8
load=92.8													
243338	41.8		3.9		10.7		162.8		300		25.0		92.8
load=95.0													
243846	41.8		3.9		10.7		162.8		300		25.0		95.0
load=95.0													
244354	41.8		3.9		10.7		163.1		300		25.0		95.0
load=95.0													
244862	41.8		3.9		10.7		162.8		300		25.0		95.0
load=95.0													
245370	41.9		3.9		10.8		163.3		300		25.0		95.0
load=95.0													
245878	41.6		3.9		10.7		162.2		300		25.0		95.0
load=94.5													
246386	41.8		3.9		10.7		162.4		300		25.0		94.5
load=95.0													
246894	41.5		3.9		10.6		161.6		300		25.0		95.0
load=95.0													
247402	41.9		3.9		10.7		163.6		300		25.0		95.0
load=95.0													
247910	41.8		3.9		10.7		162.8		300		25.0		95.0
load=95.0													
248418	41.8		3.9		10.7		163.1		300		25.0		95.0
load=95.0													
248926	41.8		3.9		10.7		163.4		300		25.0		95.0
load=95.0													
249434	41.6		3.9		10.7		162.2		300		25.0		95.0
load=95.0													
249942	41.9		3.9		10.7		163.6		300		25.0		95.0
load=95.0													
250450	41.9		3.9		10.7		163.6		300		25.0		95.0
load=95.0													
250958	41.9		3.9		10.7		163.6		300		25.0		95.0
load=95.0													
251466	41.9		3.9		10.7		163.6		300		25.0		95.0
load=95.0													
251974	41.9		3.9		10.7		163.6		300		25.0		95.0
load=95.0													
252482	41.9		3.9		10.8		163.3		300		25.0		95.0
load=95.0													
252990	41.9		3.9		10.7		163.6		300		25.0		95.0
load=95.0													
253498	41.9		3.9		10.8		163.3		300		25.0		95.0
load=95.0													
254006	41.6		3.9		10.7		162.5		300		25.0		95.0
load=95.0													
254514	41.8		3.9		10.7		162.4		300		25.0		95.0
load=95.0													
255022	41.9		3.9		10.8		163.3		300		25.0		95.0
load=95.0													
255530	41.8		3.9		10.7		162.8		300		25.0		95.0
load=95.0													
256038	41.6		3.9		10.7		161.9		300		25.0		95.0
load=95.0													
256546	41.8		3.9		10.7		163.1		300		25.0		95.0
load=95.0													
257054	41.6		3.9		10.7		162.1		300		25.0		95.0
load=95.0													
257562	41.6		3.9		10.7		161.9		300		25.0		95.0
load=95.0													
258070	41.9		3.9		10.8		163.3		300		25.0		95.0
load=95.0													
258578	41.5		3.9		10.6		161.6		300		25.0		95.0
load=95.0													
259086	41.6		3.9		10.7		162.5		300		25.0		95.0
load=95.0													
259594	41.9		3.9		10.8		163.3		300		25.0		95.0
load=95.0													
260102	41.8		3.9		10.7		162.4		300		25.0		95.0
load=95.0													
260610	41.9		3.9		10.8		163.3		300		25.0		95.0
load=95.0													
261118	41.8		3.9		10.7		163.1		300		25.0		95.0
load=95.0													
261626	41.8		3.9		10.7		162.8		300		25.0		95.0
load=95.0													
262134	41.9		3.9		10.7		163.6		300		25.0		95.0
load=95.0													
262642	41.6		3.9		10.7		162.5		300		25.0		95.0
load=95.0													
263150	41.9		3.9		10.8		163.3		300		25.0		95.0
load=95.0													
263658	41.9		3.9		10.8		163.3		300		25.0		95.0
load=95.0													
264166	41.8		3.9		10.7		162.4		300		25.0		95.0
load=95.0													
264674	41.8		3.9		10.7		163.1		300		25.0		95.0
load=95.0													
265182	41.8		3.9		10.7		162.4		300		25.0		95.0
load=95.0													
265690	41.9		3.9		10.8		163.0		300		25.0		95.0
load=94.7													
266198	41.8		3.9		10.7		163.1		300		25.0		94.7
load=95.0													
266706	41.9		3.9		10.8		163.3		300		25.0		95.0
load=95.0													
267214	41.8		3.9		10.7		163.1		300		25.0		95.0
load=95.0													
267722	41.6		3.9		10.7		162.5		300		25.0		95.0
load=95.0													
268230	41.8		3.9		10.7		163.1		300		25.0		95.0
load=95.0													
268738	41.8		3.9		10.7		163.1		300		25.0		95.0
load=95.0													
269246	41.9		3.9		10.8		163.3		300		25.0		95.0
load=95.0													
269754	41.8		3.9		10.7		162.2		300		25.0		95.0
load=95.0													
270262	41.9		3.9		10.8		163.0		300		25.0		95.0
load=95.0													
270770	41.9		3.9		10.7		163.6		300		25.0		95.0
load=95.0													
271278	42.1		3.9		10.8		164.2		300		25.0		95.0
load=95.0													
271786	41.6		3.9		10.7		162.5		300		25.0		95.0
load=95.0													
272294	41.9		3.9		10.8		163.3		300		25.0		95.0
load=95.0													
272802	41.8		3.9		10.7		162.8		300		25.0		95.0
load=94.5													
273310	41.8		3.9		10.7		163.4		300		25.0		94.5
load=95.0													
273818	41.6		3.9		10.7		162.2		300		25.0		95.0
load=95.0													
274326	41.9		3.9		10.7		163.9		300		25.0		95.0
load=95.0													
274834	41.8		3.9		10.7		162.4		300		25.0		95.0
load=95.0													
275342	41.8		3.9		10.7		162.4		300		25.0		95.0
load=95.0													
275850	41.8		3.9		10.7		163.1		300		25.0		95.0
load=95.0													
276358	41.5		3.9		10.6		161.6		300		25.0		95.0
load=95.0													
276866	41.8		3.9		10.7		163.1		300		25.0		95.0
load=95.0													
277374	41.6		3.9		10.7		162.2		300		25.0		95.0
load=95.0													
277882	41.8		3.9		10.7		162.8		300		25.0		95.0
load=95.0													
278390	41.6		3.9		10.7		162.5		300		25.0		95.0
load=95.0													
278898	41.6		3.9		10.7		162.2		300		25.0		95.0
load=95.0													
279406	41.9		3.9		10.8		163.0		300		25.0		95.0
load=95.0													
279914	41.6		3.9		10.7		162.5		300		25.0		95.0
load=95.0													
280422	41.8		3.9		10.7		162.8		300		25.0		95.0
load=95.0													
280930	41.5		3.9		10.6		161.6		300		25.0		95.0
load=95.0													
281438	41.9		3.9		10.7		163.6		300		25.0		95.0
load=95.0													
281946	41.5		3.9		10.6		161.6		300		25.0		95.0
load=95.0													
282454	41.6		3.9		10.7		162.5		301		25.0		95.0
load=95.0													
282962	41.8		4.0		10.4		168.3		310		25.0		95.0
load=95.0													
283470	41.8		4.2		9.9		176.5		325		25.0		95.0
load=95.0													
283978	41.8		4.4		9.5		184.2		339		25.0		95.0
load=92.0													
284486	41.6		4.6		9.1		190.8		354		25.0		92.0
load=95.0													
284994	41.8		4.8		8.7		199.8		368		25.0		95.0
load=95.0													
285502	41.9		5.0		8.4		208.1		383		25.0		95.0
load=92.0													
286010	41.8		5.2		8.1		215.4		398		25.0		92.0
load=89.0													
286518	41.5		5.4		7.7		222.1		413		25.0		89.0
load=92.0													
287026	41.9		5.6		7.5		232.7		428		25.0		92.0
load=89.0													
287534	41.6		5.7		7.3		238.7		442		25.0		89.0
load=86.0													
288042	41.6		5.9		7.0		246.3		456		25.0		86.0
load=83.0													
288550	41.6		6.1		6.8		253.3		470		25.0		83.0
load=80.0													
289058	41.6		6.3		6.6		263.1		487		25.0		80.0
load=83.0													
289566	41.8		6.5		6.4		271.4		501		25.0		83.0
load=86.0													
290074	41.8		6.7		6.2		279.6		516		25.0		86.0
load=89.0													
290582	41.8		6.9		6.1		287.6		530		25.0		89.0
load=86.0													
291090	41.6		7.1		5.9		294.5		545		25.0		86.0
load=83.0													
291598	41.5		7.3		5.7		300.7		559		25.0		83.0
load=86.0													
292106	41.8		7.5		5.6		311.7		575		25.0		86.0
load=89.0													
292614	41.8		7.7		5.5		319.7		590		25.0		89.0
load=86.0													
293122	41.6		7.8		5.3		326.2		604		25.0		86.0
load=89.0													
293630	41.8		8.0		5.2		335.0		618		25.0		89.0
load=86.0													
294138	41.6		8.2		5.1		341.4		632		25.0		86.0
load=83.0													
294646	41.6		8.4		5.0		348.7		647		25.0		83.0
load=80.0													
295154	41.6		8.6		4.8		358.2		664		25.0		80.0
load=77.0													
295662	41.6		8.8		4.7		365.8		677		25.0		77.0
load=80.0													
296170	41.8		9.0		4.7		374.8		692		25.0		80.0
load=77.0													
296678	41.6		9.2		4.5		381.1		706		25.0		77.0
load=74.0													
297186	41.5		9.3		4.4		387.6		721		25.0		74.0
load=71.0													
297694	41.5		9.5		4.4		395.2		735		25.0		71.0
load=68.0													
298202	41.5		9.7		4.3		403.4		750		25.0		68.0
load=65.0													
298710	41.5		9.9		4.2		411.3		765		25.0		65.0
load=68.0													
299218	41.6		10.1		4.1		421.0		780		25.0		68.0
load=65.0													
299726	41.5		10.1		4.1		420.1		781		25.0		65.0
load=68.0													
300234	41.6		10.2		4.1		422.5		783		25.0		68.0
load=71.0													
300742	41.6		10.2		4.1		426.2		790		25.0		71.0
load=74.0													
301250	41.8		10.3		4.1		430.1		795		25.0		74.0
load=77.0													
301758	41.8		10.4		4.0		432.3		798		25.0		77.0
load=80.0													
302266	41.8		10.4		4.0		433.8		800		25.0		80.0
load=78.1													
302774	41.5		10.4		4.0		430.4		800		25.0		78.1
load=81.1													
303282	41.8		10.4		4.0		433.8		800		25.0		81.1
load=84.1													
303790	41.8		10.4		4.0		433.2		800		25.0		84.1
load=86.5													
304298	41.9		10.4		4.0		435.0		800		25.0		86.5
load=89.3													
304806	41.8		10.4		4.0		432.9		800		25.0		89.3
load=91.0													
305314	41.8		10.4		4.0		432.6		800		25.0		91.0
load=91.3													
305822	41.6		10.4		4.0		432.0		800		25.0		91.3
load=91.7													
306330	41.6		10.4		4.0		432.0		800		25.0		91.7
load=94.3													
306838	41.8		10.4		4.0		433.8		800		25.0		94.3
load=95.0													
307346	41.8		10.4		4.0		433.2		800		25.0		95.0
load=95.0													
307854	41.5		10.4		4.0		429.9		800		25.0		95.0
load=95.0													
308362	41.6		10.4		4.0		432.3		800		25.0		95.0
load=95.0													
308870	41.6		10.4		4.0		431.7		800		25.0		95.0
load=95.0													
309378	41.5		10.4		4.0		430.4		800		25.0		95.0
load=95.0													
309886	41.6		10.4		4.0		432.0		800		25.0		95.0
load=95.0													
310394	41.8		10.4		4.0		432.9		800		25.0		95.0
load=95.0													
310902	41.5		10.4		4.0		430.4		800		25.0		95.0
load=95.0													
311410	41.5		10.4		4.0		429.8		800		25.0		95.0
load=95.0													
311918	41.6		10.4		4.0		432.0		800		25.0		95.0
load=95.0													
312426	41.5		10.4		4.0		430.4		800		25.0		95.0
load=95.0													
312934	41.8		10.4		4.0		433.5		800		25.0		95.0
load=95.0													
313442	41.6		10.4		4.0		431.7		800		25.0		95.0
load=95.0													
313950	41.8		10.4		4.0		433.5		800		25.0		95.0
load=95.0													
314458	41.8		10.4		4.0		433.2		800		25.0		95.0
load=95.0													
314966	41.8		10.4		4.0		433.5		800		25.0		95.0
load=95.0													
315474	41.5		10.4		4.0		429.8		800		25.0		95.0
load=95.0													
315982	41.6		10.4		4.0		431.4		800		25.0		95.0
load=95.0													
316490	41.6		10.4		4.0		431.7		800		25.0		95.0
load=95.0													
316998	41.6		10.4		4.0		431.7		800		25.0		95.0
load=95.0													
317506	41.6		10.4		4.0		432.0		800		25.0		95.0
load=95.0													
318014	41.3		10.4		4.0		428.6		800		25.0		95.0
load=95.0													
318522	41.6		10.4		4.0		431.4		800		25.0		95.0
load=95.0													
319030	41.8		10.4		4.0		433.5		800		25.0		95.0
load=95.0													
319538	41.3		10.4		4.0		428.9		800		25.0		95.0
load=95.0													
320046	41.6		10.4		4.0		431.7		800		25.0		95.0
load=95.0													
320554	41.5		10.4		4.0		429.9		800		25.0		95.0
load=95.0													
321062	41.6		10.4		4.0		431.7		800		25.0		95.0
load=95.0													
321570	41.3		10.4		4.0		428.9		800		25.0		95.0
load=95.0													
322078	41.5		10.4		4.0		430.1		800		25.0		95.0
load=95.0													
322586	41.3		10.4		4.0		428.6		800		25.0		95.0
load=95.0													
323094	41.6		10.4		4.0		431.4		800		25.0		95.0
load=95.0													
323602	41.5		10.4		4.0		429.8		800		25.0		95.0
load=95.0													
324110	41.6		10.4		4.0		431.7		800		25.0		95.0
load=95.0													
324618	41.3		10.4		4.0		429.2		800		25.0		95.0
load=95.0													
325126	41.6		10.4		4.0		431.7		800		25.0		95.0
load=95.0													
325634	41.5		10.4		4.0		430.1		800		25.0		95.0
load=95.0													
326142	41.9		10.4		4.0		434.7		800		25.0		95.0
load=95.0													
326650	41.5		10.4		4.0		430.1		800		25.0		95.0
load=95.0													
327158	41.5		10.4		4.0		429.8		800		25.0		95.0
load=95.0													
327666	41.5		10.4		4.0		429.8		800		25.0		95.0
load=95.0													
328174	41.5		10.4		4.0		430.1		800		25.0		95.0
load=95.0													
328682	41.3		10.4		4.0		428.6		800		25.0		95.0
load=95.0													
329190	41.8		10.4		4.0		433.2		800		25.0		95.0
load=95.0													
329698	41.6		10.4		4.0		431.4		800		25.0		95.0
load=95.0													
330206	41.5		10.4		4.0		430.4		800		25.0		95.0
load=95.0													
330714	41.6		10.4		4.0		432.0		800		25.0		95.0
load=95.0													
331222	41.5		10.4		4.0		430.1		800		25.0		95.0
load=95.0													
331730	41.3		10.4		4.0		428.9		800		25.0		95.0
load=95.0													
332238	41.6		10.4		4.0		431.7		800		25.0		95.0
load=95.0													
332746	41.8		10.4		4.0		432.9		800		25.0		95.0
load=95.0													
333254	41.5		10.4		4.0		429.9		800		25.0		95.0
load=95.0													
333762	41.6		10.4		4.0		431.7		800		25.0		95.0
load=95.0													
334270	41.5		10.4		4.0		429.8		800		25.0		95.0
load=95.0													
334778	41.3		10.4		4.0		428.3		800		25.0		95.0
load=95.0													
335286	41.3		10.4		4.0		428.9		800		25.0		95.0
load=95.0													
335794	41.3		10.4		4.0		428.6		800		25.0		95.0
load=95.0													
336302	41.3		10.4		4.0		428.3		800		25.0		95.0
load=95.0													
336810	41.3		10.4		4.0		428.6		800		25.0		95.0
load=95.0													
337318	41.5		10.4		4.0		430.1		800		25.0		95.0
load=95.0													
337826	41.5		10.4		4.0		430.1		800		25.0		95.0
load=95.0													
338334	41.6		10.4		4.0		431.7		800		25.0		95.0
load=95.0													
338842	41.3		10.4		4.0		428.6		800		25.0		95.0
load=95.0													
339350	41.6		10.4		4.0		431.7		800		25.0		95.0
load=95.0													
339858	41.6		10.4		4.0		431.7		800		25.0		95.0
load=95.0													
340366	41.5		10.4		4.0		430.1		800		25.0		95.0
load=95.0													
340874	41.6		10.4		4.0		432.0		800		25.0		95.0
load=95.0													
341382	41.6		10.4		4.0		432.3		800		25.0		95.0
load=95.0													
341890	41.9		10.4		4.0		435.0		800		25.0		95.0
load=95.0													
342398	41.5		10.4		4.0		430.4		800		25.0		95.0
load=95.0													
342906	41.2		10.4		4.0		426.8		800		25.0		95.0
load=95.0													
343414	41.6		10.4		4.0		431.7		800		25.0		95.0
load=95.0													
343922	41.9		10.4		4.0		434.4		800		25.0		95.0
load=95.0													
344430	41.6		10.4		4.0		431.4		800		25.0		95.0
load=95.0													
344938	41.5		10.4		4.0		429.8		800		25.0		95.0
load=95.0													
345446	41.3		10.4		4.0		428.9		800		25.0		95.0
load=95.0													
345954	41.6		10.4		4.0		431.9		800		25.0		95.0
load=95.0													
346462	41.6		10.4		4.0		431.4		800		25.0		95.0
load=95.0													
346970	41.9		10.4		4.0		434.7		800		25.0		95.0
load=95.0													
347478	41.3		10.4		4.0		428.6		800		25.0		95.0
load=95.0													
347986	41.3		10.4		4.0		428.3		800		25.0		95.0
load=95.0													
348494	41.6		10.4		4.0		431.7		800		25.0		95.0
load=95.0													
349002	41.8		10.4		4.0		433.5		800		25.0		95.0
load=95.0													
349510	41.9		10.4		4.0		434.7		800		25.0		95.0
load=95.0													
350018	41.3		10.4		4.0		428.6		800		25.0		95.0
load=95.0													
350526	41.3		10.4		4.0		428.3		800		25.0		95.0
load=95.0													
351034	41.5		10.4		4.0		430.4		800		26.0		95.0
load=95.0													
351542	40.3		10.4		3.9		419.8		800		36.0		95.0
load=95.0													
352050	38.7		10.5		3.7		404.9		800		50.1		95.0
load=95.0													
352558	37.5		10.5		3.6		393.2		800		57.0		95.0
load=95.0													
353066	37.1		10.5		3.5		389.2		800		60.0		95.0
load=95.0													
353574	37.4		10.5		3.6		392.2		800		60.0		95.0
load=95.0													
354082	37.5		10.5		3.6		393.8		800		60.0		95.0
load=95.0													
354590	37.2		10.5		3.5		391.0		800		60.0		95.0
load=95.0													
355098	37.1		10.5		3.5		388.9		800		60.0		95.0
load=95.0													
355606	37.1		10.5		3.5		388.9		800		60.0		95.0
load=95.0													
356114	37.5		10.5		3.6		393.8		800		60.0		95.0
load=95.0													
356622	37.5		10.5		3.6		394.6		800		60.0		95.0
load=95.0													
357130	37.5		10.5		3.6		394.1		800		60.0		95.0
load=95.0													
357638	37.1		10.5		3.5		388.6		800		60.0		95.0
load=95.0													
358146	37.1		10.5		3.5		388.9		800		60.0		95.0
load=95.0													
358654	37.1		10.5		3.5		389.2		800		60.0		95.0
load=95.0													
359162	37.4		10.5		3.6		392.5		800		60.0		95.0
load=95.0													
359670	37.4		10.5		3.6		392.2		800		60.0		95.0
load=95.0													
360178	36.9		10.5		3.5		387.4		800		60.0		95.0
load=95.0													
360686	36.9		10.5		3.5		387.9		800		60.0		95.0
load=95.0													
361194	37.1		10.5		3.5		389.2		800		60.0		95.0
load=95.0													
361702	37.4		10.5		3.6		392.5		800		60.0		95.0
load=95.0													
362210	37.2		10.5		3.5		390.4		800		60.0		95.0
load=95.0													
362718	37.1		10.5		3.5		388.9		800		60.0		95.0
load=95.0													
363226	37.1		10.5		3.5		389.2		800		60.0		95.0
load=95.0													
363734	37.4		10.5		3.6		392.8		800		60.0		95.0
load=95.0													
364242	37.4		10.5		3.6		392.5		800		60.0		95.0
load=95.0													
364750	37.4		10.5		3.6		392.5		800		60.0		95.0
load=95.0													
365258	36.9		10.5		3.5		387.9		800		60.0		95.0
load=95.0													
365766	36.9		10.5		3.5		388.2		800		60.0		95.0
load=95.0													
366274	37.1		10.5		3.5		389.4		800		60.0		95.0
load=95.0													
366782	37.5		10.5		3.6		394.1		800		60.0		95.0
load=95.0													
367290	37.5		10.5		3.6		394.1		800		60.0		95.0
load=95.0													
367798	36.9		10.5		3.5		387.4		800		60.0		95.0
load=95.0													
368306	37.2		10.5		3.5		391.0		800		60.0		95.0
load=95.0													
368814	37.1		10.5		3.5		389.4		800		60.0		95.0
load=95.0													
369322	37.5		10.5		3.6		394.3		800		60.0		95.0
load=95.0													
369830	37.2		10.5		3.5		391.0		800		60.0		95.0
load=95.0													
370338	37.1		10.5		3.5		388.9		800		60.0		95.0
load=95.0													
370846	37.1		10.5		3.5		388.9		800		60.0		95.0
load=95.0													
371354	37.2		10.5		3.5		390.7		800		60.0		95.0
load=95.0													
371862	37.5		10.5		3.6		393.8		800		60.0		95.0
load=95.0													
372370	37.4		10.5		3.6		392.5		800		60.0		95.0
load=95.0													
372878	37.1		10.5		3.5		388.9		800		60.0		95.0
load=95.0													
373386	37.1		10.5		3.5		389.2		800		60.0		95.0
load=95.0													
373894	37.2		10.5		3.5		390.7		800		60.0		95.0
load=95.0													
374402	37.5		10.5		3.6		394.1		800		60.0		95.0
load=95.0													
374910	37.4		10.5		3.6		392.5		800		60.0		95.0
load=95.0													
375418	36.9		10.5		3.5		387.4		800		60.0		95.0
load=95.0													
375926	36.9		10.5		3.5		387.4		800		60.0		95.0
load=95.0													
376434	37.4		10.5		3.6		392.2		800		60.0		95.0
load=95.0													
376942	37.5		10.5		3.6		394.3		800		60.0		95.0
load=95.0													
377450	37.4		10.5		3.6		392.2		800		60.0		95.0
load=95.0													
377958	36.9		10.5		3.5		387.4		800		60.0		95.0
load=95.0													
378466	37.1		10.5		3.5		389.2		800		60.0		95.0
load=95.0													
378974	37.2		10.5		3.5		390.7		800		60.0		95.0
load=95.0													
379482	37.4		10.5		3.6		392.5		800		60.0		95.0
load=95.0													
379990	37.1		10.5		3.5		389.4		800		60.0		95.0
load=95.0													
380498	37.1		10.5		3.5		389.2		800		60.0		95.0
load=95.0													
381006	36.8		10.5		3.5		386.1		800		60.0		95.0
load=95.0													
381514	37.4		10.5		3.6		392.5		800		60.0		95.0
load=95.0													
382022	37.4		10.5		3.6		392.2		800		60.0		95.0
load=95.0													
382530	37.2		10.5		3.5		391.2		800		60.0		95.0
load=95.0													
383038	37.1		10.5		3.5		388.9		800		60.0		95.0
load=95.0													
383546	36.9		10.5		3.5		387.6		800		60.0		95.0
load=95.0													
384054	37.4		10.5		3.6		392.3		800		60.0		95.0
load=95.0													
384562	37.4		10.5		3.6		392.5		800		60.0		95.0
load=95.0													
385070	37.2		10.5		3.5		390.7		800		60.0		95.0
load=95.0													
385578	37.1		10.5		3.5		389.4		800		60.0		95.0
load=95.0													
386086	37.2		10.5		3.5		390.2		800		60.0		95.0
load=95.0													
386594	37.2		10.5		3.5		391.0		800		60.0		95.0
load=95.0													
387102	37.5		10.5		3.6		393.8		800		60.0		95.0
load=95.0													
387610	37.4		10.5		3.6		392.2		800		60.0		95.0
load=95.0													
388118	36.9		10.5		3.5		387.6		800		60.0		95.0
load=95.0													
388626	36.9		10.5		3.5		387.4		800		60.0		95.0
load=95.0													
389134	37.2		10.5		3.5		390.7		800		60.0		95.0
load=95.0													
389642	37.5		10.5		3.6		393.8		800		60.0		95.0
load=95.0													
390150	37.1		10.5		3.5		389.7		800		60.0		95.0
load=95.0													
390658	36.9		10.5		3.5		387.4		800		60.0		95.0
load=95.0													
391166	37.2		10.5		3.5		390.2		800		60.0		95.0
load=95.0													
391674	37.4		10.5		3.6		392.5		800		60.0		95.0
load=95.0													
392182	37.4		10.5		3.6		392.8		800		60.0		95.0
load=95.0													
392690	37.2		10.5		3.5		391.0		800		60.0		95.0
load=95.0													
393198	36.6		10.5		3.5		384.3		800		60.0		95.0
load=95.0													
393706	37.1		10.5		3.5		389.4		800		60.0		95.0
load=95.0													
394214	37.2		10.5		3.5		390.7		800		60.0		95.0
load=95.0													
394722	37.5		10.5		3.6		393.8		800		60.0		95.0
load=95.0													
395230	37.2		10.5		3.5		390.7		800		60.0		95.0
load=95.0													
395738	36.9		10.5		3.5		387.9		800		60.0		95.0
load=95.0													
396246	37.1		10.5		3.5		389.2		800		60.0		95.0
load=95.0													
396754	37.4		10.5		3.6		392.2		800		60.0		95.0
load=95.0													
397262	37.4		10.5		3.6		392.5		800		60.0		95.0
load=95.0													
397770	37.2		10.5		3.5		391.0		800		60.0		95.0
load=95.0													
398278	36.9		10.5		3.5		387.6		800		60.0		95.0
load=95.0													
398786	36.9		10.5		3.5		387.6		800		60.0		95.0
load=95.0													
399294	37.2		10.5		3.5		391.0		800		60.0		95.0
load=95.0													
399802	37.7		10.5		3.6		395.6		800		60.0		95.0
load=95.0													
400310	37.1		10.5		3.5		388.9		800		60.0		95.0
load=95.0													
400818	37.2		10.5		3.5		390.7		800		59.0		95.0
load=95.0													
401326	38.2		10.5		3.7		400.6		800		51.0		95.0
load=95.0													
401834	40.4		10.4		3.9		421.3		800		36.0		95.0
load=95.0													
402342	41.2		10.4		4.0		428.3		800		30.0		95.0
load=95.0													
402850	41.0		10.4		3.9		426.5		800		28.0		95.0
load=95.0													
403358	41.5		10.4		4.0		429.8		800		24.0		95.0
load=95.0													
403866	41.3		10.4		4.0		428.0		800		24.0		95.0
load=95.0													
404374	41.8		10.4		4.0		433.8		800		25.0		95.0
load=95.0													
404882	41.8		10.4		4.0		433.2		800		25.0		95.0
load=95.0													
405390	41.6		10.4		4.0		431.7		800		25.0		95.0
load=95.0													
405898	41.3		10.4		4.0		428.6		800		25.0		95.0
load=95.0													
406406	41.5		10.4		4.0		430.1		800		25.0		95.0
load=95.0													
406914	41.8		10.4		4.0		433.5		800		25.0		95.0
load=95.0													
407422	41.9		10.4		4.0		435.0		800		25.0		95.0
load=95.0													
407930	41.6		10.4		4.0		431.4		800		25.0		95.0
load=95.0													
408438	41.3		10.4		4.0		428.3		800		25.0		95.0
load=95.0													
408946	41.0		10.4		4.0		425.3		800		25.0		95.0
load=95.0													
409454	41.8		10.4		4.0		433.8		800		25.0		95.0
load=95.0													
409962	41.8		10.4		4.0		433.8		800		25.0		95.0
load=95.0													
410470	41.5		10.4		4.0		430.1		800		25.0		95.0
load=95.0													
410978	41.2		10.4		4.0		426.8		800		25.0		95.0
load=95.0													
411486	41.2		10.4		4.0		427.1		800		25.0		95.0
load=95.0													
411994	41.8		10.4		4.0		433.2		800		25.0		95.0
load=95.0													
412502	41.8		10.4		4.0		433.8		800		25.0		95.0
load=95.0													
413010	41.5		10.4		4.0		430.4		800		25.0		95.0
load=95.0													
413518	41.3		10.4		4.0		428.0		800		25.0		95.0
load=95.0													
414026	41.6		10.4		4.0		431.4		800		25.0		95.0
load=95.0													
414534	41.6		10.4		4.0		432.0		800		25.0		95.0
load=95.0													
415042	41.6		10.4		4.0		432.3		800		25.0		95.0
load=95.0													
415550	41.3		10.4		4.0		428.6		800		25.0		95.0
load=95.0													
416058	41.3		10.4		4.0		428.3		800		25.0		95.0
load=95.0													
416566	41.5		10.4		4.0		430.1		800		25.0		95.0
load=95.0													
417074	41.6		10.4		4.0		432.0		800		25.0		95.0
load=95.0													
417582	41.8		10.4		4.0		433.5		800		25.0		95.0
load=95.0													
418090	41.5		10.4		4.0		430.1		800		25.0		95.0
load=95.0													
418598	41.3		10.4		4.0		428.3		800		25.0		95.0
load=95.0													
419106	41.2		10.4		4.0		427.1		800		25.0		95.0
load=95.0													
419614	41.8		10.4		4.0		433.2		800		25.0		95.0
load=95.0													
420122	41.5		10.4		4.0		430.8		800		25.0		95.0
load=95.0													
420630	41.6		10.4		4.0		431.7		800		25.0		95.0
load=95.0													
421138	41.2		10.4		4.0		427.1		800		25.0		95.0
load=95.0													
421646	41.5		10.4		4.0		430.1		800		25.0		95.0
load=95.0													
422154	41.6		10.4		4.0		432.2		800		25.0		95.0
load=95.0													
422662	41.8		10.4		4.0		433.8		800		25.0		95.0
load=95.0													
423170	41.3		10.4		4.0		428.6		800		25.0		95.0
load=95.0													
423678	41.2		10.4		4.0		427.1		800		25.0		95.0
load=95.0													
424186	41.6		10.4		4.0		431.7		800		25.0		95.0
load=95.0													
424694	41.5		10.4		4.0		430.1		800		25.0		95.0
load=95.0													
425202	42.1		10.4		4.1		436.5		800		25.0		95.0
load=95.0													
425710	41.6		10.4		4.0		431.7		800		25.0		95.0
load=95.0													
426218	41.5		10.4		4.0		429.8		800		25.0		95.0
load=95.0													
426726	41.5		10.4		4.0		430.1		800		25.0		95.0
load=95.0													
427234	41.9		10.4		4.0		435.0		800		25.0		95.0
load=95.0													
427742	41.8		10.4		4.0		433.5		800		25.0		95.0
load=95.0													
428250	41.3		10.4		4.0		428.3		800		25.0		95.0
load=95.0													
428758	41.5		10.4		4.0		430.1		800		25.0		95.0
load=95.0													
429266	41.5		10.4		4.0		430.1		800		25.0		95.0
load=95.0													
429774	41.8		10.4		4.0		433.2		800		25.0		95.0
load=95.0													
430282	41.9		10.4		4.0		434.7		800		25.0		95.0
load=95.0													
430790	41.8		10.4		4.0		433.5		800		25.0		95.0
load=95.0													
431298	41.5		10.4		4.0		430.1		800		25.0		95.0
load=95.0													
431806	41.5		10.4		4.0		430.4		800		25.0		95.0
load=95.0													
432314	41.5		10.4		4.0		430.4		800		25.0		95.0
load=95.0													
432822	41.8		10.4		4.0		433.2		800		25.0		95.0
load=95.0													
433330	41.5		10.4		4.0		430.4		800		25.0		95.0
load=95.0													
433838	41.5		10.4		4.0		429.8		800		25.0		95.0
load=95.0													
434346	41.5		10.4		4.0		430.1		800		25.0		95.0
load=95.0													
434854	41.8		10.4		4.0		433.8		800		25.0		95.0
load=95.0													
435362	41.9		10.4		4.0		435.3		800		25.0		95.0
load=95.0													
435870	41.5		10.4		4.0		429.8		800		25.0		95.0
load=95.0													
436378	41.5		10.4		4.0		430.1		800		25.0		95.0
load=95.0													
436886	41.5		10.4		4.0		429.5		800		25.0		95.0
load=95.0													
437394	41.8		10.4		4.0		433.5		800		25.0		95.0
load=95.0													
437902	41.8		10.4		4.0		433.2		800		25.0		95.0
load=95.0													
438410	41.6		10.4		4.0		431.7		800		25.0		95.0
load=95.0													
438918	41.3		10.4		4.0		428.0		800		25.0		95.0
load=95.0													
439426	41.6		10.4		4.0		431.4		800		25.0		95.0
load=95.0													
439934	41.6		10.4		4.0		432.0		800		25.0		95.0
load=95.0													
440442	41.6		10.4		4.0		432.0		800		25.0		95.0
load=95.0													
440950	41.3		10.4		4.0		428.6		800		25.0		95.0
load=95.0													
441458	41.3		10.4		4.0		428.3		800		25.0		95.0
load=95.0													
441966	41.5		10.4		4.0		430.1		800		25.0		95.0
load=95.0													
442474	41.8		10.4		4.0		433.2		800		25.0		95.0
load=95.0													
442982	41.9		10.4		4.0		435.0		800		25.0		95.0
load=95.0													
443490	41.5		10.4		4.0		429.8		800		25.0		95.0
load=95.0													
443998	41.5		10.4		4.0		430.1		800		25.0		95.0
load=95.0													
444506	41.5		10.4		4.0		429.5		800		25.0		95.0
load=95.0													
445014	41.8		10.4		4.0		433.2		800		25.0		95.0
load=95.0													
445522	41.5		10.4		4.0		430.8		800		25.0		95.0
load=95.0													
446030	41.5		10.4		4.0		430.4		800		25.0		95.0
load=95.0													
446538	41.5		10.4		4.0		429.5		800		25.0		95.0
load=95.0													
447046	41.5		10.4		4.0		430.1		800		25.0		95.0
load=95.0													
447554	41.8		10.4		4.0		433.4		800		25.0		95.0
load=95.0													
448062	41.6		10.4		4.0		431.7		800		25.0		95.0
load=95.0													
448570	41.5		10.4		4.0		429.8		800		25.0		95.0
load=95.0													
449078	41.0		10.4		4.0		425.6		800		25.0		95.0
load=95.0													
449586	41.5		10.4		4.0		429.8		800		25.0		95.0
load=95.0													
450094	41.8		10.4		4.0		433.5		800		25.0		95.0
load=95.0													
450602	41.8		10.4		4.0		433.5		800		25.0		95.0
load=95.0													
451110	41.5		10.4		4.0		430.1		800		25.0		95.0
load=95.0													
451618	41.2		10.4		4.0		427.1		800		25.0		95.0
load=95.0													
452126	41.5		10.4		4.0		430.1		800		25.0		95.0
load=95.0													
452634	41.6		10.4		4.0		432.3		800		25.0		95.0
load=95.0													
453142	41.6		10.4		4.0		431.7		800		25.0		95.0
load=95.0													
453650	41.6		10.4		4.0		431.7		800		25.0		95.0
load=95.0													
454158	41.2		10.4		4.0		427.1		800		25.0		95.0
load=95.0													
454666	41.5		10.4		4.0		430.4		800		25.0		95.0
load=95.0													
455174	41.6		10.4		4.0		432.0		800		25.0		95.0
load=95.0													
455682	41.8		10.4		4.0		433.5		800		25.0		95.0
load=95.0													
456190	41.5		10.4		4.0		430.1		800		25.0		95.0
load=95.0													
456698	41.3		10.4		4.0		428.3		800		25.0		95.0
load=95.0													
457206	41.6		10.4		4.0		431.4		800		25.0		95.0
load=95.0													
457714	41.6		10.4		4.0		432.0		800		25.0		95.0
load=95.0													
458222	41.6		10.4		4.0		432.3		800		25.0		95.0
load=95.0													
458730	41.6		10.4		4.0		432.0		800		25.0		95.0
load=95.0													
459238	41.3		10.4		4.0		428.6		800		25.0		95.0
load=95.0													
459746	41.2		10.4		4.0		426.8		800		25.0		95.0
load=95.0													
460254	41.8		10.4		4.0		433.2		800		25.0		95.0
load=95.0													
460762	41.9		10.4		4.0		435.0		800		25.0		95.0
load=95.0													
461270	41.5		10.4		4.0		430.1		800		25.0		95.0
load=95.0													
461778	41.2		10.4		4.0		426.8		800		25.0		95.0
load=95.0													
462286	41.3		10.4		4.0		428.6		800		25.0		95.0
load=95.0													
462794	41.8		10.4		4.0		433.2		800		25.0		95.0
load=95.0													
463302	41.6		10.4		4.0		431.7		800		25.0		95.0
load=95.0													
463810	41.5		10.4		4.0		429.8		800		25.0		95.0
load=95.0													
464318	41.0		10.4		4.0		424.7		800		25.0		95.0
load=95.0													
464826	41.8		10.4		4.0		433.2		800		25.0		95.0
load=95.0													
465334	41.6		10.4		4.0		432.3		800		25.0		95.0
load=95.0													
465842	41.6		10.4		4.0		432.0		800		25.0		95.0
load=95.0													
466350	41.5		10.4		4.0		430.1		800		25.0		95.0
load=95.0													
466858	41.0		10.4		4.0		425.0		800		25.0		95.0
load=95.0													
467366	41.3		10.4		4.0		428.6		800		25.0		95.0
load=95.0													
467874	41.8		10.4		4.0		433.5		800		25.0		95.0
load=95.0													
468382	41.6		10.4		4.0		432.0		800		25.0		95.0
load=95.0													
468890	41.5		10.4		4.0		430.1		800		25.0		95.0
load=95.0													
469398	41.3		10.4		4.0		428.3		800		25.0		95.0
load=95.0													
469906	41.5		10.4		4.0		430.1		800		25.0		95.0
load=95.0													
470414	41.6		10.4		4.0		432.3		800		25.0		95.0
load=95.0													
470922	41.6		10.4		4.0		431.7		800		25.0		95.0
load=95.0													
471430	41.5		10.4		4.0		429.8		800		25.0		95.0
load=95.0													
471938	41.5		10.4		4.0		429.8		800		25.0		95.0
load=95.0													
472446	41.6		10.4		4.0		431.7		800		25.0		95.0
load=95.0													
472954	41.8		10.4		4.0		433.7		800		25.0		95.0
load=95.0													
473462	41.3		10.4		4.0		429.2		800		25.0		95.0
load=95.0													
473970	41.5		10.4		4.0		429.8		800		25.0		95.0
load=95.0													
474478	41.5		10.4		4.0		430.1		800		25.0		95.0
load=95.0													
474986	41.2		10.4		4.0		427.4		800		25.0		95.0
load=95.0													
475494	41.6		10.4		4.0		432.6		800		25.0		95.0
load=95.0													
476002	41.8		10.4		4.0		433.2		800		25.0		95.0
load=95.0													
476510	41.3		10.4		4.0		428.6		800		25.0		95.0
load=95.0													
477018	41.5		10.4		4.0		430.1		800		25.0		95.0
load=95.0													
477526	41.6		10.4		4.0		431.7		800		25.0		95.0
load=95.0													
478034	41.9		10.4		4.0		434.7		800		25.0		95.0
load=95.0													
478542	41.6		10.4		4.0		432.0		800		25.0		95.0
load=95.0													
479050	41.5		10.4		4.0		430.1		800		25.0		95.0
load=95.0													
479558	41.2		10.4		4.0		427.1		800		25.0		95.0
