tiempo[ms]V_Panel[V]	I_Panel[A]	R_Carga[Ohms]	P_Panel[W]	G[W/m2]	T[°C]	Load[%]
load=50.79
537	42.9		9.9		4.3		424.9		800		25.0		50.8
load=51.70
2040	43.4		9.9		4.4		429.9		800		25.0		51.7
load=51.42
2548	43.2		9.9		4.4		429.4		800		25.0		51.4
load=52.48
3056	42.9		9.9		4.3		425.5		800		25.0		52.5
load=53.44
3564	43.1		9.9		4.3		427.3		800		25.0		53.4
load=52.54
4072	42.6		9.9		4.3		422.3		800		25.0		52.5
load=53.16
4580	42.5		9.9		4.3		421.2		800		25.0		53.2
load=53.98
5088	43.4		9.9		4.4		430.2		800		25.0		54.0
load=54.42
5596	43.5		9.9		4.4		431.0		800		25.0		54.4
load=53.68
6104	42.1		9.9		4.2		417.4		800		25.0		53.7
load=52.93
6612	43.4		9.9		4.4		429.9		800		25.0		52.9
load=53.37
7120	43.2		9.9		4.4		429.1		800		25.0		53.4
load=54.17
7628	43.4		9.9		4.4		430.5		800		25.0		54.2
load=52.86
8136	43.2		9.9		4.4		428.1		800		25.0		52.9
load=53.65
8644	42.9		9.9		4.3		425.2		800		25.0		53.6
load=52.90
9152	42.4		9.9		4.3		419.9		800		25.0		52.9
load=52.08
9660	43.4		9.9		4.4		430.2		800		25.0		52.1
load=51.29
10168	43.7		9.9		4.4		433.1		800		25.0		51.3
load=52.12
10676	42.9		9.9		4.3		425.5		800		25.0		52.1
load=53.02
11184	43.4		9.9		4.4		430.5		800		25.0		53.0
load=52.18
11692	42.3		9.9		4.3		419.7		800		25.0		52.2
load=51.25
12200	42.8		9.9		4.3		424.8		800		25.0		51.3
load=50.44
12708	43.5		9.9		4.4		432.3		800		25.0		50.4
load=51.27
13216	42.9		9.9		4.3		426.2		800		25.0		51.3
load=52.05
13724	44.8		9.9		4.5		444.7		800		25.0		52.1
load=51.23
14232	43.4		9.9		4.4		429.6		800		25.0		51.2
load=50.26
14740	43.5		9.9		4.4		431.3		800		25.0		50.3
load=51.00
15248	43.1		9.9		4.3		427.3		800		25.0		51.0
load=51.79
15756	43.7		9.9		4.4		433.1		800		25.0		51.8
load=51.99
16264	43.7		9.9		4.4		433.1		800		25.0		52.0
load=52.84
16772	44.1		9.9		4.4		437.8		800		25.0		52.8
load=51.87
17280	43.5		9.9		4.4		430.7		800		25.0		51.9
load=52.41
17788	42.9		9.9		4.3		426.8		800		25.0		52.4
load=53.55
18296	43.1		10.0		4.3		428.9		800		25.0		53.5
load=52.63
18804	41.9		9.9		4.2		415.4		800		25.0		52.6
load=51.73
19312	42.6		9.9		4.3		423.6		800		25.0		51.7
load=51.28
19820	42.8		9.9		4.3		424.4		800		25.0		51.3
load=51.48
20328	42.8		9.9		4.3		423.8		800		25.0		51.5
load=50.69
20836	42.5		9.9		4.3		420.9		800		25.0		50.7
load=49.55
21344	42.6		9.9		4.3		422.9		800		25.0		49.6
load=48.76
21852	43.1		9.9		4.3		427.8		800		25.0		48.8
load=49.55
22360	42.5		9.9		4.3		421.5		800		25.0		49.6
load=50.28
22868	44.0		9.9		4.4		434.7		800		25.0		50.3
load=51.77
23376	44.1		9.9		4.4		437.5		800		25.0		51.8
load=50.98
23884	43.2		9.9		4.4		428.8		800		25.0		51.0
load=51.86
24392	42.9		9.9		4.3		425.5		800		25.0		51.9
load=52.61
24900	43.5		9.9		4.4		431.0		800		25.0		52.6
load=53.62
25408	44.1		9.9		4.4		438.4		800		25.0		53.6
load=52.75
25916	43.1		9.9		4.3		427.3		800		25.0		52.8
load=52.95
26424	43.1		9.9		4.3		427.0		800		25.0		53.0
load=53.66
26932	43.4		9.9		4.4		429.6		800		25.0		53.7
load=52.88
27440	41.5		9.9		4.2		411.0		800		25.0		52.9
load=52.01
27948	42.5		9.9		4.3		422.1		800		25.0		52.0
load=52.21
28456	42.5		9.9		4.3		421.5		800		25.0		52.2
load=53.03
28964	43.4		9.9		4.4		430.5		800		25.0		53.0
load=52.24
29472	43.1		9.9		4.3		427.6		800		25.0		52.2
load=54.06
29980	42.9		9.9		4.3		424.3		800		25.0		54.1
load=53.39
30488	42.5		9.9		4.3		420.6		800		25.0		53.4
load=52.25
30996	42.8		9.9		4.3		424.7		800		25.0		52.3
load=51.46
31504	42.9		9.9		4.3		426.2		800		25.0		51.5
load=52.60
32012	42.8		9.9		4.3		424.1		800		25.0		52.6
load=51.97
32520	42.6		9.9		4.3		422.9		800		25.0		52.0
load=51.77
33028	42.6		9.9		4.3		422.9		800		25.0		51.8
load=51.07
33536	42.9		9.9		4.3		425.5		800		25.0		51.1
load=50.27
34044	43.1		9.9		4.3		427.0		800		25.0		50.3
load=51.01
34552	42.1		9.9		4.2		418.0		800		25.0		51.0
load=51.79
35060	43.2		9.9		4.4		428.8		800		25.0		51.8
load=50.92
35568	42.5		9.9		4.3		420.9		800		25.0		50.9
load=49.96
36076	42.9		9.9		4.3		426.2		800		25.0		50.0
load=50.78
36584	42.1		9.9		4.2		417.1		800		25.0		50.8
load=51.66
37092	42.6		9.9		4.3		423.6		800		25.0		51.7
load=52.29
37600	43.4		9.9		4.4		429.3		800		25.0		52.3
load=51.66
38108	42.9		9.9		4.3		425.8		800		25.0		51.7
load=52.59
38616	42.2		9.9		4.3		417.3		800		25.0		52.6
load=53.51
39124	43.4		9.9		4.4		430.8		800		25.0		53.5
load=53.31
39632	43.4		9.9		4.4		429.6		800		25.0		53.3
load=52.34
40140	43.7		9.9		4.4		433.1		800		25.0		52.3
load=53.11
40648	41.9		9.9		4.2		416.3		800		25.0		53.1
load=53.79
41156	43.1		9.9		4.4		426.4		800		25.0		53.8
load=52.97
41664	42.3		9.9		4.3		418.8		800		25.0		53.0
load=52.01
42172	42.8		9.9		4.3		424.1		800		25.0		52.0
load=52.80
42680	41.9		9.9		4.2		415.4		800		25.0		52.8
load=53.57
43188	43.1		9.9		4.3		426.7		800		25.0		53.6
load=53.12
43696	42.9		9.9		4.3		425.8		800		25.0		53.1
load=54.00
44204	42.1		9.9		4.2		416.2		800		25.0		54.0
load=54.87
44712	42.3		9.9		4.3		419.4		800		25.0		54.9
load=54.17
45220	42.1		9.9		4.2		416.8		800		25.0		54.2
load=53.37
45728	43.2		9.9		4.4		428.4		800		25.0		53.4
load=54.17
46236	42.8		9.9		4.3		424.1		800		25.0		54.2
load=53.25
46744	42.2		9.9		4.3		417.3		800		25.0		53.2
load=52.09
47252	42.5		9.9		4.3		422.2		800		25.0		52.1
load=52.95
47760	42.2		9.9		4.3		418.6		800		25.0		53.0
load=53.67
48268	43.2		9.9		4.4		427.8		800		25.0		53.7
load=53.05
48776	42.6		9.9		4.3		423.3		800		25.0		53.1
load=52.37
49284	43.1		9.9		4.3		427.0		800		25.0		52.4
load=52.57
49792	43.1		9.9		4.3		426.7		800		25.0		52.6
load=51.79
50300	41.3		9.9		4.2		409.6		800		25.0		51.8
load=51.06
50808	43.1		9.9		4.4		425.7		800		25.0		51.1
load=50.86
51316	43.1		9.9		4.3		426.7		800		25.0		50.9
load=49.89
51824	43.2		9.9		4.4		428.4		800		25.0		49.9
load=50.69
52332	42.5		9.9		4.3		421.2		800		25.0		50.7
load=51.48
52840	42.8		9.9		4.3		424.1		800		25.0		51.5
load=50.57
53348	42.3		9.9		4.3		419.1		800		25.0		50.6
load=49.27
53856	42.6		9.9		4.3		423.9		800		25.0		49.3
load=48.72
54364	43.4		9.9		4.4		428.9		800		25.0		48.7
load=49.29
54872	42.8		9.9		4.3		424.7		800		25.0		49.3
load=48.40
55380	42.1		9.9		4.2		416.5		800		25.0		48.4
load=48.69
55888	41.9		9.9		4.2		416.0		800		25.0		48.7
load=49.26
56396	42.3		9.9		4.3		419.1		800		25.0		49.3
load=50.01
56904	43.1		9.9		4.4		426.0		800		25.0		50.0
load=49.57
57412	42.8		9.9		4.3		424.4		800		25.0		49.6
load=50.95
57920	42.5		9.9		4.3		419.3		800		25.0		51.0
load=50.30
58428	41.6		9.9		4.2		412.2		800		25.0		50.3
load=49.54
58936	42.6		9.9		4.3		422.0		800		25.0		49.5
load=48.66
59444	42.9		9.9		4.3		425.2		800		25.0		48.7
load=49.41
59952	42.3		9.9		4.3		419.7		800		25.0		49.4
load=50.20
60460	43.2		9.9		4.4		428.4		800		25.0		50.2
load=49.29
60968	42.8		9.9		4.3		423.5		800		25.0		49.3
load=49.91
61476	42.6		9.9		4.3		422.3		800		25.0		49.9
load=50.66
61984	43.2		9.9		4.4		427.8		800		25.0		50.7
load=49.87
62492	42.1		9.9		4.2		416.2		800		25.0		49.9
load=48.93
63000	42.5		9.9		4.3		421.4		800		25.0		48.9
load=49.81
63508	41.8		9.9		4.2		413.3		800		25.0		49.8
load=50.60
64016	42.8		9.9		4.3		423.5		800		25.0		50.6
load=50.04
64524	42.3		9.9		4.3		420.3		800		25.0		50.0
load=51.34
65032	42.2		9.9		4.3		418.0		800		25.0		51.3
load=52.17
65540	42.9		9.9		4.3		425.5		800		25.0		52.2
load=51.42
66048	42.3		9.9		4.3		420.0		800		25.0		51.4
load=51.62
66556	42.3		9.9		4.3		418.5		800		25.0		51.6
load=51.82
67064	42.3		9.9		4.3		418.8		800		25.0		51.8
load=51.07
67572	41.3		9.9		4.2		409.3		800		25.0		51.1
load=50.28
68080	42.2		9.9		4.3		418.0		800		25.0		50.3
load=49.32
68588	42.5		9.9		4.3		421.5		800		25.0		49.3
load=50.45
69096	42.2		9.9		4.3		417.3		800		25.0		50.4
load=51.92
69604	42.3		9.9		4.3		420.0		800		25.0		51.9
load=51.72
70112	42.3		9.9		4.3		418.8		800		25.0		51.7
load=52.51
70620	42.1		9.9		4.3		415.9		800		25.0		52.5
load=53.47
71128	42.5		9.9		4.3		421.2		800		25.0		53.5
load=53.27
71636	42.5		9.9		4.3		420.2		800		25.0		53.3
load=54.23
72144	42.3		9.9		4.3		418.5		800		25.0		54.2
load=53.89
72652	42.2		9.9		4.3		418.0		800		25.0		53.9
load=54.46
73160	41.9		9.9		4.2		415.7		800		25.0		54.5
load=54.83
73668	42.2		9.9		4.3		417.0		800		25.0		54.8
load=55.73
74176	42.6		9.9		4.3		422.0		800		25.0		55.7
load=54.94
74684	41.9		9.9		4.2		414.7		800		25.0		54.9
load=54.13
75192	42.9		9.9		4.3		425.2		800		25.0		54.1
load=54.88
75700	42.5		9.9		4.3		421.0		800		25.0		54.9
load=55.08
76208	42.5		9.9		4.3		421.2		800		25.0		55.1
load=54.29
76716	41.9		9.9		4.2		415.4		800		25.0		54.3
load=53.50
77224	42.1		9.9		4.2		416.8		800		25.0		53.5
load=52.87
77732	42.5		9.9		4.3		420.2		800		25.0		52.9
load=52.03
78240	42.9		9.9		4.3		424.9		800		25.0		52.0
load=52.70
78748	42.5		9.9		4.3		421.2		800		25.0		52.7
load=51.86
79256	41.6		9.9		4.2		411.8		800		25.0		51.9
load=52.57
79764	41.3		9.9		4.2		409.3		800		25.0		52.6
load=53.22
80272	42.1		9.9		4.3		415.3		800		25.0		53.2
load=54.35
80780	42.3		9.9		4.3		419.4		800		25.0		54.4
load=54.97
81288	42.5		9.9		4.3		420.6		800		25.0		55.0
load=54.44
81796	42.2		9.9		4.3		418.6		800		25.0		54.4
load=54.24
82304	42.3		9.9		4.3		418.8		800		25.0		54.2
load=53.44
82812	43.1		9.9		4.4		426.0		800		25.0		53.4
load=54.06
83320	42.9		9.9		4.3		424.9		800		25.0		54.1
load=53.39
83828	42.5		9.9		4.3		421.2		800		25.0		53.4
load=53.19
84336	42.5		9.9		4.3		421.8		800		25.0		53.2
load=54.66
84844	42.3		9.9		4.3		419.1		800		25.0		54.7
load=53.80
85352	41.9		9.9		4.2		414.9		800		25.0		53.8
load=53.11
85860	42.2		9.9		4.3		417.0		800		25.0		53.1
load=52.21
86368	42.6		9.9		4.3		422.0		800		25.0		52.2
load=51.07
86876	42.8		9.9		4.3		424.1		800		25.0		51.1
load=52.38
87384	42.6		9.9		4.3		421.7		800		25.0		52.4
load=52.10
87892	42.5		9.9		4.3		421.2		800		25.0		52.1
load=52.96
88400	42.3		9.9		4.3		419.6		800		25.0		53.0
load=53.65
88908	42.5		9.9		4.3		420.9		800		25.0		53.6
load=54.48
89416	43.2		9.9		4.4		428.4		800		25.0		54.5
load=53.64
89924	41.9		9.9		4.2		414.7		800		25.0		53.6
load=52.92
90432	43.1		9.9		4.4		425.4		800		25.0		52.9
load=53.54
90940	42.6		9.9		4.3		422.0		800		25.0		53.5
load=53.34
91448	42.6		9.9		4.3		421.7		800		25.0		53.3
load=54.09
91956	42.1		9.9		4.2		416.2		800		25.0		54.1
load=54.29
92464	42.1		9.9		4.2		416.2		800		25.0		54.3
load=53.66
92972	41.6		9.9		4.2		412.8		800		25.0		53.7
load=53.46
93480	41.8		9.9		4.2		413.0		800		25.0		53.5
load=52.50
93988	41.9		9.9		4.2		414.7		800		25.0		52.5
load=51.67
94496	42.5		9.9		4.3		420.9		800		25.0		51.7
load=52.43
95004	41.6		9.9		4.2		412.5		800		25.0		52.4
load=53.15
95512	42.6		9.9		4.3		421.7		800		25.0		53.2
load=52.28
96020	42.3		9.9		4.3		418.5		800		25.0		52.3
load=51.31
96528	42.8		9.9		4.3		423.8		800		25.0		51.3
load=52.11
97036	41.8		9.9		4.2		413.6		800		25.0		52.1
load=52.88
97544	42.9		9.9		4.3		424.9		800		25.0		52.9
load=52.06
98052	42.1		9.9		4.3		416.5		800		25.0		52.1
load=51.30
98560	42.8		9.9		4.3		422.8		800		25.0		51.3
load=52.01
99068	42.5		9.9		4.3		420.2		800		25.0		52.0
load=51.22
99576	41.2		9.9		4.2		407.2		800		25.0		51.2
load=50.41
100084	42.6		9.9		4.3		422.0		800		25.0		50.4
load=51.31
100592	42.2		9.9		4.3		417.0		800		25.0		51.3
load=50.72
101100	41.8		9.9		4.2		413.8		800		25.0		50.7
load=50.32
101608	42.1		9.9		4.3		415.3		800		25.0		50.3
load=49.40
102116	42.6		9.9		4.3		422.0		800		25.0		49.4
load=50.19
102624	42.3		9.9		4.3		419.1		800		25.0		50.2
load=50.91
103132	43.1		9.9		4.4		425.7		800		25.0		50.9
load=50.22
103640	42.1		9.9		4.2		416.8		800		25.0		50.2
load=49.55
104148	42.6		9.9		4.3		421.7		800		25.0		49.6
load=50.34
104656	41.5		9.9		4.2		410.1		800		25.0		50.3
load=51.08
105164	41.9		9.9		4.2		414.1		800		25.0		51.1
load=52.04
105672	42.3		9.9		4.3		419.4		800		25.0		52.0
load=52.66
106180	42.6		9.9		4.3		421.7		800		25.0		52.7
load=54.14
106688	42.8		9.9		4.3		424.4		800		25.0		54.1
load=53.26
107196	41.6		9.9		4.2		411.5		800		25.0		53.3
load=52.53
107704	42.1		9.9		4.3		415.6		800		25.0		52.5
load=51.74
108212	42.8		9.9		4.3		422.8		800		25.0		51.7
load=51.94
108720	42.6		9.9		4.3		422.6		800		25.0		51.9
load=52.39
109228	42.8		9.9		4.3		423.5		800		25.0		52.4
load=51.59
109736	42.1		9.9		4.2		416.2		800		25.0		51.6
load=50.63
110244	42.3		9.9		4.3		419.7		800		25.0		50.6
load=53.63
110752	42.4		9.9		4.3		418.5		800		25.0		53.6
load=54.90
111260	42.6		9.9		4.3		422.6		800		25.0		54.9
load=54.08
111768	41.6		9.9		4.2		412.2		800		25.0		54.1
load=53.29
112276	43.2		9.9		4.4		428.1		800		25.0		53.3
load=54.09
112784	41.5		9.9		4.2		410.4		800		25.0		54.1
load=54.92
113292	42.9		9.9		4.3		425.5		800		25.0		54.9
load=54.04
113800	42.3		9.9		4.3		419.1		800		25.0		54.0
load=54.83
114308	41.6		9.9		4.2		411.8		800		25.0		54.8
load=54.04
114816	41.5		9.9		4.2		410.4		800		25.0		54.0
load=53.15
115324	42.2		9.9		4.3		418.6		800		25.0		53.1
load=52.40
115832	42.8		9.9		4.3		424.1		800		25.0		52.4
load=53.62
116340	42.5		9.9		4.3		419.6		800		25.0		53.6
load=52.99
116848	41.6		9.9		4.2		412.8		800		25.0		53.0
load=52.37
117356	41.9		9.9		4.2		415.1		800		25.0		52.4
load=51.74
117864	42.1		9.9		4.2		416.2		800		25.0		51.7
load=50.95
118372	42.5		9.9		4.3		420.6		800		25.0		51.0
load=51.91
118880	42.3		9.9		4.3		418.8		800		25.0		51.9
load=51.20
119388	41.8		9.9		4.2		413.6		800		25.0		51.2
load=51.00
119896	41.8		9.9		4.2		413.9		800		25.0		51.0
load=50.27
120404	42.6		9.9		4.3		422.0		800		25.0		50.3
load=49.76
120912	43.1		9.9		4.4		424.8		799		25.0		49.8
load=50.34
121420	42.5		9.9		4.3		420.6		799		25.0		50.3
load=47.34
121928	42.6		9.7		4.4		413.9		785		25.0		47.3
load=49.41
122436	42.2		9.5		4.4		402.5		770		25.0		49.4
load=46.41
122944	42.1		9.4		4.5		393.7		756		25.0		46.4
load=48.39
123452	41.5		9.2		4.5		380.5		740		25.0		48.4
load=48.19
123960	42.3		9.0		4.7		379.1		725		25.0		48.2
load=48.39
124468	42.9		8.8		4.9		377.7		711		25.0		48.4
load=46.87
124976	42.1		8.6		4.9		361.1		696		25.0		46.9
load=47.07
125484	42.6		8.4		5.1		359.8		682		25.0		47.1
load=45.85
125992	41.6		8.3		5.0		344.2		667		25.0		45.8
load=45.65
126500	42.8		8.1		5.3		345.4		652		25.0		45.6
load=47.76
127008	42.3		7.9		5.4		333.8		637		25.0		47.8
load=46.91
127516	42.8		7.7		5.6		329.1		622		25.0		46.9
load=49.65
128024	42.5		7.5		5.7		319.1		608		25.0		49.7
load=48.21
128532	41.9		7.4		5.7		308.5		594		25.0		48.2
load=49.03
129040	42.3		7.2		5.9		304.0		580		25.0		49.0
load=46.03
129548	42.5		7.0		6.1		297.0		565		25.0		46.0
load=47.02
130056	41.0		6.8		6.0		278.9		549		25.0		47.0
load=47.29
130564	42.9		6.6		6.5		285.3		535		25.0		47.3
load=45.53
131072	42.3		6.4		6.6		272.4		520		25.0		45.5
load=48.53
131580	42.5		6.2		6.8		265.5		506		25.0		48.5
load=46.25
132088	42.2		6.1		6.9		257.2		491		25.0		46.3
load=46.48
132596	43.1		5.9		7.3		254.7		477		25.0		46.5
load=46.28
133104	43.1		5.7		7.5		245.8		460		25.0		46.3
load=49.28
133612	42.9		5.5		7.8		237.5		446		25.0		49.3
load=46.71
134120	42.6		5.3		8.0		228.0		432		25.0		46.7
load=49.71
134628	42.5		5.2		8.2		220.4		418		25.0		49.7
load=46.71
135136	42.3		5.0		8.5		211.9		404		25.0		46.7
load=46.48
135644	42.6		5.0		8.5		212.7		404		25.0		46.5
load=46.68
136152	42.6		5.0		8.6		212.4		401		25.0		46.7
load=46.28
136660	42.3		5.0		8.5		210.9		400		25.0		46.3
load=45.97
137168	43.2		5.0		8.7		214.4		400		25.0		46.0
load=46.48
137676	42.8		4.9		8.7		211.6		400		25.0		46.5
load=46.17
138184	42.5		5.0		8.6		210.4		400		25.0		46.2
load=46.57
138692	42.2		5.0		8.5		209.0		400		25.0		46.6
load=46.77
139200	42.2		5.0		8.5		209.4		400		25.0		46.8
load=46.02
139708	41.9		4.9		8.5		206.6		400		25.0		46.0
load=45.54
140216	42.5		4.9		8.6		210.1		400		25.0		45.5
load=45.14
140724	42.8		4.9		8.7		211.6		400		25.0		45.1
load=45.76
141232	42.3		4.9		8.6		208.2		400		25.0		45.8
load=45.56
141740	42.1		4.9		8.5		207.6		400		25.0		45.6
load=44.83
142248	42.3		5.0		8.5		210.3		400		25.0		44.8
load=45.03
142756	42.5		4.9		8.6		210.1		400		25.0		45.0
load=45.77
143264	42.8		5.0		8.6		212.8		400		25.0		45.8
load=44.95
143772	42.5		4.9		8.6		209.8		400		25.0		44.9
load=44.21
144280	42.8		5.0		8.6		212.5		400		25.0		44.2
load=44.73
144788	42.2		4.9		8.5		208.7		400		25.0		44.7
load=44.53
145296	41.8		5.0		8.4		207.7		400		25.0		44.5
load=44.20
145804	43.2		4.9		8.7		213.7		400		25.0		44.2
load=44.56
146312	42.5		5.0		8.6		210.4		400		25.0		44.6
load=45.08
146820	42.9		5.0		8.6		213.2		400		25.0		45.1
load=44.65
147328	42.1		5.0		8.5		208.6		400		25.0		44.7
load=44.28
147836	42.9		5.0		8.7		212.6		400		25.0		44.3
load=44.64
148344	42.2		5.0		8.5		209.3		400		25.0		44.6
load=44.89
148852	42.9		4.9		8.7		211.4		400		25.0		44.9
load=45.09
149360	42.8		4.9		8.7		211.6		400		25.0		45.1
load=44.73
149868	41.0		5.0		8.3		203.5		400		25.0		44.7
load=44.34
150376	43.7		5.0		8.8		216.2		400		25.0		44.3
load=44.72
150884	41.9		5.0		8.4		207.8		400		25.0		44.7
load=44.52
151392	42.1		4.9		8.5		207.6		400		25.0		44.5
load=44.04
151900	42.6		5.0		8.6		211.2		400		25.0		44.0
load=44.44
152408	42.1		5.0		8.5		208.3		400		25.0		44.4
load=44.24
152916	42.1		4.9		8.5		207.9		400		25.0		44.2
load=43.82
153424	43.5		5.0		8.8		215.5		400		25.0		43.8
load=44.18
153932	42.9		5.0		8.7		212.9		400		25.0		44.2
load=43.82
154440	42.3		5.0		8.5		210.3		400		25.0		43.8
load=43.47
154948	42.9		5.0		8.7		212.9		400		25.0		43.5
load=43.86
155456	42.5		5.0		8.6		210.7		400		25.0		43.9
load=44.20
155964	42.9		5.0		8.7		212.6		400		25.0		44.2
load=44.49
156472	42.8		5.0		8.6		213.1		400		25.0		44.5
load=44.80
156980	43.1		5.0		8.7		214.3		400		25.0		44.8
load=44.29
157488	42.2		4.9		8.5		208.7		400		25.0		44.3
load=43.73
157996	42.3		5.0		8.6		209.7		400		25.0		43.7
load=43.33
158504	43.2		5.0		8.7		214.1		400		25.0		43.3
load=43.64
159012	42.9		5.0		8.7		212.9		400		25.0		43.6
load=44.16
159520	43.4		5.0		8.7		215.7		400		25.0		44.2
load=43.67
160028	42.8		5.0		8.6		212.2		400		25.0		43.7
load=43.45
160536	42.9		5.0		8.7		212.6		400		25.0		43.4
load=42.79
161044	43.2		5.0		8.7		215.0		400		25.0		42.8
load=43.28
161552	42.4		5.0		8.6		210.0		400		25.0		43.3
load=44.20
162060	42.5		5.0		8.6		211.1		400		25.0		44.2
load=44.55
162568	43.1		5.0		8.7		213.6		400		25.0		44.6
load=44.99
163076	43.7		5.0		8.8		216.9		400		25.0		45.0
load=44.54
163584	42.8		5.0		8.6		211.9		400		25.0		44.5
load=44.74
164092	42.5		5.0		8.5		211.7		400		25.0		44.7
load=43.87
164600	42.3		5.0		8.5		210.1		400		25.0		43.9
load=43.54
165108	42.8		5.0		8.6		211.9		400		25.0		43.5
load=42.80
165616	42.9		5.0		8.6		213.2		400		25.0		42.8
load=43.00
166124	43.1		4.9		8.7		213.0		400		25.0		43.0
load=42.74
166632	42.3		5.0		8.5		210.6		400		25.0		42.7
load=42.45
167140	42.8		5.0		8.6		212.2		400		25.0		42.5
load=42.65
167648	42.9		4.9		8.7		212.0		400		25.0		42.7
load=42.85
168156	42.9		5.0		8.6		213.6		400		25.0		42.9
load=42.56
168664	43.1		4.9		8.7		213.0		400		25.0		42.6
load=42.36
169172	42.9		5.0		8.6		213.2		400		25.0		42.4
load=42.76
169680	42.1		5.0		8.5		208.9		400		25.0		42.8
load=43.16
170188	42.8		5.0		8.6		212.5		400		25.0		43.2
load=43.84
170696	43.2		5.0		8.6		216.3		401		25.0		43.8
load=44.48
171204	43.1		5.0		8.5		217.4		405		25.0		44.5
load=44.68
171712	43.1		5.2		8.2		225.3		419		25.0		44.7
load=47.26
172220	43.4		5.4		8.0		234.8		434		25.0		47.3
load=48.64
172728	43.1		5.6		7.7		239.8		448		25.0		48.6
load=50.42
173236	42.8		5.8		7.4		246.4		463		25.0		50.4
load=51.65
173744	43.5		5.9		7.4		257.6		477		25.0		51.6
load=54.65
174252	43.4		6.1		7.1		266.3		493		25.0		54.6
load=56.05
174760	44.1		6.3		7.0		278.2		508		25.0		56.0
load=55.83
175268	42.2		6.5		6.5		273.0		522		25.0		55.8
load=53.89
175776	42.6		6.7		6.4		283.6		537		25.0		53.9
load=52.60
176284	43.5		6.8		6.4		297.8		551		25.0		52.6
load=52.29
176792	42.8		7.0		6.1		300.6		566		25.0		52.3
load=49.29
177300	42.9		7.2		6.0		309.0		581		25.0		49.3
load=46.29
177808	42.8		7.4		5.8		315.9		596		25.0		46.3
load=43.29
178316	42.6		7.6		5.6		323.0		610		25.0		43.3
load=40.29
178824	42.8		7.7		5.5		331.3		625		25.0		40.3
load=38.50
179332	43.4		7.9		5.5		344.4		640		25.0		38.5
load=38.30
179840	43.4		8.1		5.3		351.7		654		25.0		38.3
load=36.80
180348	43.1		8.3		5.2		357.2		668		25.0		36.8
load=36.58
180856	42.3		8.5		5.0		359.2		684		25.0		36.6
load=35.75
181364	41.9		8.7		4.8		363.8		699		25.0		35.8
load=33.82
181872	42.3		8.8		4.8		374.4		713		25.0		33.8
load=32.70
182380	43.8		9.0		4.9		394.8		727		25.0		32.7
load=29.70
182888	43.7		9.2		4.7		402.1		742		25.0		29.7
load=29.90
183396	42.6		9.4		4.5		400.4		756		25.0		29.9
load=31.38
183904	43.5		9.6		4.5		416.7		773		25.0		31.4
load=32.86
184412	43.2		9.8		4.4		422.1		787		25.0		32.9
load=32.66
184920	42.8		9.8		4.3		421.3		794		25.0		32.7
load=32.46
185428	42.8		9.9		4.3		421.9		796		25.0		32.5
load=32.83
185936	42.2		9.9		4.2		419.2		799		25.0		32.8
load=33.37
186444	42.5		9.9		4.3		421.2		800		25.0		33.4
load=34.25
186952	43.0		9.9		4.3		427.2		800		25.0		34.3
load=35.05
187460	43.5		9.9		4.4		432.0		800		25.0		35.0
load=35.78
187968	44.0		9.9		4.4		436.0		800		25.0		35.8
load=35.08
188476	43.7		9.9		4.4		433.4		800		25.0		35.1
load=35.90
188984	42.8		9.9		4.3		424.4		800		25.0		35.9
load=36.95
189492	43.1		9.9		4.3		428.2		800		25.0		37.0
load=36.00
190000	42.8		9.9		4.3		424.8		800		25.0		36.0
load=35.59
190508	42.9		9.9		4.3		425.5		800		25.0		35.6
load=36.30
191016	42.1		9.9		4.2		417.7		800		25.0		36.3
load=37.05
191524	43.8		9.9		4.4		434.2		800		25.0		37.0
load=36.28
192032	42.8		9.9		4.3		424.4		800		25.0		36.3
load=35.44
192540	43.4		9.9		4.4		430.5		800		25.0		35.4
load=36.06
193048	43.2		9.9		4.4		429.4		800		25.0		36.1
load=36.80
193556	43.7		9.9		4.4		433.4		800		25.0		36.8
load=35.83
194064	43.4		9.9		4.4		429.9		800		25.0		35.8
load=36.45
194572	42.8		9.9		4.3		425.3		800		25.0		36.5
load=37.25
195080	43.8		9.9		4.4		435.5		800		25.0		37.2
load=36.38
195588	43.1		9.9		4.3		427.6		800		25.0		36.4
load=36.58
196096	43.1		9.9		4.3		427.0		800		25.0		36.6
load=35.88
196604	42.2		9.9		4.2		419.2		800		25.0		35.9
load=35.13
197112	43.7		9.9		4.4		432.8		800		25.0		35.1
load=35.84
197620	43.4		9.9		4.4		430.2		800		25.0		35.8
load=36.68
198128	44.0		9.9		4.4		436.3		800		25.0		36.7
load=35.71
198636	43.5		9.9		4.4		431.0		800		25.0		35.7
load=34.74
199144	43.7		9.9		4.4		432.8		800		25.0		34.7
load=35.15
199652	43.5		9.9		4.4		431.8		800		25.0		35.1
load=34.35
200160	43.1		9.9		4.3		427.9		800		25.0		34.4
load=35.23
200668	42.8		9.9		4.3		424.7		800		25.0		35.2
load=35.97
201176	43.2		9.9		4.4		428.8		800		25.0		36.0
load=35.77
201684	43.2		9.9		4.4		428.1		800		25.0		35.8
load=36.56
202192	43.1		9.9		4.3		426.7		800		25.0		36.6
load=37.63
202700	43.4		9.9		4.4		430.6		800		25.0		37.6
load=38.42
203208	43.8		9.9		4.4		434.9		800		25.0		38.4
load=37.58
203716	43.2		9.9		4.4		428.8		800		25.0		37.6
load=38.46
204224	42.6		9.9		4.3		422.3		800		25.0		38.5
load=39.39
204732	43.4		9.9		4.4		430.8		800		25.0		39.4
load=39.95
205240	43.8		9.9		4.4		433.9		800		25.0		39.9
load=39.29
205748	43.1		9.9		4.3		427.9		800		25.0		39.3
load=38.59
206256	43.4		9.9		4.4		430.5		800		25.0		38.6
load=38.79
206764	43.4		9.9		4.4		430.2		800		25.0		38.8
load=37.99
207272	42.6		9.9		4.3		422.9		800		25.0		38.0
load=37.16
207780	43.2		9.9		4.4		429.1		800		25.0		37.2
load=37.89
208288	42.8		9.9		4.3		425.0		800		25.0		37.9
load=38.69
208796	44.7		9.9		4.5		443.9		800		25.0		38.7
load=37.89
209304	42.6		9.9		4.3		423.6		800		25.0		37.9
load=37.10
209812	44.2		9.9		4.5		439.6		800		25.0		37.1
load=37.30
210320	44.2		9.9		4.5		439.2		800		25.0		37.3
load=36.53
210828	43.1		9.9		4.3		427.9		800		25.0		36.5
load=35.75
211336	44.2		9.9		4.5		439.2		800		25.0		35.8
load=36.46
211844	44.0		9.9		4.4		436.7		800		25.0		36.5
load=35.62
212352	43.4		9.9		4.4		431.1		800		25.0		35.6
load=34.71
212860	43.7		9.9		4.4		433.8		800		25.0		34.7
load=33.99
213368	44.4		9.9		4.5		440.4		800		25.0		34.0
load=34.78
213876	43.8		9.9		4.4		434.6		800		25.0		34.8
load=35.58
214384	44.1		9.9		4.4		437.5		800		25.0		35.6
load=36.37
214892	44.5		9.9		4.5		441.8		800		25.0		36.4
load=35.59
215400	42.6		9.9		4.3		423.2		800		25.0		35.6
load=34.72
215908	43.1		9.9		4.3		427.9		800		25.0		34.7
load=33.93
216416	43.4		9.9		4.4		430.8		800		25.0		33.9
load=32.79
216924	43.5		9.9		4.4		432.9		800		25.0		32.8
load=31.99
217432	43.7		9.9		4.4		434.4		800		25.0		32.0
load=33.05
217940	43.4		9.9		4.4		430.5		800		25.0		33.0
load=33.80
218448	44.0		9.9		4.4		436.0		800		25.0		33.8
load=33.12
218956	43.1		9.9		4.3		428.6		800		25.0		33.1
load=32.36
219464	43.8		9.9		4.4		435.5		800		25.0		32.4
load=33.33
219972	43.7		9.9		4.4		433.8		800		25.0		33.3
load=34.12
220480	44.1		9.9		4.4		438.1		800		25.0		34.1
load=33.26
220988	43.4		9.9		4.4		430.2		799		25.0		33.3
load=32.58
221496	44.7		9.9		4.5		441.3		797		25.0		32.6
load=33.66
222004	42.9		9.7		4.4		417.7		781		25.0		33.7
load=33.22
222512	43.5		9.5		4.6		414.4		767		25.0		33.2
load=35.88
223020	43.2		9.4		4.6		404.7		753		25.0		35.9
load=35.68
223528	44.0		9.2		4.8		404.1		739		25.0		35.7
load=38.10
224036	43.5		9.0		4.8		390.9		724		25.0		38.1
load=36.72
224544	43.8		8.8		5.0		385.8		710		25.0		36.7
load=38.36
225052	44.1		8.6		5.1		379.9		693		25.0		38.4
load=37.14
225560	42.8		8.4		5.1		359.8		679		25.0		37.1
load=37.34
226068	43.5		8.2		5.3		358.0		665		25.0		37.3
load=36.83
226576	44.0		8.1		5.4		355.2		650		25.0		36.8
load=39.83
227084	43.8		7.9		5.5		346.3		636		25.0		39.8
load=39.63
227592	43.8		7.7		5.7		338.0		621		25.0		39.6
load=39.83
228100	43.8		7.5		5.8		329.7		605		25.0		39.8
load=37.12
228608	43.5		7.3		5.9		319.8		591		25.0		37.1
load=37.32
229116	44.4		7.2		6.2		318.7		577		25.0		37.3
load=36.20
229624	43.2		7.0		6.2		302.4		562		25.0		36.2
load=37.22
230132	43.7		6.8		6.4		296.8		548		25.0		37.2
load=36.94
230640	44.4		6.6		6.7		294.3		533		25.0		36.9
load=39.77
231148	44.1		6.4		6.8		284.0		518		25.0		39.8
load=39.57
231656	44.1		6.3		7.0		276.6		502		25.0		39.6
load=40.75
232164	42.9		6.0		7.1		259.2		487		25.0		40.8
load=40.95
232672	44.2		5.9		7.5		259.3		473		25.0		41.0
load=37.95
233180	44.1		5.8		7.7		253.6		459		25.0		38.0
load=39.98
233688	44.4		5.5		8.0		246.2		445		25.0		40.0
load=38.35
234196	43.8		5.3		8.2		234.3		430		25.0		38.4
load=40.70
234704	43.5		5.2		8.4		225.7		414		25.0		40.7
load=37.70
235212	43.7		5.0		8.8		216.6		399		25.0		37.7
load=39.30
235720	43.2		4.8		9.0		207.7		385		25.0		39.3
load=36.30
236228	43.4		4.6		9.4		200.8		371		25.0		36.3
load=38.28
236736	42.9		4.4		9.7		190.0		356		25.0		38.3
load=38.02
237244	43.8		4.3		10.3		187.1		342		25.0		38.0
load=38.68
237752	44.5		4.1		10.9		181.5		326		25.0		38.7
load=38.04
238260	42.5		3.9		10.9		165.6		313		25.0		38.0
load=37.60
238768	43.1		3.9		11.0		168.8		312		25.0		37.6
load=39.46
239276	42.9		3.9		11.1		165.4		308		25.0		39.5
load=38.73
239784	42.6		3.8		11.2		162.7		305		25.0		38.7
load=38.93
240292	42.6		3.8		11.3		160.2		301		25.0		38.9
load=39.14
240800	43.2		3.7		11.5		161.8		299		25.0		39.1
load=39.48
241308	44.0		3.8		11.7		164.9		300		25.0		39.5
load=39.12
241816	43.1		3.7		11.5		160.9		300		25.0		39.1
load=38.78
242324	43.7		3.7		11.7		163.5		300		25.0		38.8
load=38.48
242832	44.5		3.7		11.9		166.7		300		25.0		38.5
load=38.81
243340	43.8		3.7		11.7		163.7		300		25.0		38.8
load=38.60
243848	43.5		3.7		11.6		162.9		300		25.0		38.6
load=38.40
244356	43.5		3.8		11.6		163.2		300		25.0		38.4
load=38.20
244864	43.8		3.7		11.7		163.7		300		25.0		38.2
load=37.55
245372	44.0		3.8		11.7		164.9		300		25.0		37.5
load=37.88
245880	43.2		3.7		11.5		161.8		300		25.0		37.9
load=38.09
246388	43.5		3.7		11.6		162.6		300		25.0		38.1
load=37.85
246896	42.6		3.8		11.4		159.9		300		25.0		37.9
load=37.58
247404	43.7		3.7		11.7		163.5		300		25.0		37.6
load=37.88
247912	43.4		3.7		11.6		162.4		300		25.0		37.9
load=38.08
248420	43.4		3.8		11.5		163.0		300		25.0		38.1
load=38.55
248928	43.5		3.8		11.6		163.9		300		25.0		38.6
load=37.90
249436	43.2		3.7		11.6		161.5		300		25.0		37.9
load=37.54
249944	44.0		3.8		11.7		164.9		300		25.0		37.5
load=36.82
250452	44.2		3.8		11.7		167.1		300		25.0		36.8
load=38.13
250960	44.1		3.8		11.8		165.4		300		25.0		38.1
load=37.93
251468	44.0		3.8		11.7		165.2		300		25.0		37.9
load=37.72
251976	44.2		3.8		11.8		166.0		300		25.0		37.7
load=37.92
252484	44.2		3.7		11.8		165.7		300		25.0		37.9
load=38.12
252992	44.2		3.8		11.8		166.3		300		25.0		38.1
load=37.69
253500	44.0		3.7		11.7		164.7		300		25.0		37.7
load=37.95
254008	43.2		3.8		11.5		162.4		300		25.0		37.9
load=38.15
254516	43.8		3.7		11.7		163.4		300		25.0		38.1
load=38.71
255024	44.1		3.8		11.8		165.4		300		25.0		38.7
load=38.23
255532	43.8		3.7		11.7		163.7		300		25.0		38.2
load=38.58
256040	43.2		3.7		11.6		161.2		300		25.0		38.6
load=39.00
256548	43.8		3.8		11.7		164.3		300		25.0		39.0
load=38.66
257056	42.6		3.7		11.4		159.3		300		25.0		38.7
load=38.41
257564	43.2		3.7		11.6		161.2		300		25.0		38.4
load=38.08
258072	44.1		3.7		11.8		164.8		300		25.0		38.1
load=38.36
258580	42.2		3.7		11.3		158.0		300		25.0		38.4
load=38.74
259088	43.2		3.8		11.5		162.8		300		25.0		38.7
load=38.94
259596	44.0		3.7		11.8		164.2		300		25.0		38.9
load=38.64
260104	43.8		3.7		11.7		163.7		300		25.0		38.6
load=38.16
260612	44.0		3.7		11.7		164.6		300		25.0		38.2
load=38.36
261120	43.5		3.8		11.6		163.5		300		25.0		38.4
load=38.56
261628	43.7		3.8		11.6		163.8		300		25.0		38.6
load=38.95
262136	44.0		3.8		11.7		165.2		300		25.0		39.0
load=38.65
262644	42.8		3.8		11.4		160.8		300		25.0		38.7
load=38.42
263152	44.0		3.7		11.8		164.2		300		25.0		38.4
load=38.03
263660	44.2		3.7		11.8		165.7		300		25.0		38.0
load=38.40
264168	43.5		3.7		11.7		162.3		300		25.0		38.4
load=38.62
264676	43.4		3.8		11.6		162.7		300		25.0		38.6
load=38.42
265184	43.7		3.7		11.7		162.5		300		25.0		38.4
load=38.06
265692	44.1		3.7		11.8		164.5		300		25.0		38.1
load=38.26
266200	43.5		3.8		11.6		163.5		300		25.0		38.3
load=38.50
266708	44.2		3.7		11.8		165.7		300		25.0		38.5
load=38.25
267216	43.7		3.8		11.6		163.8		300		25.0		38.2
load=38.45
267724	43.4		3.8		11.5		163.3		300		25.0		38.4
load=38.65
268232	43.8		3.8		11.7		164.3		300		25.0		38.6
load=38.35
268740	43.4		3.8		11.6		162.7		300		25.0		38.3
load=38.07
269248	44.2		3.7		11.8		165.7		300		25.0		38.1
load=38.47
269756	43.2		3.7		11.6		160.5		300		25.0		38.5
load=38.82
270264	44.2		3.7		11.9		165.0		300		25.0		38.8
load=39.65
270772	44.4		3.8		11.8		166.5		300		25.0		39.7
load=40.04
271280	44.7		3.8		11.9		168.0		300		25.0		40.0
load=39.74
271788	42.9		3.8		11.4		161.3		300		25.0		39.7
load=39.48
272296	44.2		3.7		11.8		165.7		300		25.0		39.5
load=39.73
272804	43.2		3.8		11.5		162.4		300		25.0		39.7
load=40.09
273312	43.7		3.8		11.6		164.4		300		25.0		40.1
load=39.56
273820	43.2		3.7		11.6		161.5		300		25.0		39.6
load=39.12
274328	44.0		3.8		11.7		165.5		300		25.0		39.1
load=40.47
274836	43.8		3.7		11.8		163.0		300		25.0		40.5
load=40.67
275344	43.8		3.7		11.8		163.0		300		25.0		40.7
load=40.47
275852	43.3		3.7		11.6		161.7		300		25.0		40.5
load=40.73
276360	42.5		3.7		11.4		159.1		300		25.0		40.7
load=41.06
276868	43.7		3.8		11.6		163.8		300		25.0		41.1
load=40.69
277376	42.9		3.7		11.5		160.4		300		25.0		40.7
load=40.39
277884	43.7		3.7		11.7		163.1		300		25.0		40.4
load=40.62
278392	42.9		3.8		11.4		161.0		300		25.0		40.6
load=40.42
278900	42.9		3.7		11.5		160.4		300		25.0		40.4
load=40.16
279408	44.1		3.7		11.9		164.1		300		25.0		40.2
load=40.36
279916	43.1		3.8		11.5		161.6		300		25.0		40.4
load=40.60
280424	44.0		3.7		11.8		164.2		300		25.0		40.6
load=40.36
280932	42.6		3.8		11.3		160.2		301		25.0		40.4
load=40.05
281440	44.2		3.8		11.8		166.6		301		25.0		40.0
load=40.25
281948	42.8		3.9		11.0		166.4		312		25.0		40.2
load=43.25
282456	42.6		4.1		10.4		174.0		328		25.0		43.2
load=44.33
282964	43.5		4.3		10.2		185.9		342		25.0		44.3
load=47.33
283472	43.7		4.5		9.8		194.8		357		25.0		47.3
load=47.53
283980	43.7		4.6		9.4		202.2		371		25.0		47.5
load=48.98
284488	43.4		4.8		9.1		207.5		386		25.0		49.0
load=51.81
284996	43.7		5.0		8.8		217.8		400		25.0		51.8
load=53.49
285504	43.4		5.2		8.4		224.0		416		25.0		53.5
load=56.49
286012	43.5		5.3		8.2		232.1		430		25.0		56.5
load=56.77
286520	42.6		5.5		7.7		235.2		445		25.0		56.8
load=57.63
287028	44.2		5.7		7.8		252.5		460		25.0		57.6
load=57.90
287536	43.4		5.9		7.4		255.5		474		25.0		57.9
load=58.10
288044	43.4		6.1		7.1		263.7		489		25.0		58.1
load=61.10
288552	43.5		6.3		6.9		272.6		505		25.0		61.1
load=62.22
289060	43.1		6.5		6.7		278.0		519		25.0		62.2
load=63.58
289568	43.8		6.6		6.6		290.5		534		25.0		63.6
load=66.58
290076	43.7		6.8		6.4		297.2		548		25.0		66.6
load=69.58
290584	43.5		7.0		6.2		304.5		562		25.0		69.6
load=70.40
291092	43.1		7.2		6.0		309.0		577		25.0		70.4
load=71.90
291600	42.8		7.3		5.8		314.4		593		25.0		71.9
load=73.49
292108	43.5		7.6		5.8		329.0		608		25.0		73.5
load=75.93
292616	43.8		7.7		5.7		338.0		622		25.0		75.9
load=76.17
293124	43.1		7.9		5.5		340.2		636		25.0		76.2
load=77.90
293632	43.7		8.1		5.4		352.8		651		25.0		77.9
load=78.11
294140	42.9		8.3		5.2		354.8		665		25.0		78.1
load=78.31
294648	42.9		8.4		5.1		361.1		680		25.0		78.3
load=80.16
295156	43.5		8.6		5.1		374.6		695		25.0		80.2
load=83.16
295664	43.4		8.8		4.9		382.5		710		25.0		83.2
load=86.16
296172	43.5		9.0		4.8		391.5		725		25.0		86.2
load=86.38
296680	42.9		9.2		4.7		393.1		739		25.0		86.4
load=87.87
297188	42.6		9.3		4.6		398.6		754		25.0		87.9
load=90.87
297696	42.5		9.5		4.5		404.7		768		25.0		90.9
load=92.33
298204	43.5		9.7		4.5		423.4		785		25.0		92.3
load=92.13
298712	42.5		9.9		4.3		420.9		799		25.0		92.1
load=90.81
299220	43.4		10.0		4.3		435.3		809		25.0		90.8
load=91.79
299728	42.8		10.0		4.3		428.2		806		25.0		91.8
load=92.24
300236	43.4		9.9		4.4		431.5		803		25.0		92.2
load=91.27
300744	43.2		9.9		4.3		429.7		802		25.0		91.3
load=92.20
301252	42.9		9.9		4.3		425.4		800		25.0		92.2
load=92.96
301760	43.5		9.9		4.4		431.7		800		25.0		93.0
load=94.45
302268	43.7		9.9		4.4		434.4		800		25.0		94.5
load=93.61
302776	42.5		9.9		4.3		422.1		800		25.0		93.6
load=92.80
303284	43.8		9.9		4.4		435.5		800		25.0		92.8
load=93.00
303792	43.8		9.9		4.4		434.2		800		25.0		93.0
load=94.04
304300	44.1		9.9		4.4		438.1		800		25.0		94.0
load=93.08
304808	43.5		9.9		4.4		431.0		800		25.0		93.1
load=92.46
305316	43.8		9.9		4.4		433.3		800		25.0		92.5
load=92.91
305824	43.4		9.9		4.4		430.8		800		25.0		92.9
load=92.03
306332	43.1		9.9		4.3		427.6		800		25.0		92.0
load=91.14
306840	43.7		9.9		4.4		434.1		800		25.0		91.1
load=92.64
307348	43.5		9.9		4.4		431.3		800		25.0		92.6
load=91.67
307856	43.4		9.9		4.4		429.6		800		25.0		91.7
load=91.47
308364	43.4		9.9		4.4		431.2		800		25.0		91.5
load=92.96
308872	43.2		9.9		4.4		428.4		800		25.0		93.0
load=92.21
309380	42.6		9.9		4.3		422.9		800		25.0		92.2
load=91.37
309888	43.2		9.9		4.4		429.1		800		25.0		91.4
load=90.84
310396	43.5		9.9		4.4		431.0		800		25.0		90.8
load=90.04
310904	44.1		9.9		4.5		436.8		800		25.0		90.0
load=90.86
311412	42.3		9.9		4.3		418.8		800		25.0		90.9
load=91.80
311920	43.4		9.9		4.4		430.8		800		25.0		91.8
load=91.01
312428	42.8		9.9		4.3		425.0		800		25.0		91.0
load=90.21
312936	43.8		9.9		4.4		435.2		800		25.0		90.2
load=91.12
313444	42.9		9.9		4.3		425.2		800		25.0		91.1
load=92.02
313952	43.9		9.9		4.4		436.2		800		25.0		92.0
load=91.03
314460	43.5		9.9		4.4		431.3		800		25.0		91.0
load=90.06
314968	43.8		9.9		4.4		434.9		800		25.0		90.1
load=90.93
315476	42.8		9.9		4.3		423.8		800		25.0		90.9
load=91.68
315984	43.4		9.9		4.4		429.3		800		25.0		91.7
load=91.88
316492	43.4		9.9		4.4		429.9		800		25.0		91.9
load=91.09
317000	43.2		9.9		4.4		428.4		800		25.0		91.1
load=91.71
317508	42.9		9.9		4.3		426.2		800		25.0		91.7
load=90.83
318016	42.3		9.9		4.3		419.7		800		25.0		90.8
load=90.06
318524	43.5		9.9		4.4		431.0		800		25.0		90.1
load=88.74
319032	43.7		9.9		4.4		433.4		800		25.0		88.7
load=89.53
319540	42.1		9.9		4.2		417.4		800		25.0		89.5
load=90.29
320048	43.2		9.9		4.4		428.4		800		25.0		90.3
load=89.42
320556	42.5		9.9		4.3		420.6		800		25.0		89.4
load=88.50
321064	43.1		9.9		4.3		427.3		800		25.0		88.5
load=89.27
321572	42.2		9.9		4.3		418.9		800		25.0		89.3
load=89.98
322080	42.8		9.9		4.3		424.1		800		25.0		90.0
load=89.18
322588	41.9		9.9		4.2		415.4		800		25.0		89.2
load=88.41
323096	43.5		9.9		4.4		431.0		800		25.0		88.4
load=89.08
323604	43.1		9.9		4.3		427.3		800		25.0		89.1
load=89.71
324112	43.2		9.9		4.4		428.4		800		25.0		89.7
load=89.02
324620	42.1		9.9		4.2		418.4		800		25.0		89.0
load=88.34
325128	43.1		9.9		4.3		427.0		800		25.0		88.3
load=89.14
325636	42.9		9.9		4.3		425.5		800		25.0		89.1
load=89.95
326144	44.5		9.9		4.5		441.8		800		25.0		89.9
load=89.09
326652	43.0		9.9		4.3		424.9		800		25.0		89.1
load=89.61
327160	42.8		9.9		4.3		423.8		800		25.0		89.6
load=90.40
327668	42.9		9.9		4.3		425.2		800		25.0		90.4
load=89.66
328176	42.5		9.9		4.3		421.2		800		25.0		89.7
load=90.46
328684	42.3		9.9		4.3		419.7		800		25.0		90.5
load=91.25
329192	43.7		9.9		4.4		432.8		800		25.0		91.2
load=90.40
329700	43.1		9.9		4.4		426.5		800		25.0		90.4
load=90.60
330208	42.9		9.9		4.3		426.2		800		25.0		90.6
load=91.23
330716	43.1		9.9		4.3		427.3		800		25.0		91.2
load=90.35
331224	42.8		9.9		4.3		424.1		800		25.0		90.3
load=91.03
331732	42.3		9.9		4.3		420.3		800		25.0		91.0
load=91.75
332240	43.1		9.9		4.3		427.0		800		25.0		91.8
load=92.46
332748	43.7		9.9		4.4		432.2		800		25.0		92.5
load=92.66
333256	43.7		9.9		4.4		432.2		800		25.0		92.7
load=92.00
333764	43.1		9.9		4.3		427.3		800		25.0		92.0
load=93.05
334272	42.8		9.9		4.3		423.5		800		25.0		93.0
load=92.31
334780	42.3		9.9		4.3		419.4		800		25.0		92.3
load=92.51
335288	42.2		9.9		4.2		419.2		800		25.0		92.5
load=91.21
335796	42.1		9.9		4.2		416.8		800		25.0		91.2
load=90.25
336304	42.2		9.9		4.3		418.6		800		25.0		90.2
load=90.45
336812	42.2		9.9		4.3		418.3		800		25.0		90.4
load=91.20
337320	42.8		9.9		4.3		423.8		800		25.0		91.2
load=91.40
337828	42.8		9.9		4.3		423.8		800		25.0		91.4
load=92.25
338336	43.2		9.9		4.4		428.4		800		25.0		92.2
load=91.46
338844	42.2		9.9		4.3		418.3		800		25.0		91.5
load=90.64
339352	43.6		9.9		4.4		432.1		800		25.0		90.6
load=91.44
339860	43.5		9.9		4.4		431.7		800		25.0		91.4
load=90.60
340368	42.5		9.9		4.3		420.9		800		25.0		90.6
load=89.70
340876	43.2		9.9		4.4		429.1		800		25.0		89.7
load=90.32
341384	42.8		9.9		4.3		425.6		800		26.0		90.3
load=91.12
341892	44.1		9.9		4.4		438.8		800		29.0		91.1
load=90.36
342400	40.6		10.0		4.1		405.3		800		46.0		90.4
load=91.16
342908	37.9		10.0		3.8		378.9		800		53.0		91.2
load=92.02
343416	39.4		10.0		3.9		394.7		800		55.0		92.0
load=92.86
343924	40.0		10.0		4.0		400.9		800		58.0		92.9
load=92.04
344432	38.5		10.0		3.8		385.9		800		60.0		92.0
load=92.84
344940	38.4		10.0		3.8		384.4		800		60.0		92.8
load=92.15
345448	37.8		10.0		3.8		379.4		800		60.0		92.2
load=91.32
345956	39.4		10.1		3.9		396.2		800		60.0		91.3
load=92.28
346464	38.8		10.0		3.9		389.1		800		60.0		92.3
load=93.11
346972	39.7		10.0		4.0		398.2		800		60.0		93.1
load=92.29
347480	38.1		10.0		3.8		381.8		800		60.0		92.3
load=93.20
347988	37.7		10.0		3.8		376.8		800		60.0		93.2
load=94.09
348496	38.7		10.0		3.9		388.2		800		60.0		94.1
load=94.98
349004	39.4		10.1		3.9		396.4		800		60.0		95.0
load=95.55
349512	39.7		10.0		4.0		398.5		800		60.0		95.5
load=94.74
350020	37.7		10.0		3.8		377.7		800		60.0		94.7
load=94.94
350528	37.7		10.0		3.8		376.8		800		60.0		94.9
load=95.92
351036	38.4		10.1		3.8		385.9		800		60.0		95.9
load=96.73
351544	38.8		10.1		3.9		390.3		800		60.0		96.7
load=97.42
352052	39.0		10.0		3.9		392.1		800		60.0		97.4
load=96.48
352560	38.4		10.0		3.8		384.4		800		60.0		96.5
load=96.28
353068	38.4		10.0		3.8		384.7		800		60.0		96.3
load=95.42
353576	39.1		10.0		3.9		392.6		800		60.0		95.4
load=94.77
354084	39.3		10.0		3.9		393.8		800		60.0		94.8
load=95.48
354592	38.5		10.1		3.8		387.3		800		60.0		95.5
load=94.26
355100	38.2		10.0		3.8		382.9		800		60.0		94.3
load=95.00
355608	38.1		10.0		3.8		381.5		800		60.0		95.0
load=95.86
356116	39.4		10.0		3.9		395.6		800		60.0		95.9
load=96.06
356624	39.4		10.1		3.9		397.0		800		60.0		96.1
load=96.62
357132	39.7		10.1		4.0		399.1		800		60.0		96.6
load=95.70
357640	38.4		10.0		3.8		383.9		800		60.0		95.7
load=95.50
358148	38.4		10.0		3.8		384.4		800		60.0		95.5
load=94.39
358656	38.5		10.0		3.8		386.5		800		60.0		94.4
load=93.47
359164	39.1		10.1		3.9		393.2		800		60.0		93.5
load=94.51
359672	38.8		10.0		3.9		389.4		800		60.0		94.5
load=93.66
360180	37.5		10.0		3.7		375.4		800		60.0		93.7
load=93.46
360688	37.5		10.0		3.7		376.5		800		60.0		93.5
load=92.73
361196	37.8		10.0		3.8		379.1		800		60.0		92.7
load=91.88
361704	39.9		10.1		4.0		400.9		800		60.0		91.9
load=92.77
362212	38.5		10.0		3.8		386.2		800		60.0		92.8
load=91.89
362720	38.2		10.0		3.8		383.0		800		60.0		91.9
load=90.94
363228	38.4		10.0		3.8		384.7		800		60.0		90.9
load=89.98
363736	39.3		10.1		3.9		395.3		800		60.0		90.0
load=90.94
364244	39.1		10.1		3.9		393.5		800		60.0		90.9
load=90.74
364752	39.3		10.0		3.9		393.5		800		60.0		90.7
load=91.52
365260	37.7		10.0		3.8		377.9		800		60.0		91.5
load=91.72
365768	37.7		10.1		3.7		378.5		800		60.0		91.7
load=92.52
366276	37.9		10.1		3.8		381.4		800		60.0		92.5
load=93.32
366784	39.3		10.1		3.9		394.7		800		60.0		93.3
load=94.05
367292	39.6		10.0		3.9		397.3		800		60.0		94.0
load=93.21
367800	37.4		10.0		3.7		374.3		800		60.0		93.2
load=92.34
368308	38.5		10.0		3.8		387.0		800		60.0		92.3
load=93.11
368816	37.8		10.1		3.8		380.0		800		60.0		93.1
load=93.93
369324	39.4		10.1		3.9		396.4		800		60.0		93.9
load=93.11
369832	38.2		10.1		3.8		384.4		800		60.0		93.1
load=93.31
370340	38.2		10.0		3.8		383.0		800		60.0		93.3
load=92.51
370848	38.1		10.0		3.8		381.5		800		60.0		92.5
load=91.24
371356	38.2		10.0		3.8		383.8		800		60.0		91.2
load=90.44
371864	39.3		10.0		3.9		394.1		800		60.0		90.4
load=90.93
372372	39.1		10.1		3.9		393.2		800		60.0		90.9
load=90.00
372880	38.2		10.0		3.8		383.0		800		60.0		90.0
load=89.80
373388	38.2		10.0		3.8		383.5		800		60.0		89.8
load=89.00
373896	38.5		10.0		3.8		386.5		800		60.0		89.0
load=88.13
374404	39.3		10.0		3.9		394.4		800		60.0		88.1
load=88.94
374912	39.1		10.0		3.9		392.9		800		60.0		88.9
load=88.05
375420	37.8		10.0		3.8		378.3		800		60.0		88.0
load=88.85
375928	37.4		10.0		3.7		373.9		800		60.0		88.8
load=89.70
376436	39.1		10.0		3.9		392.6		800		60.0		89.7
load=91.13
376944	39.3		10.1		3.9		395.3		800		60.0		91.1
load=89.70
377452	39.1		10.0		3.9		392.6		800		60.0		89.7
load=90.56
377960	37.9		10.0		3.8		380.0		800		60.0		90.6
load=91.67
378468	38.1		10.0		3.8		382.1		800		60.0		91.7
load=92.51
378976	38.7		10.0		3.9		388.2		800		60.0		92.5
load=93.62
379484	38.8		10.1		3.9		390.3		800		60.0		93.6
load=92.82
379992	38.1		10.1		3.8		382.9		800		60.0		92.8
load=92.62
380500	38.2		10.0		3.8		383.2		800		60.0		92.6
load=93.42
381008	37.2		10.0		3.7		373.0		800		60.0		93.4
load=94.27
381516	38.8		10.1		3.9		390.3		800		60.0		94.3
load=94.92
382024	39.0		10.0		3.9		391.5		800		60.0		94.9
load=94.22
382532	38.5		10.1		3.8		387.6		800		60.0		94.2
load=95.95
383040	38.4		10.0		3.8		384.4		800		60.0		95.9
load=95.19
383548	37.4		10.0		3.7		374.7		800		60.0		95.2
load=94.37
384056	38.8		10.0		3.9		389.7		800		60.0		94.4
load=93.41
384564	39.1		10.1		3.9		393.2		800		60.0		93.4
load=94.31
385072	38.4		10.0		3.8		385.0		800		60.0		94.3
load=94.51
385580	38.4		10.0		3.8		385.3		800		60.0		94.5
load=95.05
386088	38.8		10.0		3.9		388.3		800		60.0		95.1
load=94.56
386596	38.4		10.0		3.8		385.6		800		60.0		94.6
load=93.70
387104	40.0		10.1		4.0		402.9		800		60.0		93.7
load=94.69
387612	39.1		10.0		3.9		392.1		800		60.0		94.7
load=93.88
388120	37.8		10.0		3.8		378.9		800		60.0		93.9
load=94.08
388628	37.8		10.0		3.8		378.6		800		60.0		94.1
load=95.01
389136	38.5		10.0		3.8		387.0		800		60.0		95.0
load=95.81
389644	39.6		10.0		3.9		397.3		800		60.0		95.8
load=94.98
390152	38.6		10.0		3.8		387.6		800		60.0		95.0
load=95.87
390660	37.8		10.0		3.8		378.6		800		60.0		95.9
load=96.61
391168	38.5		10.0		3.9		385.3		800		60.0		96.6
load=97.77
391676	39.0		10.1		3.9		391.7		800		60.0		97.8
load=97.97
392184	39.0		10.1		3.9		392.6		800		60.0		98.0
load=96.96
392692	38.5		10.0		3.8		387.0		800		60.0		97.0
load=97.81
393200	36.6		10.0		3.7		366.8		800		60.0		97.8
load=98.66
393708	38.2		10.0		3.8		383.8		800		60.0		98.7
load=99.46
394216	38.4		10.0		3.8		385.3		800		60.0		99.5
load=100.00
394724	39.7		10.0		4.0		398.8		800		60.0		100.0
load=99.14
395232	38.8		10.0		3.9		389.4		800		60.0		99.1
load=99.93
395740	37.4		10.0		3.7		375.0		800		60.0		99.9
load=100.00
396248	38.4		10.0		3.8		385.0		800		60.0		100.0
load=100.00
396756	39.3		10.0		3.9		394.1		800		60.0		100.0
load=99.30
397264	38.8		10.1		3.9		390.3		800		60.0		99.3
load=100.00
397772	38.5		10.1		3.8		387.3		800		60.0		100.0
load=99.11
398280	37.5		10.0		3.7		375.9		800		60.0		99.1
load=98.31
398788	37.8		10.0		3.8		378.9		800		60.0		98.3
load=97.43
399296	38.7		10.0		3.9		388.5		800		60.0		97.4
load=96.52
399804	39.1		10.1		3.9		393.5		800		60.0		96.5
load=97.45
400312	38.2		10.0		3.8		383.3		800		60.0		97.5
load=97.65
400820	38.2		10.0		3.8		383.5		800		61.0		97.7
load=97.31
401328	38.1		10.1		3.8		382.9		800		64.0		97.3
load=97.96
401836	37.4		10.1		3.7		376.9		800		75.0		98.0
load=98.92
402344	37.7		10.1		3.7		380.4		800		74.0		98.9
load=97.91
402852	37.1		10.1		3.7		373.6		800		68.0		97.9
load=97.20
403360	39.3		10.0		3.9		392.7		800		54.0		97.2
load=96.53
403868	40.7		9.9		4.1		404.9		800		39.0		96.5
load=95.73
404376	43.2		9.9		4.3		430.0		800		27.0		95.7
load=95.11
404884	43.8		9.9		4.4		434.6		800		25.0		95.1
load=96.07
405392	43.4		9.9		4.4		429.3		800		22.0		96.1
load=95.27
405900	42.3		9.9		4.3		419.0		800		21.0		95.3
load=94.47
406408	43.1		9.9		4.4		426.4		800		21.0		94.5
load=93.50
406916	43.8		9.9		4.4		435.2		800		23.0		93.5
load=92.71
407424	44.1		9.9		4.4		438.1		800		25.0		92.7
load=93.60
407932	43.1		9.9		4.3		426.7		800		25.0		93.6
load=92.74
408440	42.3		9.9		4.3		418.8		800		25.0		92.7
load=93.53
408948	41.3		9.9		4.2		408.6		800		25.0		93.5
load=94.39
409456	44.0		9.9		4.4		437.0		800		25.0		94.4
load=93.77
409964	43.8		9.9		4.4		435.8		800		25.0		93.8
load=94.65
410472	42.6		9.9		4.3		422.9		800		25.0		94.7
load=93.72
410980	41.9		9.9		4.2		414.4		800		25.0		93.7
load=94.43
411488	41.3		9.9		4.2		409.3		800		25.0		94.4
load=95.24
411996	43.5		9.9		4.4		431.3		800		25.0		95.2
load=94.57
412504	42.9		9.9		4.3		426.5		800		25.0		94.6
load=95.37
413012	42.5		9.9		4.3		422.1		800		25.0		95.4
load=93.22
413520	42.3		9.9		4.3		418.2		800		25.0		93.2
load=92.35
414028	43.4		9.9		4.4		429.3		800		25.0		92.4
load=92.71
414536	43.1		9.9		4.3		427.9		800		25.0		92.7
load=92.00
415044	42.8		9.9		4.3		425.3		800		25.0		92.0
load=93.16
415552	42.6		9.9		4.3		422.4		800		25.0		93.2
load=92.11
416060	42.2		9.9		4.3		417.3		800		25.0		92.1
load=91.21
416568	42.6		9.9		4.3		422.3		800		25.0		91.2
load=90.16
417076	42.9		9.9		4.3		426.2		800		25.0		90.2
load=89.34
417584	44.0		9.9		4.4		436.7		800		25.0		89.3
load=90.20
418092	42.9		9.9		4.3		425.5		800		25.0		90.2
load=89.32
418600	42.2		9.9		4.3		417.5		800		25.0		89.3
load=90.01
419108	41.6		9.9		4.2		412.5		800		25.0		90.0
load=90.81
419616	43.8		9.9		4.4		434.6		800		25.0		90.8
load=90.12
420124	42.8		9.9		4.3		425.6		800		25.0		90.1
load=89.92
420632	42.9		9.9		4.3		425.8		800		25.0		89.9
load=90.73
421140	41.9		9.9		4.2		415.4		800		25.0		90.7
load=91.56
421648	42.8		9.9		4.3		424.4		800		25.0		91.6
load=92.48
422156	43.4		9.9		4.4		431.2		800		25.0		92.5
load=93.45
422664	43.5		9.9		4.4		432.9		800		25.0		93.4
load=92.59
423172	42.1		9.9		4.2		417.1		800		25.0		92.6
load=93.71
423680	41.9		9.9		4.2		415.1		800		25.0		93.7
load=94.51
424188	43.4		9.9		4.4		429.6		800		25.0		94.5
load=93.77
424696	42.5		9.9		4.3		421.5		800		25.0		93.8
load=92.96
425204	43.8		9.9		4.4		434.9		800		25.0		93.0
load=93.82
425712	43.1		9.9		4.3		427.0		800		25.0		93.8
load=92.77
426220	42.8		9.9		4.3		423.1		800		25.0		92.8
load=93.05
426728	42.6		9.9		4.3		422.6		800		25.0		93.1
load=93.89
427236	44.4		9.9		4.5		441.0		800		25.0		93.9
load=93.09
427744	43.7		9.9		4.4		433.8		800		25.0		93.1
load=93.97
428252	42.4		9.9		4.3		419.8		800		25.0		94.0
load=94.80
428760	42.9		9.9		4.3		425.5		800		25.0		94.8
load=94.10
429268	42.6		9.9		4.3		422.9		800		25.0		94.1
load=93.30
429776	44.0		9.9		4.4		436.0		800		25.0		93.3
load=93.10
430284	44.0		9.9		4.4		436.3		800		25.0		93.1
load=93.81
430792	43.7		9.9		4.4		433.8		800		25.0		93.8
load=92.88
431300	42.8		9.9		4.3		423.5		800		25.0		92.9
load=93.08
431808	42.6		9.9		4.3		423.3		800		25.0		93.1
load=93.87
432316	42.8		9.9		4.3		424.7		800		25.0		93.9
load=94.67
432824	43.4		9.9		4.4		430.5		800		25.0		94.7
load=93.87
433332	42.8		9.9		4.3		424.7		800		25.0		93.9
load=95.52
433840	42.6		9.9		4.3		421.7		800		25.0		95.5
load=96.65
434348	42.8		9.9		4.3		423.8		800		25.0		96.7
load=97.59
434856	43.7		9.9		4.4		434.1		800		25.0		97.6
load=98.39
435364	44.1		9.9		4.4		438.4		800		25.0		98.4
load=97.51
435872	42.6		9.9		4.3		422.3		800		25.0		97.5
load=97.31
436380	42.6		9.9		4.3		422.3		800		25.0		97.3
load=97.51
436888	42.6		9.9		4.3		421.4		800		25.0		97.5
load=98.50
437396	43.4		9.9		4.4		430.5		800		25.0		98.5
load=97.75
437904	42.8		9.9		4.3		425.0		800		25.0		97.8
load=97.05
438412	43.4		9.9		4.4		430.2		800		25.0		97.0
load=98.01
438920	42.5		9.9		4.3		419.6		800		25.0		98.0
load=98.90
439428	43.2		9.9		4.4		427.8		800		25.0		98.9
load=99.10
439936	43.1		9.9		4.3		427.9		800		25.0		99.1
load=98.90
440444	43.1		9.9		4.3		427.6		800		25.0		98.9
load=99.83
440952	42.2		9.9		4.3		416.9		800		25.0		99.8
load=100.00
441460	42.2		9.9		4.3		417.3		800		25.0		100.0
load=100.00
441968	42.6		9.9		4.3		422.6		800		25.0		100.0
load=100.00
442476	43.5		9.9		4.4		432.0		800		25.0		100.0
load=100.00
442984	44.0		9.9		4.4		436.3		800		25.0		100.0
load=99.08
443492	42.9		9.9		4.3		424.6		800		25.0		99.1
load=99.81
444000	42.6		9.9		4.3		421.9		800		25.0		99.8
load=99.61
444508	42.6		9.9		4.3		421.4		800		25.0		99.6
load=98.69
445016	43.7		9.9		4.4		433.1		800		25.0		98.7
load=99.39
445524	42.6		9.9		4.3		424.2		800		25.0		99.4
load=99.19
446032	42.6		9.9		4.3		423.3		800		25.0		99.2
load=98.79
446540	43.1		9.9		4.4		425.4		800		25.0		98.8
load=99.07
447048	42.8		9.9		4.3		424.4		800		25.0		99.1
load=99.95
447556	43.4		9.9		4.4		430.8		800		25.0		100.0
load=99.75
448064	43.4		9.9		4.4		429.9		800		25.0		99.8
load=100.00
448572	42.9		9.9		4.3		425.2		800		25.0		100.0
load=99.22
449080	41.0		9.9		4.1		406.6		800		25.0		99.2
load=98.45
449588	43.1		9.9		4.4		426.4		800		25.0		98.5
load=97.43
450096	43.5		9.9		4.4		432.0		800		25.0		97.4
load=96.58
450604	44.0		9.9		4.4		436.7		800		25.0		96.6
load=97.46
451112	43.1		9.9		4.3		427.0		800		25.0		97.5
load=96.64
451620	41.8		9.9		4.2		413.6		800		25.0		96.6
load=95.82
452128	42.5		9.9		4.3		421.2		800		25.0		95.8
load=94.89
452636	43.2		9.9		4.3		429.7		800		25.0		94.9
load=95.09
453144	43.2		9.9		4.4		429.1		800		25.0		95.1
load=93.23
453652	43.1		9.9		4.4		426.9		800		25.0		93.2
load=94.01
454160	41.8		9.9		4.2		413.6		800		25.0		94.0
load=94.85
454668	42.6		9.9		4.3		422.9		800		25.0		94.9
load=95.71
455176	43.1		9.9		4.3		427.6		800		25.0		95.7
load=96.57
455684	43.8		9.9		4.4		435.5		800		25.0		96.6
load=95.70
456192	42.5		9.9		4.3		421.2		800		25.0		95.7
load=96.59
456700	42.1		9.9		4.2		416.3		800		25.0		96.6
load=97.38
457208	43.1		9.9		4.4		426.4		800		25.0		97.4
load=97.58
457716	43.1		9.9		4.3		427.9		800		25.0		97.6
load=96.96
458224	42.9		9.9		4.3		426.8		800		25.0		97.0
load=96.25
458732	43.5		9.9		4.4		432.0		800		25.0		96.2
load=97.10
459240	42.2		9.9		4.3		418.0		800		25.0		97.1
load=96.14
459748	41.9		9.9		4.2		414.4		800		25.0		96.1
load=95.31
460256	44.0		9.9		4.4		435.7		800		25.0		95.3
load=95.11
460764	44.0		9.9		4.4		436.3		800		25.0		95.1
load=95.92
461272	42.6		9.9		4.3		422.9		800		25.0		95.9
load=95.03
461780	41.9		9.9		4.2		414.7		800		25.0		95.0
load=94.18
462288	42.3		9.9		4.3		419.4		800		25.0		94.2
load=93.34
462796	43.4		9.9		4.4		430.2		800		25.0		93.3
load=92.55
463304	44.2		9.9		4.5		438.9		800		25.0		92.5
load=93.38
463812	42.5		9.9		4.3		420.6		800		25.0		93.4
load=92.49
464320	41.5		9.9		4.2		409.2		800		25.0		92.5
load=91.64
464828	43.7		9.9		4.4		432.8		800		25.0		91.6
load=92.14
465336	43.2		9.9		4.3		430.0		800		25.0		92.1
load=90.83
465844	43.1		9.9		4.3		427.6		800		25.0		90.8
load=91.96
466352	42.8		9.9		4.3		423.5		800		25.0		92.0
load=91.13
466860	40.9		9.9		4.1		403.7		800		25.0		91.1
load=90.27
467368	42.2		9.9		4.3		418.0		800		25.0		90.3
load=89.40
467876	43.8		9.9		4.4		435.5		800		25.0		89.4
load=90.25
468384	43.4		9.9		4.4		430.8		800		25.0		90.3
load=89.28
468892	42.8		9.9		4.3		423.8		800		25.0		89.3
load=90.11
469400	42.2		9.9		4.3		417.7		800		25.0		90.1
load=91.00
469908	42.6		9.9		4.3		422.6		800		25.0		91.0
load=92.08
470416	43.1		9.9		4.3		428.6		800		25.0		92.1
load=91.88
470924	43.1		9.9		4.3		427.0		800		25.0		91.9
load=92.85
471432	42.8		9.9		4.3		423.5		800		25.0		92.8
load=92.65
471940	42.8		9.9		4.3		423.1		800		25.0		92.6
load=91.74
472448	43.2		9.9		4.4		428.1		800		25.0		91.7
load=90.80
472956	44.1		9.9		4.4		438.4		800		25.0		90.8
load=91.60
473464	42.1		9.9		4.2		418.0		800		25.0		91.6
load=92.14
473972	42.6		9.9		4.3		422.0		800		25.0		92.1
load=92.34
474480	42.6		9.9		4.3		422.3		800		25.0		92.3
load=91.60
474988	41.8		9.9		4.2		414.2		800		25.0		91.6
load=90.69
475496	43.1		10.0		4.3		429.2		800		25.0		90.7
load=90.49
476004	43.2		9.9		4.4		429.4		800		25.0		90.5
load=91.37
476512	42.3		9.9		4.3		419.7		800		25.0		91.4
load=92.17
477020	43.1		9.9		4.3		427.0		800		25.0		92.2
load=93.13
477528	43.2		9.9		4.4		428.8		800		25.0		93.1
load=93.94
478036	44.5		9.9		4.5		442.2		800		25.0		93.9
load=93.17
478544	43.1		9.9		4.3		427.9		800		25.0		93.2
load=94.24
479052	42.4		9.9		4.3		419.5		800		25.0		94.2
load=93.55
479560	41.8		9.9		4.2		413.6		800		25.0		93.6
load=92.78
480068	43.4		9.9		4.4		429.3		800		25.0		92.8