tiempo[ms]V_Panel[V]	I_Panel[A]	R_Carga[Ohms]	P_Panel[W]	G[W/m2]	T[°C]	Load[%]							
load=52.3													
542	42.9		9.9		4.3		424.9		800		25.0		52.3
load=54.6													
2041	43.4		9.9		4.4		429.9		800		25.0		54.6
load=56.9													
2552	43.2		9.9		4.4		429.4		800		25.0		56.9
load=59.2													
3063	42.9		9.9		4.3		425.5		800		25.0		59.2
load=61.5													
3574	43.1		9.9		4.3		427.3		800		25.0		61.5
load=63.9													
4085	42.6		9.9		4.3		422.3		800		25.0		63.9
load=66.3													
4596	42.5		9.9		4.3		421.2		800		25.0		66.3
load=68.4													
5107	43.6		9.9		4.4		432.3		800		25.0		68.4
load=70.5													
5618	43.4		9.9		4.4		429.3		800		25.0		70.5
load=73.5													
6129	42.1		9.9		4.2		417.4		800		25.0		73.5
load=75.5													
6640	43.4		9.9		4.4		429.9		800		25.0		75.5
load=77.6													
7151	43.2		9.9		4.4		429.1		800		25.0		77.6
load=79.4													
7662	43.4		9.9		4.4		429.9		800		25.0		79.4
load=81.2													
8173	43.5		9.9		4.4		431.7		800		25.0		81.2
load=82.7													
8684	43.8		9.9		4.4		433.9		800		25.0		82.7
load=83.7													
9195	41.9		9.9		4.2		415.4		800		25.0		83.7
load=85.3													
9706	43.2		9.9		4.4		428.6		800		25.0		85.3
load=82.8													
10217	42.9		9.9		4.3		426.8		800		25.0		82.8
load=83.9													
10728	43.4		9.9		4.4		429.6		800		25.0		83.9
load=85.3													
11239	43.4		9.9		4.4		430.2		800		25.0		85.3
load=86.5													
11750	43.5		9.9		4.4		431.7		800		25.0		86.5
load=87.5													
12261	43.5		9.9		4.4		431.0		800		25.0		87.5
load=89.2													
12772	43.2		9.9		4.4		427.8		800		25.0		89.2
load=90.7													
13283	43.5		9.9		4.4		431.7		800		25.0		90.7
load=91.7													
13794	42.6		9.9		4.3		423.6		800		25.0		91.7
load=92.8													
14305	42.9		9.9		4.3		425.8		800		25.0		92.8
load=93.9													
14816	41.9		9.9		4.2		416.3		800		25.0		93.9
load=95.0													
15327	43.5		9.9		4.4		431.3		800		25.0		95.0
load=95.0													
15838	43.2		9.9		4.4		429.1		800		25.0		95.0
load=95.0													
16349	43.5		9.9		4.4		432.3		800		25.0		95.0
load=95.0													
16860	43.4		9.9		4.4		429.9		800		25.0		95.0
load=95.0													
17371	43.4		9.9		4.4		430.5		800		25.0		95.0
load=95.0													
17882	43.2		9.9		4.4		429.1		800		25.0		95.0
load=95.0													
18393	43.1		9.9		4.3		426.7		800		25.0		95.0
load=95.0													
18904	43.2		9.9		4.4		428.2		800		25.0		95.0
load=95.0													
19415	42.9		9.9		4.3		426.2		800		25.0		95.0
load=95.0													
19926	44.0		9.9		4.4		436.3		800		25.0		95.0
load=95.0													
20437	43.1		9.9		4.3		427.3		800		25.0		95.0
load=95.0													
20948	42.5		9.9		4.3		421.5		800		25.0		95.0
load=95.0													
21459	42.8		9.9		4.3		424.7		800		25.0		95.0
load=95.0													
21970	42.8		9.9		4.3		424.1		800		25.0		95.0
load=95.0													
22481	41.9		9.9		4.2		415.4		800		25.0		95.0
load=95.0													
22992	43.4		9.9		4.4		430.5		800		25.0		95.0
load=95.0													
23503	42.9		9.9		4.3		425.5		800		25.0		95.0
load=95.0													
24014	43.1		9.9		4.3		427.0		800		25.0		95.0
load=95.0													
24525	41.9		9.9		4.2		415.4		800		25.0		95.0
load=95.0													
25036	43.5		9.9		4.4		431.7		800		25.0		95.0
load=95.0													
25547	42.9		9.9		4.3		425.5		800		25.0		95.0
load=95.0													
26058	43.2		9.9		4.4		428.1		800		25.0		95.0
load=95.0													
26569	43.1		9.9		4.3		427.3		800		25.0		95.0
load=95.0													
27080	42.5		9.9		4.3		420.9		800		25.0		95.0
load=95.0													
27591	42.6		9.9		4.3		423.9		800		25.0		95.0
load=95.0													
28102	43.2		9.9		4.4		428.8		800		25.0		95.0
load=95.0													
28613	42.8		9.9		4.3		424.1		800		25.0		95.0
load=95.0													
29124	42.3		9.9		4.3		419.7		800		25.0		95.0
load=95.0													
29635	42.3		9.9		4.3		419.7		800		25.0		95.0
load=95.0													
30146	43.2		9.9		4.4		427.8		800		25.0		95.0
load=95.0													
30657	43.2		9.9		4.3		428.6		800		25.0		95.0
load=95.0													
31168	43.1		9.9		4.3		427.9		800		25.0		95.0
load=95.0													
31679	43.2		9.9		4.4		428.8		800		25.0		95.0
load=95.0													
32190	42.5		9.9		4.3		420.6		800		25.0		95.0
load=95.0													
32701	42.3		9.9		4.3		420.7		800		25.0		95.0
load=95.0													
33212	42.8		9.9		4.3		424.1		800		25.0		95.0
load=95.0													
33723	42.6		9.9		4.3		422.9		800		25.0		95.0
load=95.0													
34234	42.2		9.9		4.3		418.0		800		25.0		95.0
load=95.0													
34745	42.9		9.9		4.3		425.8		800		25.0		95.0
load=95.0													
35256	43.3		9.9		4.4		429.4		800		25.0		95.0
load=95.0													
35767	42.2		9.9		4.3		418.6		800		25.0		95.0
load=95.0													
36278	43.2		9.9		4.4		428.1		800		25.0		95.0
load=95.0													
36789	41.6		9.9		4.2		412.5		800		25.0		95.0
load=95.0													
37300	42.5		9.9		4.3		420.9		800		25.0		95.0
load=95.0													
37811	41.9		9.9		4.2		416.0		800		25.0		95.0
load=95.0													
38322	43.5		9.9		4.4		430.7		800		25.0		95.0
load=95.0													
38833	42.9		9.9		4.3		425.8		800		25.0		95.0
load=95.0													
39344	42.5		9.9		4.3		421.2		800		25.0		95.0
load=95.0													
39855	43.1		9.9		4.3		427.3		800		25.0		95.0
load=95.0													
40366	43.1		9.9		4.3		427.0		800		25.0		95.0
load=95.0													
40877	42.9		9.9		4.3		425.2		800		25.0		95.0
load=95.0													
41388	42.1		9.9		4.2		416.8		800		25.0		95.0
load=95.0													
41899	42.8		9.9		4.3		424.7		800		25.0		95.0
load=95.0													
42410	43.1		9.9		4.3		427.0		800		25.0		95.0
load=95.0													
42921	43.1		9.9		4.3		427.0		800		25.0		95.0
load=95.0													
43432	42.5		9.9		4.3		421.8		800		25.0		95.0
load=95.0													
43943	42.2		9.9		4.3		417.7		800		25.0		95.0
load=95.0													
44454	43.4		9.9		4.4		429.5		800		25.0		95.0
load=95.0													
44965	41.9		9.9		4.2		416.0		800		25.0		95.0
load=95.0													
45476	42.8		9.9		4.3		423.8		800		25.0		95.0
load=95.0													
45987	42.5		9.9		4.3		420.9		800		25.0		95.0
load=95.0													
46498	42.5		9.9		4.3		420.6		800		25.0		95.0
load=95.0													
47009	42.6		9.9		4.3		422.6		800		25.0		95.0
load=95.0													
47520	42.1		9.9		4.2		417.4		800		25.0		95.0
load=95.0													
48031	42.3		9.9		4.3		418.8		800		25.0		95.0
load=95.0													
48542	43.5		9.9		4.4		431.0		800		25.0		95.0
load=95.0													
49053	42.6		9.9		4.3		422.0		800		25.0		95.0
load=95.0													
49564	42.8		9.9		4.3		423.5		800		25.0		95.0
load=95.0													
50075	43.1		9.9		4.3		427.6		800		25.0		95.0
load=95.0													
50586	43.1		9.9		4.4		426.0		800		25.0		95.0
load=95.0													
51097	43.1		9.9		4.4		426.4		800		25.0		95.0
load=95.0													
51608	42.3		9.9		4.3		419.4		800		25.0		95.0
load=95.0													
52119	43.4		9.9		4.4		429.6		800		25.0		95.0
load=95.0													
52630	43.7		9.9		4.4		432.5		800		25.0		95.0
load=95.0													
53141	42.5		9.9		4.3		421.2		800		25.0		95.0
load=95.0													
53652	42.3		9.9		4.3		420.3		800		25.0		95.0
load=95.0													
54163	42.8		9.9		4.3		423.8		800		25.0		95.0
load=95.0													
54674	43.2		9.9		4.4		428.1		800		25.0		95.0
load=95.0													
55185	42.5		9.9		4.3		420.6		800		25.0		95.0
load=95.0													
55696	42.1		9.9		4.2		416.8		800		25.0		95.0
load=95.0													
56207	43.0		9.9		4.3		425.9		800		25.0		95.0
load=95.0													
56718	42.5		9.9		4.3		420.6		800		25.0		95.0
load=95.0													
57229	42.3		9.9		4.3		419.7		800		25.0		95.0
load=95.0													
57740	42.1		9.9		4.2		416.5		800		25.0		95.0
load=95.0													
58251	42.5		9.9		4.3		420.6		800		25.0		95.0
load=95.0													
58762	43.1		9.9		4.4		425.7		800		25.0		95.0
load=95.0													
59273	42.1		9.9		4.2		416.8		800		25.0		95.0
load=95.0													
59784	42.8		9.9		4.3		423.5		800		25.0		95.0
load=95.0													
60295	42.5		9.9		4.3		419.9		800		25.0		95.0
load=95.0													
60806	43.0		9.9		4.3		426.1		800		25.0		95.0
load=95.0													
61317	41.6		9.9		4.2		412.8		800		25.0		95.0
load=95.0													
61828	42.2		9.9		4.3		418.3		800		25.0		95.0
load=95.0													
62339	42.5		9.9		4.3		420.6		800		25.0		95.0
load=95.0													
62850	42.9		9.9		4.3		424.3		800		25.0		95.0
load=95.0													
63361	42.1		9.9		4.2		416.5		800		25.0		95.0
load=95.0													
63872	41.9		9.9		4.2		415.4		800		25.0		95.0
load=95.0													
64383	42.9		9.9		4.3		424.3		800		25.0		95.0
load=95.0													
64894	42.6		9.9		4.3		423.3		800		25.0		95.0
load=95.0													
65405	42.2		9.9		4.3		418.2		800		25.0		95.0
load=95.0													
65916	42.3		9.9		4.3		418.8		800		25.0		95.0
load=95.0													
66427	41.9		9.9		4.2		414.7		800		25.0		95.0
load=95.0													
66938	42.9		9.9		4.3		425.2		800		25.0		95.0
load=95.0													
67449	43.5		9.9		4.4		431.3		800		25.0		95.0
load=95.0													
67960	42.5		9.9		4.3		419.9		800		25.0		95.0
load=95.0													
68471	41.9		9.9		4.2		414.4		800		25.0		95.0
load=95.0													
68982	42.1		9.9		4.3		415.6		800		25.0		95.0
load=95.0													
69493	42.9		9.9		4.3		425.2		800		25.0		95.0
load=95.0													
70004	42.5		9.9		4.3		420.4		800		25.0		95.0
load=95.0													
70515	42.6		9.9		4.3		422.0		800		25.0		95.0
load=95.0													
71026	42.1		9.9		4.3		415.9		800		25.0		95.0
load=95.0													
71537	41.8		9.9		4.2		413.3		800		25.0		95.0
load=95.0													
72048	42.8		9.9		4.3		422.5		800		25.0		95.0
load=95.0													
72559	42.3		9.9		4.3		419.1		800		25.0		95.0
load=95.0													
73070	42.2		9.9		4.3		418.3		800		25.0		95.0
load=95.0													
73581	42.6		9.9		4.3		420.8		800		25.0		95.0
load=95.0													
74092	42.2		9.9		4.3		418.0		800		25.0		95.0
load=95.0													
74603	42.9		9.9		4.3		424.3		800		25.0		95.0
load=95.0													
75114	41.9		9.9		4.2		414.7		800		25.0		95.0
load=95.0													
75625	42.3		9.9		4.3		418.8		800		25.0		95.0
load=95.0													
76136	42.5		9.9		4.3		420.6		800		25.0		95.0
load=95.0													
76647	42.1		9.9		4.2		417.1		800		25.0		95.0
load=95.0													
77158	41.5		9.9		4.2		409.8		800		25.0		95.0
load=94.7													
77669	42.1		9.9		4.3		415.3		800		25.0		94.7
load=95.0													
78180	42.5		9.9		4.3		420.6		800		25.0		95.0
load=95.0													
78691	43.5		9.9		4.4		430.7		800		25.0		95.0
load=95.0													
79202	42.6		9.9		4.3		422.3		800		25.0		95.0
load=95.0													
79713	42.5		9.9		4.3		420.6		800		25.0		95.0
load=95.0													
80224	42.5		9.9		4.3		419.9		800		25.0		95.0
load=95.0													
80735	42.6		9.9		4.3		422.6		800		25.0		95.0
load=95.0													
81246	42.5		9.9		4.3		420.9		800		25.0		95.0
load=95.0													
81757	42.2		9.9		4.3		418.8		800		25.0		95.0
load=95.0													
82268	42.6		9.9		4.3		422.3		800		25.0		95.0
load=95.0													
82779	41.6		9.9		4.2		411.2		800		25.0		95.0
load=95.0													
83290	42.1		9.9		4.2		416.5		800		25.0		95.0
load=95.0													
83801	41.8		9.9		4.2		413.3		800		25.0		95.0
load=95.0													
84312	42.5		9.9		4.3		421.8		800		25.0		95.0
load=95.0													
84823	42.3		9.9		4.3		419.1		800		25.0		95.0
load=95.0													
85334	41.8		9.9		4.2		413.6		800		25.0		95.0
load=95.0													
85845	42.5		9.9		4.3		420.6		800		25.0		95.0
load=95.0													
86356	42.1		9.9		4.3		416.5		800		25.0		95.0
load=95.0													
86867	42.8		9.9		4.3		424.1		800		25.0		95.0
load=95.0													
87378	42.6		9.9		4.3		421.7		800		25.0		95.0
load=95.0													
87889	42.5		9.9		4.3		421.2		800		25.0		95.0
load=95.0													
88400	42.3		9.9		4.3		419.7		800		25.0		95.0
load=95.0													
88911	42.5		9.9		4.3		420.9		800		25.0		95.0
load=95.0													
89422	43.2		9.9		4.4		428.4		800		25.0		95.0
load=95.0													
89933	41.9		9.9		4.2		414.7		800		25.0		95.0
load=95.0													
90444	43.1		9.9		4.4		425.4		800		25.0		95.0
load=95.0													
90955	42.6		9.9		4.3		422.3		800		25.0		95.0
load=95.0													
91466	41.5		9.9		4.2		410.4		800		25.0		95.0
load=95.0													
91977	42.1		9.9		4.2		416.2		800		25.0		95.0
load=95.0													
92488	42.1		9.9		4.2		416.2		800		25.0		95.0
load=95.0													
92999	41.6		9.9		4.2		412.8		800		25.0		95.0
load=95.0													
93510	41.8		9.9		4.2		413.0		800		25.0		95.0
load=95.0													
94021	42.9		9.9		4.3		424.9		800		25.0		95.0
load=95.0													
94532	42.1		9.9		4.2		416.5		800		25.0		95.0
load=95.0													
95043	41.6		9.9		4.2		412.5		800		25.0		95.0
load=95.0													
95554	42.6		9.9		4.3		421.7		800		25.0		95.0
load=95.0													
96065	43.1		9.9		4.3		427.3		800		25.0		95.0
load=95.0													
96576	42.6		9.9		4.3		421.7		800		25.0		95.0
load=95.0													
97087	42.3		9.9		4.3		418.8		800		25.0		95.0
load=95.0													
97598	42.6		9.9		4.3		422.3		800		25.0		95.0
load=95.0													
98109	41.8		9.9		4.2		413.0		800		25.0		95.0
load=95.0													
98620	42.9		9.9		4.3		425.2		800		25.0		95.0
load=95.0													
99131	43.2		9.9		4.4		428.4		800		25.0		95.0
load=95.0													
99642	42.2		9.9		4.3		417.0		800		25.0		95.0
load=95.0													
100153	42.1		9.9		4.2		417.1		800		25.0		95.0
load=95.0													
100664	41.6		9.9		4.2		410.9		800		25.0		95.0
load=95.0													
101175	43.4		9.9		4.4		428.6		800		25.0		95.0
load=95.0													
101686	42.3		9.9		4.3		420.0		800		25.0		95.0
load=95.0													
102197	41.9		9.9		4.2		415.4		800		25.0		95.0
load=95.0													
102708	41.8		9.9		4.2		412.7		800		25.0		95.0
load=95.0													
103219	42.3		9.9		4.3		419.4		800		25.0		95.0
load=95.0													
103730	42.5		9.9		4.3		421.2		800		25.0		95.0
load=95.0													
104241	42.2		9.9		4.3		417.0		800		25.0		95.0
load=95.0													
104752	42.5		9.9		4.3		420.2		800		25.0		95.0
load=95.0													
105263	42.2		9.9		4.3		418.0		800		25.0		95.0
load=95.0													
105774	42.6		9.9		4.3		421.7		800		25.0		95.0
load=95.0													
106285	41.9		9.9		4.2		414.4		800		25.0		95.0
load=95.0													
106796	42.1		9.9		4.2		416.5		800		25.0		95.0
load=95.0													
107307	42.9		9.9		4.3		424.6		800		25.0		95.0
load=95.0													
107818	41.5		9.9		4.2		410.4		800		25.0		95.0
load=95.0													
108329	43.2		9.9		4.4		427.8		800		25.0		95.0
load=95.0													
108840	42.3		9.9		4.3		418.8		800		25.0		95.0
load=95.0													
109351	42.3		9.9		4.3		419.4		800		25.0		95.0
load=95.0													
109862	41.9		9.9		4.2		415.1		800		25.0		95.0
load=95.0													
110373	42.5		9.9		4.3		421.2		800		25.0		95.0
load=95.0													
110884	42.2		9.9		4.3		418.3		800		25.0		95.0
load=95.0													
111395	42.5		9.9		4.3		421.5		800		25.0		95.0
load=95.0													
111906	42.1		9.9		4.3		416.7		800		25.0		95.0
load=95.0													
112417	42.9		9.9		4.3		424.6		800		25.0		95.0
load=93.8													
112928	42.5		9.9		4.3		419.3		800		25.0		93.8
load=95.0													
113439	42.6		9.9		4.3		422.9		800		25.0		95.0
load=95.0													
113950	42.2		9.9		4.3		417.7		800		25.0		95.0
load=95.0													
114461	42.1		9.9		4.2		416.2		800		25.0		95.0
load=95.0													
114972	42.3		9.9		4.3		419.7		800		25.0		95.0
load=95.0													
115483	41.5		9.9		4.2		410.4		800		25.0		95.0
load=95.0													
115994	41.9		9.9		4.2		415.1		800		25.0		95.0
load=95.0													
116505	42.3		9.9		4.3		419.4		800		25.0		95.0
load=95.0													
117016	42.3		9.9		4.3		418.8		800		25.0		95.0
load=95.0													
117527	42.2		9.9		4.3		418.0		800		25.0		95.0
load=95.0													
118038	41.8		9.9		4.2		413.3		800		25.0		95.0
load=95.0													
118549	41.9		9.9		4.2		414.7		800		25.0		95.0
load=95.0													
119060	41.3		9.9		4.2		409.9		800		25.0		95.0
load=95.0													
119571	42.2		9.9		4.3		418.3		800		25.0		95.0
load=95.0													
120082	42.5		9.9		4.3		420.9		800		25.0		95.0
load=95.0													
120593	42.5		9.9		4.3		419.3		799		25.0		95.0
load=93.7													
121104	42.3		9.8		4.3		416.2		793		25.0		93.7
load=95.0													
121615	41.6		9.6		4.3		400.9		779		25.0		95.0
load=92.0													
122126	42.3		9.5		4.5		400.5		764		25.0		92.0
load=89.0													
122637	42.6		9.3		4.6		396.4		749		25.0		89.0
load=92.0													
123148	41.9		9.1		4.6		380.4		735		25.0		92.0
load=89.0													
123659	42.8		8.9		4.8		380.5		719		25.0		89.0
load=86.0													
124170	42.6		8.7		4.9		372.0		705		25.0		86.0
load=83.0													
124681	42.9		8.5		5.0		366.7		690		25.0		83.0
load=86.0													
125192	41.8		8.4		5.0		349.1		677		25.0		86.0
load=83.0													
125703	42.3		8.2		5.2		347.4		660		25.0		83.0
load=80.0													
126214	42.8		8.0		5.4		341.6		646		25.0		80.0
load=83.0													
126725	42.2		7.8		5.4		329.9		631		25.0		83.0
load=86.0													
127236	42.2		7.6		5.5		322.1		617		25.0		86.0
load=83.6													
127747	43.2		7.5		5.8		323.0		603		25.0		83.6
load=86.6													
128258	41.9		7.3		5.8		303.9		586		25.0		86.6
load=89.6													
128769	42.2		7.1		6.0		298.3		572		25.0		89.6
load=92.6													
129280	42.1		6.9		6.1		289.9		557		25.0		92.6
load=95.0													
129791	41.8		6.7		6.2		281.8		544		25.0		95.0
load=95.0													
130302	42.1		6.5		6.4		275.4		528		25.0		95.0
load=92.0													
130813	42.2		6.4		6.6		268.3		513		25.0		92.0
load=89.0													
131324	42.5		6.2		6.9		262.4		498		25.0		89.0
load=92.0													
131835	41.5		6.0		6.9		247.9		483		25.0		92.0
load=89.0													
132346	42.1		5.8		7.2		244.3		469		25.0		89.0
load=86.1													
132857	42.9		5.6		7.6		241.8		453		25.0		86.1
load=89.1													
133368	42.2		5.4		7.8		229.4		439		25.0		89.1
load=86.1													
133879	42.3		5.2		8.1		221.5		424		25.0		86.1
load=89.1													
134390	41.5		5.1		8.2		210.5		410		25.0		89.1
load=88.1													
134901	43.8		4.9		8.9		216.3		398		25.0		88.1
load=91.1													
135412	42.2		4.9		8.5		208.4		399		25.0		91.1
load=89.7													
135923	43.1		5.0		8.7		214.0		400		25.0		89.7
load=92.4													
136434	42.2		5.0		8.5		209.0		400		25.0		92.4
load=91.6													
136945	42.9		5.0		8.6		213.2		400		25.0		91.6
load=93.3													
137456	42.2		4.9		8.5		208.5		400		25.0		93.3
load=92.8													
137967	42.8		5.0		8.6		211.9		400		25.0		92.8
load=92.8													
138478	42.9		5.0		8.7		212.9		400		25.0		92.8
load=93.5													
138989	42.5		5.0		8.5		211.7		400		25.0		93.5
load=94.3													
139500	42.2		5.0		8.5		209.3		400		25.0		94.3
load=95.0													
140011	42.5		5.0		8.6		210.7		400		25.0		95.0
load=95.0													
140522	41.5		5.0		8.3		206.0		400		25.0		95.0
load=95.0													
141033	42.1		5.0		8.5		208.3		400		25.0		95.0
load=95.0													
141544	42.6		5.0		8.6		212.1		400		25.0		95.0
load=94.4													
142055	42.3		5.0		8.6		209.7		400		25.0		94.4
load=94.9													
142566	42.5		5.0		8.6		210.7		400		25.0		94.9
load=95.0													
143077	42.2		5.0		8.5		209.0		400		25.0		95.0
load=95.0													
143588	41.6		4.9		8.4		205.5		400		25.0		95.0
load=95.0													
144099	42.8		4.9		8.7		211.6		400		25.0		95.0
load=95.0													
144610	42.5		4.9		8.6		209.8		400		25.0		95.0
load=95.0													
145121	42.6		5.0		8.6		211.8		400		25.0		95.0
load=95.0													
145632	43.1		4.9		8.7		212.7		400		25.0		95.0
load=95.0													
146143	43.1		5.0		8.7		214.0		400		25.0		95.0
load=95.0													
146654	42.2		4.9		8.5		208.4		400		25.0		95.0
load=95.0													
147165	42.6		4.9		8.6		210.8		400		25.0		95.0
load=95.0													
147676	42.8		5.0		8.6		211.9		400		25.0		95.0
load=95.0													
148187	43.4		5.0		8.7		215.1		400		25.0		95.0
load=95.0													
148698	42.5		5.0		8.5		211.7		400		25.0		95.0
load=95.0													
149209	42.1		4.9		8.5		207.9		400		25.0		95.0
load=95.0													
149720	42.2		5.0		8.5		209.9		400		25.0		95.0
load=95.0													
150231	42.6		5.0		8.6		211.2		400		25.0		95.0
load=95.0													
150742	42.8		5.0		8.6		212.2		400		25.0		95.0
load=95.0													
151253	42.6		5.0		8.6		211.2		400		25.0		95.0
load=95.0													
151764	42.3		5.0		8.6		209.7		400		25.0		95.0
load=95.0													
152275	42.8		5.0		8.6		212.8		400		25.0		95.0
load=95.0													
152786	42.5		5.0		8.6		211.1		400		25.0		95.0
load=95.0													
153297	43.2		5.0		8.7		214.7		400		25.0		95.0
load=95.0													
153808	42.3		4.9		8.6		209.4		400		25.0		95.0
load=95.0													
154319	43.5		5.0		8.8		215.8		400		25.0		95.0
load=95.0													
154830	42.6		5.0		8.6		211.2		400		25.0		95.0
load=95.0													
155341	42.2		5.0		8.5		209.0		400		25.0		95.0
load=95.0													
155852	43.5		4.9		8.8		215.2		400		25.0		95.0
load=95.0													
156363	42.6		5.0		8.6		211.2		400		25.0		95.0
load=95.0													
156874	42.6		5.0		8.6		211.5		400		25.0		95.0
load=95.0													
157385	42.6		5.0		8.6		212.1		400		25.0		95.0
load=95.0													
157896	42.9		5.0		8.7		212.6		400		25.0		95.0
load=95.0													
158407	42.6		5.0		8.6		211.0		400		25.0		95.0
load=95.0													
158918	42.8		5.0		8.6		212.2		400		25.0		95.0
load=95.0													
159429	42.3		4.9		8.6		209.4		400		25.0		95.0
load=95.0													
159940	42.9		5.0		8.7		212.6		400		25.0		95.0
load=95.0													
160451	41.9		5.0		8.4		208.4		400		25.0		95.0
load=95.0													
160962	42.2		5.0		8.5		209.3		400		25.0		95.0
load=95.0													
161473	42.1		5.0		8.5		209.2		400		25.0		95.0
load=95.0													
161984	43.2		5.0		8.7		214.1		400		25.0		95.0
load=95.0													
162495	43.5		5.0		8.8		215.5		400		25.0		95.0
load=95.0													
163006	42.7		5.0		8.6		211.6		400		25.0		95.0
load=95.0													
163517	42.9		5.0		8.7		212.9		400		25.0		95.0
load=95.0													
164028	43.1		5.0		8.6		214.6		400		25.0		95.0
load=95.0													
164539	43.4		5.0		8.7		216.4		400		25.0		95.0
load=95.0													
165050	43.1		5.0		8.7		214.0		400		25.0		95.0
load=95.0													
165561	42.5		5.0		8.6		211.1		400		25.0		95.0
load=95.0													
166072	43.4		5.0		8.7		216.4		400		25.0		95.0
load=95.0													
166583	43.5		5.0		8.8		215.5		400		25.0		95.0
load=95.0													
167094	42.8		5.0		8.6		212.5		400		25.0		95.0
load=95.0													
167605	43.5		4.9		8.8		215.0		400		25.0		95.0
load=95.0													
168116	42.5		5.0		8.6		210.7		400		25.0		95.0
load=95.0													
168627	43.4		5.0		8.7		215.4		400		25.0		95.0
load=95.0													
169138	42.5		5.0		8.6		210.7		400		25.0		95.0
load=95.0													
169649	42.8		5.0		8.6		212.8		400		25.0		95.0
load=95.0													
170160	42.8		5.0		8.6		212.5		400		25.0		95.0
load=95.0													
170671	43.2		5.0		8.7		215.6		400		25.0		95.0
load=95.0													
171182	43.1		5.0		8.6		214.6		400		25.0		95.0
load=95.0													
171693	42.5		5.0		8.6		210.4		400		25.0		95.0
load=95.0													
172204	42.6		5.0		8.6		212.6		401		25.0		95.0
load=95.0													
172715	43.1		5.1		8.5		217.8		407		25.0		95.0
load=92.0													
173226	42.8		5.3		8.1		224.7		422		25.0		92.0
load=95.0													
173737	43.5		5.4		8.0		235.6		436		25.0		95.0
load=95.0													
174248	43.5		5.6		7.8		243.6		451		25.0		95.0
load=95.0													
174759	44.1		5.8		7.6		255.2		466		25.0		95.0
load=93.7													
175270	42.2		6.0		7.1		251.6		481		25.0		93.7
load=90.7													
175781	42.6		6.1		7.0		261.4		495		25.0		90.7
load=93.7													
176292	43.5		6.3		6.9		275.4		510		25.0		93.7
load=90.7													
176803	42.8		6.5		6.6		278.3		525		25.0		90.7
load=87.7													
177314	42.9		6.7		6.4		286.5		540		25.0		87.7
load=84.7													
177825	42.8		6.9		6.2		294.3		555		25.0		84.7
load=81.7													
178336	42.6		7.1		6.0		301.4		569		25.0		81.7
load=78.7													
178847	42.8		7.2		5.9		309.7		584		25.0		78.7
load=81.6													
179358	44.2		7.4		6.0		328.4		599		25.0		81.6
load=78.6													
179869	42.8		7.6		5.6		326.0		614		25.0		78.6
load=75.6													
180380	42.8		7.8		5.5		333.2		628		25.0		75.6
load=72.6													
180891	42.3		8.0		5.3		337.8		643		25.0		72.6
load=70.2													
181402	41.9		8.2		5.1		342.0		657		25.0		70.2
load=73.2													
181913	42.6		8.4		5.1		356.1		673		25.0		73.2
load=76.2													
182424	43.7		8.5		5.1		372.3		688		25.0		76.2
load=79.2													
182935	43.4		8.7		5.0		377.1		702		25.0		79.2
load=76.2													
183446	42.8		8.9		4.8		380.2		717		25.0		76.2
load=73.2													
183957	42.8		9.1		4.7		388.3		732		25.0		73.2
load=76.2													
184468	43.2		9.3		4.7		400.9		747		25.0		76.2
load=73.2													
184979	42.3		9.4		4.5		399.9		761		25.0		73.2
load=76.2													
185490	43.8		9.6		4.6		420.8		776		25.0		76.2
load=73.2													
186001	43.1		9.8		4.4		421.6		790		25.0		73.2
load=70.2													
186512	42.8		9.8		4.3		421.3		793		25.0		70.2
load=68.0													
187023	42.5		9.9		4.3		419.0		795		25.0		68.0
load=70.8													
187534	43.7		9.9		4.4		431.8		798		25.0		70.8
load=73.8													
188045	43.5		9.9		4.4		432.3		800		25.0		73.8
load=76.8													
188556	43.6		9.9		4.4		433.6		800		25.0		76.8
load=76.8													
189067	42.8		9.9		4.3		425.0		800		25.0		76.8
load=76.5													
189578	42.9		9.9		4.3		426.2		800		25.0		76.5
load=73.5													
190089	43.1		9.9		4.3		428.2		800		25.0		73.5
load=74.6													
190600	44.0		9.9		4.4		435.4		800		25.0		74.6
load=75.7													
191111	42.9		9.9		4.3		425.2		800		25.0		75.7
load=77.1													
191622	43.2		9.9		4.4		427.8		800		25.0		77.1
load=78.3													
192133	44.0		9.9		4.4		435.4		800		25.0		78.3
load=79.7													
192644	43.7		9.9		4.4		432.8		800		25.0		79.7
load=82.0													
193155	43.7		9.9		4.4		434.0		800		25.0		82.0
load=83.2													
193666	43.8		9.9		4.4		434.6		800		25.0		83.2
load=84.3													
194177	42.9		9.9		4.3		426.2		800		25.0		84.3
load=85.3													
194688	43.1		9.9		4.3		427.6		800		25.0		85.3
load=86.5													
195199	42.8		9.9		4.3		424.4		800		25.0		86.5
load=87.8													
195710	42.8		9.9		4.3		424.1		800		25.0		87.8
load=89.0													
196221	42.3		9.9		4.3		419.7		800		25.0		89.0
load=89.0													
196732	42.8		9.9		4.3		425.0		800		25.0		89.0
load=90.1													
197243	43.7		9.9		4.4		433.1		800		25.0		90.1
load=91.2													
197754	43.2		9.9		4.4		428.8		800		25.0		91.2
load=92.3													
198265	43.5		9.9		4.4		431.7		800		25.0		92.3
load=93.5													
198776	42.8		9.9		4.3		424.4		800		25.0		93.5
load=94.5													
199287	42.9		9.9		4.3		426.2		800		25.0		94.5
load=95.0													
199798	42.8		9.9		4.3		424.4		800		25.0		95.0
load=95.0													
200309	43.1		9.9		4.3		427.3		800		25.0		95.0
load=95.0													
200820	44.0		9.9		4.4		436.0		800		25.0		95.0
load=95.0													
201331	43.5		9.9		4.4		432.0		800		25.0		95.0
load=95.0													
201842	43.2		9.9		4.3		429.7		800		25.0		95.0
load=95.0													
202353	43.2		9.9		4.4		428.4		800		25.0		95.0
load=95.0													
202864	43.1		9.9		4.3		427.3		800		25.0		95.0
load=95.0													
203375	43.5		9.9		4.4		432.3		800		25.0		95.0
load=95.0													
203886	43.1		9.9		4.3		427.6		800		25.0		95.0
load=95.0													
204397	42.9		9.9		4.3		426.5		800		25.0		95.0
load=95.0													
204908	44.4		9.9		4.5		440.1		800		25.0		95.0
load=95.0													
205419	42.5		9.9		4.3		420.9		800		25.0		95.0
load=95.0													
205930	44.1		9.9		4.4		438.1		800		25.0		95.0
load=95.0													
206441	42.9		9.9		4.3		425.5		800		25.0		95.0
load=95.0													
206952	43.8		9.9		4.4		434.9		800		25.0		95.0
load=95.0													
207463	43.1		9.9		4.3		428.6		800		25.0		95.0
load=95.0													
207974	43.7		9.9		4.4		433.8		800		25.0		95.0
load=95.0													
208485	43.4		9.9		4.4		430.5		800		25.0		95.0
load=95.0													
208996	44.1		9.9		4.4		438.1		800		25.0		95.0
load=95.0													
209507	43.4		9.9		4.4		430.1		800		25.0		95.0
load=95.0													
210018	43.4		9.9		4.4		430.5		800		25.0		95.0
load=95.0													
210529	43.8		9.9		4.4		434.6		800		25.0		95.0
load=95.0													
211040	44.4		9.9		4.5		441.0		800		25.0		95.0
load=95.0													
211551	43.2		9.9		4.4		428.1		800		25.0		95.0
load=95.0													
212062	43.4		9.9		4.4		430.2		800		25.0		95.0
load=95.0													
212573	44.4		9.9		4.5		441.0		800		25.0		95.0
load=95.0													
213084	43.7		9.9		4.4		433.4		800		25.0		95.0
load=95.0													
213595	43.4		9.9		4.4		430.5		800		25.0		95.0
load=95.0													
214106	43.2		9.9		4.4		429.1		800		25.0		95.0
load=95.0													
214617	43.2		9.9		4.4		429.4		800		25.0		95.0
load=95.0													
215128	44.0		9.9		4.4		436.7		800		25.0		95.0
load=95.0													
215639	43.2		9.9		4.4		429.4		800		25.0		95.0
load=95.0													
216150	43.2		9.9		4.4		429.4		800		25.0		95.0
load=95.0													
216661	43.4		9.9		4.4		430.5		800		25.0		95.0
load=95.0													
217172	42.9		9.9		4.3		426.5		800		25.0		95.0
load=95.0													
217683	42.8		9.9		4.3		424.7		800		25.0		95.0
load=95.0													
218194	43.8		9.9		4.4		434.9		800		25.0		95.0
load=95.0													
218705	43.4		9.9		4.4		430.8		800		25.0		95.0
load=95.0													
219216	43.1		9.9		4.3		428.2		800		25.0		95.0
load=95.0													
219727	43.4		9.9		4.4		431.2		800		25.0		95.0
load=95.0													
220238	43.4		10.0		4.4		431.8		800		25.0		95.0
load=95.0													
220749	43.7		9.9		4.4		432.2		799		25.0		95.0
load=95.0													
221260	43.7		9.9		4.4		431.8		796		25.0		95.0
load=95.0													
221771	43.4		9.7		4.5		421.6		781		25.0		95.0
load=95.0													
222282	42.8		9.5		4.5		407.5		767		25.0		95.0
load=92.0													
222793	43.5		9.3		4.7		405.5		752		25.0		92.0
load=90.9													
223304	44.4		9.2		4.8		406.8		737		25.0		90.9
load=93.9													
223815	43.4		9.0		4.8		388.6		722		25.0		93.9
load=92.9													
224326	45.0		8.8		5.1		395.4		708		25.0		92.9
load=95.0													
224837	43.1		8.6		5.0		371.1		693		25.0		95.0
load=95.0													
225348	43.2		8.5		5.1		365.4		679		25.0		95.0
load=92.0													
225859	43.7		8.2		5.3		359.5		663		25.0		92.0
load=95.0													
226370	43.5		8.0		5.4		350.0		648		25.0		95.0
load=95.0													
226881	42.8		7.9		5.4		337.6		634		25.0		95.0
load=95.0													
227392	43.1		7.7		5.6		330.1		619		25.0		95.0
load=92.0													
227903	43.4		7.5		5.8		325.4		603		25.0		92.0
load=95.0													
228414	43.1		7.3		5.9		315.6		589		25.0		95.0
load=92.0													
228925	43.5		7.1		6.1		310.5		574		25.0		92.0
load=89.6													
229436	44.2		7.0		6.4		308.0		560		25.0		89.6
load=88.1													
229947	45.0		6.8		6.6		304.8		546		25.0		88.1
load=91.1													
230458	44.0		6.6		6.7		289.5		530		25.0		91.1
load=94.1													
230969	43.4		6.4		6.8		277.4		515		25.0		94.1
load=95.0													
231480	43.4		6.2		6.9		270.7		501		25.0		95.0
load=95.0													
231991	43.2		6.0		7.2		260.3		486		25.0		95.0
load=95.0													
232502	43.2		5.9		7.3		255.2		471		25.0		95.0
load=92.4													
233013	44.4		5.7		7.8		252.4		456		25.0		92.4
load=95.0													
233524	43.4		5.5		7.9		238.6		442		25.0		95.0
load=95.0													
234035	43.2		5.3		8.1		230.5		427		25.0		95.0
load=92.0													
234546	44.0		5.1		8.6		225.7		413		25.0		92.0
load=89.0													
235057	43.8		4.9		8.9		215.6		396		25.0		89.0
load=92.0													
235568	42.6		4.8		8.9		203.3		382		25.0		92.0
load=89.0													
236079	43.8		4.6		9.6		200.9		368		25.0		89.0
load=92.0													
236590	42.8		4.4		9.8		187.4		353		25.0		92.0
load=95.0													
237101	43.2		4.2		10.2		182.4		339		25.0		95.0
load=95.0													
237612	42.8		4.0		10.7		171.8		323		25.0		95.0
load=92.1													
238123	44.0		3.9		11.3		171.0		311		25.0		92.1
load=95.0													
238634	43.4		3.8		11.3		166.8		309		25.0		95.0
load=95.0													
239145	43.1		3.8		11.2		165.4		307		25.0		95.0
load=93.3													
239656	43.8		3.8		11.5		167.6		305		25.0		93.3
load=91.2													
240167	44.0		3.7		11.8		164.2		299		25.0		91.2
load=92.9													
240678	42.9		3.8		11.4		161.0		300		25.0		92.9
load=91.4													
241189	43.7		3.8		11.6		164.4		300		25.0		91.4
load=90.2													
241700	43.8		3.7		11.8		163.0		300		25.0		90.2
load=93.2													
242211	43.5		3.8		11.6		163.5		300		25.0		93.2
load=95.0													
242722	43.4		3.7		11.6		162.0		300		25.0		95.0
load=95.0													
243233	43.4		3.8		11.5		163.0		300		25.0		95.0
load=95.0													
243744	43.8		3.7		11.8		163.0		300		25.0		95.0
load=95.0													
244255	42.6		3.7		11.4		159.4		300		25.0		95.0
load=95.0													
244766	42.8		3.8		11.4		160.8		300		25.0		95.0
load=95.0													
245277	43.4		3.8		11.5		163.6		300		25.0		95.0
load=95.0													
245788	43.8		3.8		11.7		164.6		300		25.0		95.0
load=94.3													
246299	43.5		3.7		11.7		162.3		300		25.0		94.3
load=94.7													
246810	42.9		3.8		11.4		161.0		300		25.0		94.7
load=95.0													
247321	43.7		3.7		11.7		163.5		300		25.0		95.0
load=95.0													
247832	44.4		3.8		11.8		166.8		300		25.0		95.0
load=95.0													
248343	44.1		3.7		11.8		165.1		300		25.0		95.0
load=95.0													
248854	43.5		3.8		11.6		163.3		300		25.0		95.0
load=95.0													
249365	43.8		3.8		11.6		165.3		300		25.0		95.0
load=94.4													
249876	43.8		3.7		11.7		164.0		300		25.0		94.4
load=94.9													
250387	43.1		3.7		11.5		161.3		300		25.0		94.9
load=95.0													
250898	42.9		3.7		11.5		160.1		300		25.0		95.0
load=95.0													
251409	43.4		3.7		11.6		162.0		300		25.0		95.0
load=95.0													
251920	43.8		3.7		11.7		163.7		300		25.0		95.0
load=95.0													
252431	43.2		3.8		11.5		162.8		300		25.0		95.0
load=95.0													
252942	43.5		3.8		11.6		163.5		300		25.0		95.0
load=95.0													
253453	43.2		3.8		11.5		162.8		300		25.0		95.0
load=95.0													
253964	43.7		3.7		11.7		163.5		300		25.0		95.0
load=95.0													
254475	44.1		3.7		11.8		164.8		300		25.0		95.0
load=95.0													
254986	43.8		3.8		11.6		165.0		300		25.0		95.0
load=95.0													
255497	44.0		3.8		11.7		165.2		300		25.0		95.0
load=95.0													
256008	43.2		3.7		11.6		161.2		300		25.0		95.0
load=95.0													
256519	43.8		3.8		11.7		164.3		300		25.0		95.0
load=95.0													
257030	43.1		3.7		11.6		160.6		300		25.0		95.0
load=95.0													
257541	44.0		3.7		11.7		164.6		300		25.0		95.0
load=95.0													
258052	43.4		3.8		11.5		163.0		300		25.0		95.0
load=95.0													
258563	42.2		3.7		11.3		158.0		300		25.0		95.0
load=95.0													
259074	43.2		3.8		11.5		162.8		300		25.0		95.0
load=95.0													
259585	44.0		3.7		11.8		164.2		300		25.0		95.0
load=95.0													
260096	43.4		3.7		11.6		162.0		300		25.0		95.0
load=95.0													
260607	43.9		3.7		11.7		164.3		300		25.0		95.0
load=94.4													
261118	43.5		3.8		11.6		163.5		300		25.0		94.4
load=94.9													
261629	43.7		3.8		11.6		163.8		300		25.0		94.9
load=95.0													
262140	44.0		3.8		11.7		165.2		300		25.0		95.0
load=95.0													
262651	42.8		3.8		11.4		160.8		300		25.0		95.0
load=95.0													
263162	44.0		3.7		11.8		164.2		300		25.0		95.0
load=95.0													
263673	44.2		3.7		11.8		165.7		300		25.0		95.0
load=95.0													
264184	43.5		3.7		11.7		162.3		300		25.0		95.0
load=95.0													
264695	43.4		3.8		11.6		162.7		300		25.0		95.0
load=95.0													
265206	43.4		3.8		11.5		163.4		300		25.0		95.0
load=95.0													
265717	44.0		3.7		11.8		163.9		300		25.0		95.0
load=95.0													
266228	43.7		3.8		11.6		163.8		300		25.0		95.0
load=95.0													
266739	44.2		3.7		11.8		165.7		300		25.0		95.0
load=95.0													
267250	43.7		3.8		11.6		163.8		300		25.0		95.0
load=95.0													
267761	44.1		3.7		11.8		164.5		300		25.0		95.0
load=95.0													
268272	42.3		3.8		11.3		158.8		300		25.0		95.0
load=95.0													
268783	43.7		3.7		11.7		163.5		300		25.0		95.0
load=95.0													
269294	44.1		3.7		11.9		164.1		300		25.0		95.0
load=95.0													
269805	43.2		3.7		11.5		162.0		300		25.0		95.0
load=95.0													
270316	43.4		3.8		11.5		163.0		300		25.0		95.0
load=95.0													
270827	44.2		3.7		11.9		165.0		300		25.0		95.0
load=95.0													
271338	43.8		3.8		11.7		164.3		300		25.0		95.0
load=95.0													
271849	43.7		3.7		11.7		162.5		300		25.0		95.0
load=95.0													
272360	43.2		3.8		11.5		162.1		300		25.0		95.0
load=95.0													
272871	43.7		3.7		11.7		163.5		300		25.0		95.0
load=95.0													
273382	44.1		3.8		11.7		165.7		300		25.0		95.0
load=95.0													
273893	43.1		3.7		11.6		160.3		300		25.0		95.0
load=95.0													
274404	44.2		3.7		11.8		165.6		300		25.0		95.0
load=95.0													
274915	44.2		3.7		11.9		165.0		300		25.0		95.0
load=95.0													
275426	44.0		3.7		11.8		164.2		300		25.0		95.0
load=95.0													
275937	43.4		3.7		11.6		162.0		300		25.0		95.0
load=95.0													
276448	43.2		3.7		11.5		161.8		300		25.0		95.0
load=95.0													
276959	44.0		3.8		11.7		165.2		300		25.0		95.0
load=95.0													
277470	43.4		3.7		11.7		161.4		300		25.0		95.0
load=93.8													
277981	43.5		3.8		11.6		163.9		300		25.0		93.8
load=94.3													
278492	42.8		3.7		11.4		160.2		300		25.0		94.3
load=94.9													
279003	44.0		3.8		11.7		165.8		300		25.0		94.9
load=95.0													
279514	43.2		3.7		11.5		161.8		300		25.0		95.0
load=93.2													
280025	43.5		3.7		11.7		161.6		300		25.0		93.2
load=93.7													
280536	44.0		3.7		11.7		164.6		301		25.0		93.7
load=92.7													
281047	43.2		3.9		11.2		166.6		308		25.0		92.7
load=95.0													
281558	44.1		4.0		10.9		178.0		323		25.0		95.0
load=92.4													
282069	43.1		4.2		10.2		182.1		338		25.0		92.4
load=89.4													
282580	43.2		4.4		9.8		190.0		352		25.0		89.4
load=92.4													
283091	44.0		4.6		9.6		200.3		367		25.0		92.4
load=89.4													
283602	43.4		4.7		9.1		205.9		382		25.0		89.4
load=92.4													
284113	43.7		5.0		8.8		216.2		398		25.0		92.4
load=95.0													
284624	44.0		5.1		8.6		225.7		412		25.0		95.0
load=95.0													
285135	44.1		5.3		8.3		234.6		426		25.0		95.0
load=92.4													
285646	42.9		5.5		7.8		235.3		441		25.0		92.4
load=89.4													
286157	43.1		5.7		7.6		244.4		456		25.0		89.4
load=86.4													
286668	42.9		5.8		7.4		250.3		471		25.0		86.4
load=89.4													
287179	43.5		6.0		7.2		262.1		485		25.0		89.4
load=86.4													
287690	43.2		6.2		6.9		269.8		500		25.0		86.4
load=83.4													
288201	42.9		6.4		6.7		275.5		514		25.0		83.4
load=86.4													
288712	44.1		6.6		6.7		289.2		530		25.0		86.4
load=89.4													
289223	43.5		6.8		6.4		293.9		545		25.0		89.4
load=92.4													
289734	43.5		7.0		6.3		302.5		559		25.0		92.4
load=89.4													
290245	43.4		7.1		6.1		309.2		574		25.0		89.4
load=86.4													
290756	43.4		7.3		5.9		318.9		590		25.0		86.4
load=89.4													
291267	43.5		7.5		5.8		325.2		604		25.0		89.4
load=92.4													
291778	43.8		7.7		5.7		337.0		618		25.0		92.4
load=89.4													
292289	43.5		7.9		5.5		341.8		633		25.0		89.4
load=86.4													
292800	42.8		8.0		5.3		344.2		647		25.0		86.4
load=83.4													
293311	42.9		8.2		5.2		353.8		664		25.0		83.4
load=86.4													
293822	43.4		8.4		5.2		364.1		678		25.0		86.4
load=89.4													
294333	44.2		8.6		5.2		379.9		693		25.0		89.4
load=92.4													
294844	44.2		8.8		5.1		387.4		707		25.0		92.4
load=89.4													
295355	43.2		9.0		4.8		387.2		723		25.0		89.4
load=86.4													
295866	43.5		9.2		4.7		399.5		738		25.0		86.4
load=83.4													
296377	43.5		9.3		4.7		405.5		751		25.0		83.4
load=80.4													
296888	43.1		9.5		4.5		409.9		766		25.0		80.4
load=77.4													
297399	42.8		9.7		4.4		414.0		780		25.0		77.4
load=74.4													
297910	42.5		9.9		4.3		420.9		797		25.0		74.4
load=77.4													
298421	43.4		9.9		4.4		430.8		800		25.0		77.4
load=80.4													
298932	43.4		9.9		4.4		430.5		800		25.0		80.4
load=79.3													
299443	42.6		9.9		4.3		424.2		800		25.0		79.3
load=76.3													
299954	42.9		9.9		4.3		425.8		800		25.0		76.3
load=79.3													
300465	43.2		9.9		4.4		429.1		800		25.0		79.3
load=81.9													
300976	43.4		9.9		4.4		431.2		800		25.0		81.9
load=83.5													
301487	43.7		9.9		4.4		433.4		800		25.0		83.5
load=84.2													
301998	42.9		9.9		4.3		426.2		800		25.0		84.2
load=86.7													
302509	43.2		9.9		4.4		428.8		800		25.0		86.7
load=88.0													
303020	44.0		9.9		4.4		436.7		800		25.0		88.0
load=89.0													
303531	42.6		9.9		4.3		423.6		800		25.0		89.0
load=90.3													
304042	42.8		9.9		4.3		424.1		800		25.0		90.3
load=90.6													
304553	42.9		9.9		4.3		426.8		800		25.0		90.6
load=92.0													
305064	42.8		9.9		4.3		424.1		800		25.0		92.0
load=93.3													
305575	43.4		9.9		4.4		430.8		800		25.0		93.3
load=94.6													
306086	42.6		9.9		4.3		422.9		800		25.0		94.6
load=95.0													
306597	43.1		9.9		4.3		427.3		800		25.0		95.0
load=95.0													
307108	43.2		9.9		4.4		428.1		800		25.0		95.0
load=95.0													
307619	43.8		9.9		4.4		434.6		800		25.0		95.0
load=95.0													
308130	42.6		9.9		4.3		421.7		800		25.0		95.0
load=93.8													
308641	43.1		9.9		4.3		428.2		800		25.0		93.8
load=94.8													
309152	43.5		9.9		4.4		431.3		800		25.0		94.8
load=95.0													
309663	43.7		9.9		4.4		432.2		800		25.0		95.0
load=95.0													
310174	43.2		9.9		4.4		428.4		800		25.0		95.0
load=95.0													
310685	42.5		9.9		4.3		421.5		800		25.0		95.0
load=95.0													
311196	43.1		9.9		4.3		427.3		800		25.0		95.0
load=95.0													
311707	42.5		9.9		4.3		421.7		800		25.0		95.0
load=95.0													
312218	42.6		9.9		4.3		423.3		800		25.0		95.0
load=95.0													
312729	42.1		9.9		4.2		416.8		800		25.0		95.0
load=95.0													
313240	43.1		9.9		4.3		427.3		800		25.0		95.0
load=95.0													
313751	42.9		9.9		4.3		425.8		800		25.0		95.0
load=95.0													
314262	42.3		9.9		4.3		418.8		800		25.0		95.0
load=95.0													
314773	42.9		9.9		4.3		425.8		800		25.0		95.0
load=95.0													
315284	42.1		9.9		4.2		416.8		800		25.0		95.0
load=95.0													
315795	43.4		9.9		4.4		430.5		800		25.0		95.0
load=95.0													
316306	43.5		9.9		4.4		432.0		800		25.0		95.0
load=95.0													
316817	42.9		9.9		4.3		426.2		800		25.0		95.0
load=95.0													
317328	43.7		9.9		4.4		432.8		800		25.0		95.0
load=95.0													
317839	43.8		9.9		4.4		435.8		800		25.0		95.0
load=95.0													
318350	43.7		9.9		4.4		432.5		800		25.0		95.0
load=95.0													
318861	43.1		9.9		4.3		427.6		800		25.0		95.0
load=95.0													
319372	42.2		9.9		4.3		417.7		800		25.0		95.0
load=95.0													
319883	42.8		9.9		4.3		424.4		800		25.0		95.0
load=95.0													
320394	42.8		9.9		4.3		423.5		800		25.0		95.0
load=95.0													
320905	43.5		9.9		4.4		431.7		800		25.0		95.0
load=95.0													
321416	42.6		9.9		4.3		422.3		800		25.0		95.0
load=95.0													
321927	42.6		9.9		4.3		422.0		800		25.0		95.0
load=94.7													
322438	42.8		9.9		4.3		424.7		800		25.0		94.7
load=95.0													
322949	42.9		9.9		4.3		425.2		800		25.0		95.0
load=95.0													
323460	42.3		9.9		4.3		420.0		800		25.0		95.0
load=95.0													
323971	42.9		9.9		4.3		426.2		800		25.0		95.0
load=95.0													
324482	43.1		9.9		4.3		427.9		800		25.0		95.0
load=95.0													
324993	42.8		9.9		4.3		424.4		800		25.0		95.0
load=95.0													
325504	42.3		9.9		4.3		419.9		800		25.0		95.0
load=95.0													
326015	42.8		9.9		4.3		423.8		800		25.0		95.0
load=95.0													
326526	43.2		9.9		4.4		428.1		800		25.0		95.0
load=95.0													
327037	42.3		9.9		4.3		419.1		800		25.0		95.0
load=95.0													
327548	42.8		9.9		4.3		423.8		800		25.0		95.0
load=95.0													
328059	42.3		9.9		4.3		420.0		800		25.0		95.0
load=95.0													
328570	43.2		9.9		4.4		428.1		800		25.0		95.0
load=95.0													
329081	42.8		9.9		4.3		424.1		800		25.0		95.0
load=95.0													
329592	42.2		9.9		4.3		418.6		800		25.0		95.0
load=95.0													
330103	43.2		9.9		4.4		428.4		800		25.0		95.0
load=95.0													
330614	42.9		9.9		4.3		424.9		800		25.0		95.0
load=95.0													
331125	42.8		9.9		4.3		424.1		800		25.0		95.0
load=95.0													
331636	42.6		9.9		4.3		422.3		800		25.0		95.0
load=95.0													
332147	43.4		9.9		4.4		429.6		800		25.0		95.0
load=95.0													
332658	42.3		9.9		4.3		419.4		800		25.0		95.0
load=95.0													
333169	42.5		9.9		4.3		419.9		800		25.0		95.0
load=95.0													
333680	43.4		9.9		4.4		430.2		800		25.0		95.0
load=95.0													
334191	42.6		9.9		4.3		421.7		800		25.0		95.0
load=95.0													
334702	42.9		9.9		4.3		426.2		800		25.0		95.0
load=95.0													
335213	43.4		9.9		4.4		429.9		800		25.0		95.0
load=95.0													
335724	43.2		9.9		4.4		428.4		800		25.0		95.0
load=95.0													
336235	42.8		9.9		4.3		424.4		800		25.0		95.0
load=95.0													
336746	42.9		9.9		4.3		425.8		800		25.0		95.0
load=95.0													
337257	42.6		9.9		4.3		421.5		800		25.0		95.0
load=95.0													
337768	42.8		9.9		4.3		424.7		800		25.0		95.0
load=95.0													
338279	43.4		9.9		4.4		430.2		800		25.0		95.0
load=95.0													
338790	43.2		9.9		4.4		428.8		800		25.0		95.0
load=95.0													
339301	42.3		9.9		4.3		419.7		800		25.0		95.0
load=95.0													
339812	42.3		9.9		4.3		420.3		800		25.0		95.0
load=95.0													
340323	42.8		9.9		4.3		424.7		800		25.0		95.0
load=95.0													
340834	42.6		9.9		4.3		423.9		800		26.0		95.0
load=95.0													
341345	43.5		10.0		4.4		433.3		800		26.0		95.0
load=95.0													
341856	42.0		10.0		4.2		420.0		800		42.0		95.0
load=95.0													
342367	39.0		10.0		3.9		390.6		800		56.0		95.0
load=95.0													
342878	38.5		10.0		3.9		385.6		800		57.0		95.0
load=95.0													
343389	38.7		10.0		3.9		387.9		800		59.0		95.0
load=95.0													
343900	39.9		10.1		4.0		400.6		800		60.0		95.0
load=95.0													
344411	38.5		10.0		3.8		385.9		800		60.0		95.0
load=95.0													
344922	38.4		10.0		3.8		384.4		800		60.0		95.0
load=95.0													
345433	37.8		10.0		3.8		379.4		800		60.0		95.0
load=95.0													
345944	38.8		10.0		3.9		389.7		800		60.0		95.0
load=95.0													
346455	39.3		10.0		3.9		393.6		800		60.0		95.0
load=95.0													
346966	39.7		10.0		4.0		398.2		800		60.0		95.0
load=95.0													
347477	38.1		10.0		3.8		381.8		800		60.0		95.0
load=95.0													
347988	37.7		10.0		3.8		376.8		800		60.0		95.0
load=95.0													
348499	38.7		10.0		3.9		388.2		800		60.0		95.0
load=95.0													
349010	39.4		10.1		3.9		396.4		800		60.0		95.0
load=95.0													
349521	39.7		10.0		4.0		398.5		800		60.0		95.0
load=95.0													
350032	37.7		10.0		3.8		377.7		800		60.0		95.0
load=95.0													
350543	37.7		10.0		3.8		376.8		800		60.0		95.0
load=95.0													
351054	38.4		10.0		3.8		385.6		800		60.0		95.0
load=95.0													
351565	39.1		10.1		3.9		393.2		800		60.0		95.0
load=95.0													
352076	38.7		10.0		3.9		388.5		800		60.0		95.0
load=95.0													
352587	38.4		10.0		3.8		384.4		800		60.0		95.0
load=95.0													
353098	38.4		10.0		3.8		384.7		800		60.0		95.0
load=95.0													
353609	39.0		10.1		3.9		392.0		800		60.0		95.0
load=95.0													
354120	38.8		10.0		3.9		390.0		800		60.0		95.0
load=95.0													
354631	39.3		10.1		3.9		395.0		800		60.0		95.0
load=95.0													
355142	38.2		10.0		3.8		383.5		800		60.0		95.0
load=95.0													
355653	38.1		10.0		3.8		381.5		800		60.0		95.0
load=95.0													
356164	38.1		10.1		3.8		383.5		800		60.0		95.0
load=95.0													
356675	39.7		10.0		4.0		398.8		800		60.0		95.0
load=95.0													
357186	39.0		10.0		3.9		390.3		800		60.0		95.0
load=95.0													
357697	38.2		10.0		3.8		383.3		800		60.0		95.0
load=95.0													
358208	37.7		10.0		3.8		376.8		800		60.0		95.0
load=95.0													
358719	38.5		10.0		3.8		386.5		800		60.0		95.0
load=95.0													
359230	38.8		10.0		3.9		390.0		800		60.0		95.0
load=95.0													
359741	38.8		10.1		3.9		390.3		800		60.0		95.0
load=95.0													
360252	38.5		10.0		3.8		386.2		800		60.0		95.0
load=95.0													
360763	38.7		10.0		3.9		388.2		800		60.0		95.0
load=95.0													
361274	39.3		10.0		3.9		394.4		800		60.0		95.0
load=95.0													
361785	40.1		10.1		4.0		403.8		800		60.0		95.0
load=95.0													
362296	38.4		10.0		3.8		384.2		800		60.0		95.0
load=95.0													
362807	37.4		10.0		3.7		373.6		800		60.0		95.0
load=95.0													
363318	37.9		10.0		3.8		380.9		800		60.0		95.0
load=95.0													
363829	38.5		10.0		3.8		386.8		800		60.0		95.0
load=95.0													
364340	40.0		10.0		4.0		401.5		800		60.0		95.0
load=95.0													
364851	38.5		10.0		3.8		386.8		800		60.0		95.0
load=95.0													
365362	38.1		10.0		3.8		381.5		800		60.0		95.0
load=95.0													
365873	38.1		10.0		3.8		382.6		800		60.0		95.0
load=95.0													
366384	39.6		10.0		3.9		397.1		800		60.0		95.0
load=95.0													
366895	38.8		10.1		3.9		390.6		800		60.0		95.0
load=95.0													
367406	38.2		10.0		3.8		383.3		800		60.0		95.0
load=95.0													
367917	37.9		10.0		3.8		380.6		800		60.0		95.0
load=95.0													
368428	38.2		10.0		3.8		383.0		800		60.0		95.0
load=95.0													
368939	39.3		10.0		3.9		393.0		800		60.0		95.0
load=95.0													
369450	38.4		10.0		3.8		385.6		800		60.0		95.0
load=95.0													
369961	37.4		10.0		3.7		375.0		800		60.0		95.0
load=95.0													
370472	37.2		10.0		3.7		372.4		800		60.0		95.0
load=95.0													
370983	37.8		10.0		3.8		379.1		800		60.0		95.0
load=95.0													
371494	38.1		10.0		3.8		382.1		800		60.0		95.0
load=95.0													
372005	39.7		10.0		4.0		398.8		800		60.0		95.0
load=95.0													
372516	37.9		10.1		3.8		381.4		800		60.0		95.0
load=95.0													
373027	38.1		10.0		3.8		381.0		800		60.0		95.0
load=95.0													
373538	38.4		10.0		3.8		385.6		800		60.0		95.0
load=95.0													
374049	39.7		10.0		4.0		398.2		800		60.0		95.0
load=95.0													
374560	39.4		10.0		3.9		395.9		800		60.0		95.0
load=95.0													
375071	38.5		10.0		3.8		386.2		800		60.0		95.0
load=95.0													
375582	37.5		10.0		3.8		374.8		800		60.0		95.0
load=95.0													
376093	37.9		10.0		3.8		380.6		800		60.0		95.0
load=95.0													
376604	39.1		10.0		3.9		392.8		800		60.0		95.0
load=95.0													
377115	39.0		10.1		3.9		391.7		800		60.0		95.0
load=95.0													
377626	38.1		10.0		3.8		382.6		800		60.0		95.0
load=95.0													
378137	37.4		10.0		3.7		373.9		800		60.0		95.0
load=95.0													
378648	38.4		10.0		3.8		384.7		800		60.0		95.0
load=95.0													
379159	39.3		10.1		3.9		395.0		800		60.0		95.0
load=95.0													
379670	38.1		10.1		3.8		383.2		800		60.0		95.0
load=95.0													
380181	38.5		10.0		3.8		387.0		800		60.0		95.0
load=95.0													
380692	37.7		10.0		3.8		377.9		800		60.0		95.0
load=95.0													
381203	37.7		10.0		3.8		377.9		800		60.0		95.0
load=95.0													
381714	39.0		10.1		3.9		392.0		800		60.0		95.0
load=95.0													
382225	38.7		10.1		3.8		389.1		800		60.0		95.0
load=95.0													
382736	38.8		10.0		3.9		389.7		800		60.0		95.0
load=95.0													
383247	37.9		10.0		3.8		380.3		800		60.0		95.0
load=95.0													
383758	38.4		10.0		3.8		385.6		800		60.0		95.0
load=95.0													
384269	39.1		10.0		3.9		392.9		800		60.0		95.0
load=95.0													
384780	37.8		10.0		3.8		379.1		800		60.0		95.0
load=95.0													
385291	38.7		10.0		3.9		387.9		800		60.0		95.0
load=94.5													
385802	38.5		10.0		3.9		385.6		800		60.0		94.5
load=95.0													
386313	38.8		10.0		3.9		389.4		800		60.0		95.0
load=95.0													
386824	38.8		10.1		3.9		390.3		800		60.0		95.0
load=95.0													
387335	38.7		10.1		3.8		388.8		800		60.0		95.0
load=95.0													
387846	38.8		10.0		3.9		388.8		800		60.0		95.0
load=95.0													
388357	38.0		10.0		3.8		380.5		800		60.0		95.0
load=95.0													
388868	37.5		10.0		3.7		376.5		800		60.0		95.0
load=95.0													
389379	39.9		10.1		4.0		400.9		800		60.0		95.0
load=95.0													
389890	39.0		10.1		3.9		392.0		800		60.0		95.0
load=95.0													
390401	38.2		10.0		3.8		383.8		800		60.0		95.0
load=95.0													
390912	38.4		10.0		3.8		385.0		800		60.0		95.0
load=95.0													
391423	39.4		10.0		3.9		395.6		800		60.0		95.0
load=95.0													
391934	39.3		10.1		3.9		395.0		800		60.0		95.0
load=95.0													
392445	38.8		10.1		3.9		390.8		800		60.0		95.0
load=95.0													
392956	38.3		10.0		3.8		383.4		800		60.0		95.0
load=95.0													
393467	38.2		10.0		3.8		383.0		800		60.0		95.0
load=95.0													
393978	39.1		10.0		3.9		391.8		800		60.0		95.0
load=95.0													
394489	39.6		10.1		3.9		397.9		800		60.0		95.0
load=95.0													
395000	39.4		10.0		3.9		395.0		800		60.0		95.0
load=95.0													
395511	37.9		10.0		3.8		380.0		800		60.0		95.0
load=95.0													
396022	38.1		10.0		3.8		381.2		800		60.0		95.0
load=95.0													
396533	39.1		10.0		3.9		392.9		800		60.0		95.0
load=95.0													
397044	39.6		10.1		3.9		397.9		800		60.0		95.0
load=95.0													
397555	38.8		10.0		3.9		390.2		800		60.0		95.0
load=95.0													
398066	38.4		10.0		3.8		384.7		800		60.0		95.0
load=95.0													
398577	37.7		10.0		3.8		377.7		800		60.0		95.0
load=95.0													
399088	39.0		10.0		3.9		391.5		800		60.0		95.0
load=95.0													
399599	39.1		10.1		3.9		393.2		800		60.0		95.0
load=95.0													
400110	39.6		10.1		3.9		397.9		800		59.0		95.0
load=95.0													
400621	38.4		10.0		3.8		383.6		800		55.0		95.0
load=95.0													
401132	40.9		10.0		4.1		407.6		800		40.0		95.0
load=95.0													
401643	42.8		9.9		4.3		424.7		800		27.0		95.0
load=95.0													
402154	42.9		10.0		4.3		427.2		800		28.0		95.0
load=95.0													
402665	42.6		9.9		4.3		422.6		800		26.0		95.0
load=95.0													
403176	41.8		9.9		4.2		414.2		800		25.0		95.0
load=95.0													
403687	42.5		9.9		4.3		420.9		800		25.0		95.0
load=95.0													
404198	42.2		9.9		4.3		417.7		800		25.0		95.0
load=95.0													
404709	42.8		9.9		4.3		425.3		800		25.0		95.0
load=95.0													
405220	44.0		9.9		4.4		436.0		800		25.0		95.0
load=95.0													
405731	43.1		9.9		4.4		425.7		800		25.0		95.0
load=95.0													
406242	43.1		9.9		4.3		427.0		800		25.0		95.0
load=95.0													
406753	44.0		9.9		4.4		436.7		800		25.0		95.0
load=95.0													
407264	43.4		9.9		4.4		431.2		800		25.0		95.0
load=95.0													
407775	43.1		9.9		4.3		427.0		800		25.0		95.0
load=95.0													
408286	41.9		9.9		4.2		414.7		800		25.0		95.0
load=95.0													
408797	42.9		9.9		4.3		424.6		800		25.0		95.0
load=95.0													
409308	42.9		9.9		4.3		426.2		800		25.0		95.0
load=95.0													
409819	43.7		9.9		4.4		433.8		800		25.0		95.0
load=95.0													
410330	42.8		9.9		4.3		425.3		800		25.0		95.0
load=95.0													
410841	41.6		9.9		4.2		411.5		800		25.0		95.0
load=95.0													
411352	42.9		9.9		4.3		424.9		800		25.0		95.0
load=95.0													
411863	43.5		9.9		4.4		431.7		800		25.0		95.0
load=95.0													
412374	44.1		9.9		4.4		438.4		800		25.0		95.0
load=95.0													
412885	44.0		9.9		4.4		436.0		800		25.0		95.0
load=95.0													
413396	41.8		9.9		4.2		413.9		800		25.0		95.0
load=95.0													
413907	42.7		9.9		4.3		422.8		800		25.0		95.0
load=95.0													
414418	43.4		9.9		4.4		430.5		800		25.0		95.0
load=95.0													
414929	44.8		9.9		4.5		445.7		800		25.0		95.0
load=95.0													
415440	42.9		9.9		4.3		426.2		800		25.0		95.0
load=95.0													
415951	42.8		9.9		4.3		423.8		800		25.0		95.0
load=95.0													
416462	42.8		9.9		4.3		423.5		800		25.0		95.0
load=95.0													
416973	43.2		9.9		4.4		428.8		800		25.0		95.0
load=95.0													
417484	43.7		9.9		4.4		434.4		800		25.0		95.0
load=95.0													
417995	42.6		9.9		4.3		423.6		800		25.0		95.0
load=95.0													
418506	42.7		9.9		4.3		422.8		800		25.0		95.0
load=95.0													
419017	43.5		9.9		4.4		430.7		800		25.0		95.0
load=95.0													
419528	43.1		9.9		4.3		427.3		800		25.0		95.0
load=95.0													
420039	43.8		9.9		4.4		435.8		800		25.0		95.0
load=95.0													
420550	43.5		9.9		4.4		432.0		800		25.0		95.0
load=95.0													
421061	43.1		9.9		4.3		427.3		800		25.0		95.0
load=95.0													
421572	42.2		9.9		4.3		418.9		800		25.0		95.0
load=95.0													
422083	42.9		9.9		4.3		426.2		800		25.0		95.0
load=95.0													
422594	43.1		9.9		4.3		427.6		800		25.0		95.0
load=95.0													
423105	42.9		9.9		4.3		426.1		800		25.0		95.0
load=95.0													
423616	42.2		9.9		4.3		417.3		800		25.0		95.0
load=95.0													
424127	42.8		9.9		4.3		424.1		800		25.0		95.0
load=95.0													
424638	42.8		9.9		4.3		424.7		800		25.0		95.0
load=95.0													
425149	43.7		9.9		4.4		433.4		800		25.0		95.0
load=95.0													
425660	42.9		9.9		4.3		426.8		800		25.0		95.0
load=95.0													
426171	42.5		9.9		4.3		420.6		800		25.0		95.0
load=95.0													
426682	41.5		9.9		4.2		410.1		800		25.0		95.0
load=95.0													
427193	44.2		9.9		4.5		439.6		800		25.0		95.0
load=95.0													
427704	42.5		9.9		4.3		422.3		800		25.0		95.0
load=95.0													
428215	42.2		9.9		4.3		417.7		800		25.0		95.0
load=95.0													
428726	43.4		9.9		4.4		428.9		800		25.0		95.0
load=95.0													
429237	42.5		9.9		4.3		420.2		800		25.0		95.0
load=95.0													
429748	43.5		9.9		4.4		431.3		800		25.0		95.0
load=95.0													
430259	44.0		9.9		4.4		436.3		800		25.0		95.0
load=95.0													
430770	43.7		9.9		4.4		433.8		800		25.0		95.0
load=95.0													
431281	42.8		9.9		4.3		423.8		800		25.0		95.0
load=95.0													
431792	43.5		9.9		4.4		431.7		800		25.0		95.0
load=95.0													
432303	43.7		9.9		4.4		433.4		800		25.0		95.0
load=95.0													
432814	43.4		9.9		4.4		430.5		800		25.0		95.0
load=95.0													
433325	42.8		9.9		4.3		424.7		800		25.0		95.0
load=95.0													
433836	42.6		9.9		4.3		421.7		800		25.0		95.0
load=95.0													
434347	42.8		9.9		4.3		423.8		800		25.0		95.0
load=95.0													
434858	43.7		9.9		4.4		434.1		800		25.0		95.0
load=95.0													
435369	44.1		9.9		4.4		438.4		800		25.0		95.0
load=95.0													
435880	42.6		9.9		4.3		422.3		800		25.0		95.0
load=95.0													
436391	42.6		9.9		4.3		422.3		800		25.0		95.0
load=95.0													
436902	42.6		9.9		4.3		421.4		800		25.0		95.0
load=95.0													
437413	43.2		10.0		4.3		430.3		800		25.0		95.0
load=95.0													
437924	42.8		9.9		4.3		425.0		800		25.0		95.0
load=95.0													
438435	43.4		9.9		4.4		430.2		800		25.0		95.0
load=95.0													
438946	42.5		9.9		4.3		419.6		800		25.0		95.0
load=95.0													
439457	42.1		9.9		4.3		417.2		800		25.0		95.0
load=95.0													
439968	44.0		9.9		4.4		436.7		800		25.0		95.0
load=95.0													
440479	43.2		9.9		4.3		429.7		800		25.0		95.0
load=95.0													
440990	42.1		9.9		4.3		415.9		800		25.0		95.0
load=95.0													
441501	42.2		9.9		4.3		417.3		800		25.0		95.0
load=95.0													
442012	42.2		9.9		4.3		418.3		800		25.0		95.0
load=95.0													
442523	42.6		9.9		4.3		423.6		800		25.0		95.0
load=95.0													
443034	44.5		9.9		4.5		442.8		800		25.0		95.0
load=95.0													
443545	42.3		9.9		4.3		419.4		800		25.0		95.0
load=95.0													
444056	42.3		9.9		4.3		418.7		800		25.0		95.0
load=95.0													
444567	43.1		9.9		4.4		426.4		800		25.0		95.0
load=95.0													
445078	43.2		9.9		4.4		429.4		800		25.0		95.0
load=95.0													
445589	43.7		9.9		4.4		432.2		800		25.0		95.0
load=95.0													
446100	42.9		9.9		4.3		426.2		800		25.0		95.0
load=95.0													
446611	42.6		9.9		4.3		422.9		800		25.0		95.0
load=95.0													
447122	43.1		9.9		4.3		426.7		800		25.0		95.0
load=95.0													
447633	43.2		9.9		4.3		429.7		800		25.0		95.0
load=95.0													
448144	43.5		9.9		4.4		432.0		800		25.0		95.0
load=95.0													
448655	42.3		9.9		4.3		419.8		800		25.0		95.0
load=95.0													
449166	42.9		9.9		4.3		424.6		800		25.0		95.0
load=95.0													
449677	42.8		9.9		4.3		423.5		800		25.0		95.0
load=95.0													
450188	44.0		9.9		4.4		436.7		800		25.0		95.0
load=95.0													
450699	42.8		9.9		4.3		425.3		800		25.0		95.0
load=95.0													
451210	42.3		9.9		4.3		420.3		800		25.0		95.0
load=95.0													
451721	41.2		9.9		4.2		408.1		800		25.0		95.0
load=95.0													
452232	41.9		9.9		4.2		414.4		800		25.0		95.0
load=95.0													
452743	44.0		9.9		4.4		436.7		800		25.0		95.0
load=95.0													
453254	42.9		9.9		4.3		426.2		800		25.0		95.0
load=95.0													
453765	42.5		9.9		4.3		420.9		800		25.0		95.0
load=95.0													
454276	41.8		9.9		4.2		413.0		800		25.0		95.0
load=95.0													
454787	44.1		9.9		4.4		437.1		800		25.0		95.0
load=95.0													
455298	43.8		9.9		4.4		434.2		800		25.0		95.0
load=95.0													
455809	43.5		9.9		4.4		431.7		800		25.0		95.0
load=95.0													
456320	43.2		9.9		4.4		427.5		800		25.0		95.0
load=95.0													
456831	41.9		9.9		4.2		415.4		800		25.0		95.0
load=95.0													
457342	42.3		9.9		4.3		419.7		800		25.0		95.0
load=95.0													
457853	43.5		9.9		4.4		432.3		800		25.0		95.0
load=95.0													
458364	43.7		9.9		4.4		434.4		800		25.0		95.0
load=94.5													
458875	43.2		9.9		4.4		428.1		800		25.0		94.5
load=95.0													
459386	42.3		9.9		4.3		419.1		800		25.0		95.0
load=95.0													
459897	42.6		9.9		4.3		422.9		800		25.0		95.0
load=95.0													
460408	43.1		9.9		4.3		427.9		800		25.0		95.0
load=95.0													
460919	43.7		9.9		4.4		433.4		800		25.0		95.0
load=95.0													
461430	42.2		9.9		4.3		418.6		800		25.0		95.0
load=95.0													
461941	42.3		9.9		4.3		420.0		800		25.0		95.0
load=95.0													
462452	43.1		9.9		4.3		427.9		800		25.0		95.0
load=95.0													
462963	43.8		9.9		4.4		435.5		800		25.0		95.0
load=95.0													
463474	43.1		9.9		4.3		427.3		800		25.0		95.0
load=95.0													
463985	42.8		9.9		4.3		423.8		800		25.0		95.0
load=95.0													
464496	41.3		9.9		4.2		409.6		800		25.0		95.0
load=95.0													
465007	42.8		9.9		4.3		425.3		800		25.0		95.0
load=95.0													
465518	43.7		9.9		4.4		432.8		800		25.0		95.0
load=95.0													
466029	42.8		9.9		4.3		425.0		800		25.0		95.0
load=95.0													
466540	42.5		9.9		4.3		420.9		800		25.0		95.0
load=95.0													
467051	42.2		9.9		4.3		418.3		800		25.0		95.0
load=95.0													
467562	42.3		9.9		4.3		419.4		800		25.0		95.0
load=95.0													
468073	44.1		9.9		4.4		437.8		800		25.0		95.0
load=95.0													
468584	43.4		9.9		4.4		430.2		800		25.0		95.0
load=95.0													
469095	42.2		9.9		4.3		417.3		800		25.0		95.0
load=95.0													
469606	42.5		9.9		4.3		420.8		800		25.0		95.0
load=95.0													
470117	43.2		9.9		4.4		429.1		800		25.0		95.0
load=95.0													
470628	43.2		10.0		4.3		430.3		800		25.0		95.0
load=95.0													
471139	43.8		9.9		4.4		434.9		800		25.0		95.0
load=95.0													
471650	42.8		9.9		4.3		424.1		800		25.0		95.0
load=95.0													
472161	42.8		9.9		4.3		423.1		800		25.0		95.0
load=95.0													
472672	43.7		9.9		4.4		433.4		800		25.0		95.0
load=95.0													
473183	43.5		9.9		4.4		432.9		800		25.0		95.0
load=95.0													
473694	43.1		9.9		4.3		427.6		800		25.0		95.0
load=95.0													
474205	42.6		9.9		4.3		420.9		800		25.0		95.0
load=95.0													
474716	41.8		9.9		4.2		413.6		800		25.0		95.0
load=95.0													
475227	44.1		9.9		4.5		436.8		800		25.0		95.0
load=95.0													
475738	44.1		9.9		4.4		437.5		800		25.0		95.0
load=95.0													
476249	42.9		9.9		4.3		425.5		800		25.0		95.0
load=95.0													
476760	43.1		9.9		4.4		426.0		800		25.0		95.0
load=95.0													
477271	41.8		9.9		4.2		413.9		800		25.0		95.0
load=95.0													
477782	41.9		9.9		4.2		415.7		800		25.0		95.0
load=95.0													
478293	44.1		9.9		4.4		437.8		800		25.0		95.0
load=95.0													
478804	42.8		9.9		4.3		424.6		800		25.0		95.0
load=95.0													
479315	43.5		9.9		4.4		430.4		800		25.0		95.0
load=95.0													
479826	41.8		9.9		4.2		413.9		800		25.0		95.0
load=95.0													
480337	43.4		9.9		4.4		429.6		800		25.0		95.0
