tiempo[ms]V_Panel[V]	I_Panel[A]	R_Carga[Ohms]	P_Panel[W]	G[W/m2]	T[°C]	Load[%]
load=50.83
535	41.3		10.4		4.0		428.3		800		25.0		50.8
load=51.03
2034	41.3		10.4		4.0		428.3		800		25.0		51.0
load=51.23
2540	41.3		10.4		4.0		428.3		800		25.0		51.2
load=51.43
3049	41.3		10.4		4.0		428.3		800		25.0		51.4
load=51.63
3558	41.3		10.4		4.0		428.3		800		25.0		51.6
load=51.83
4067	41.3		10.4		4.0		428.3		800		25.0		51.8
load=52.03
4576	41.3		10.4		4.0		428.3		800		25.0		52.0
load=52.23
5085	41.3		10.4		4.0		428.3		800		25.0		52.2
load=52.43
5594	41.3		10.4		4.0		428.3		800		25.0		52.4
load=52.63
6103	41.3		10.4		4.0		428.3		800		25.0		52.6
load=52.83
6612	41.3		10.4		4.0		428.3		800		25.0		52.8
load=53.03
7121	41.3		10.4		4.0		428.3		800		25.0		53.0
load=53.23
7630	41.3		10.4		4.0		428.3		800		25.0		53.2
load=53.43
8139	41.3		10.4		4.0		428.3		800		25.0		53.4
load=53.63
8648	41.3		10.4		4.0		428.3		800		25.0		53.6
load=53.83
9157	41.3		10.4		4.0		428.3		800		25.0		53.8
load=54.03
9666	41.3		10.4		4.0		428.3		800		25.0		54.0
load=54.23
10175	41.3		10.4		4.0		428.3		800		25.0		54.2
load=54.43
10684	41.3		10.4		4.0		428.3		800		25.0		54.4
load=54.63
11193	41.3		10.4		4.0		428.3		800		25.0		54.6
load=54.83
11702	41.3		10.4		4.0		428.3		800		25.0		54.8
load=55.03
12211	41.3		10.4		4.0		428.3		800		25.0		55.0
load=55.23
12720	41.3		10.4		4.0		428.3		800		25.0		55.2
load=55.43
13229	41.3		10.4		4.0		428.3		800		25.0		55.4
load=55.63
13738	41.3		10.4		4.0		428.3		800		25.0		55.6
load=55.83
14247	41.3		10.4		4.0		428.3		800		25.0		55.8
load=56.03
14756	41.3		10.4		4.0		428.3		800		25.0		56.0
load=56.23
15265	41.3		10.4		4.0		428.3		800		25.0		56.2
load=56.43
15774	41.3		10.4		4.0		428.3		800		25.0		56.4
load=56.63
16283	41.3		10.4		4.0		428.3		800		25.0		56.6
load=56.83
16792	41.3		10.4		4.0		428.3		800		25.0		56.8
load=57.03
17301	41.3		10.4		4.0		428.3		800		25.0		57.0
load=57.23
17810	41.3		10.4		4.0		428.3		800		25.0		57.2
load=57.43
18319	41.3		10.4		4.0		428.3		800		25.0		57.4
load=57.63
18828	41.3		10.4		4.0		428.3		800		25.0		57.6
load=57.83
19337	41.3		10.4		4.0		428.3		800		25.0		57.8
load=58.03
19846	41.3		10.4		4.0		428.3		800		25.0		58.0
load=58.23
20355	41.3		10.4		4.0		428.3		800		25.0		58.2
load=58.43
20864	41.3		10.4		4.0		428.3		800		25.0		58.4
load=58.63
21373	41.3		10.4		4.0		428.3		800		25.0		58.6
load=58.83
21882	41.3		10.4		4.0		428.3		800		25.0		58.8
load=59.03
22391	41.3		10.4		4.0		428.3		800		25.0		59.0
load=59.23
22900	41.3		10.4		4.0		428.3		800		25.0		59.2
load=59.43
23409	41.3		10.4		4.0		428.3		800		25.0		59.4
load=59.63
23918	41.3		10.4		4.0		428.3		800		25.0		59.6
load=59.83
24427	41.3		10.4		4.0		428.3		800		25.0		59.8
load=60.03
24936	41.3		10.4		4.0		428.3		800		25.0		60.0
load=60.23
25445	41.3		10.4		4.0		428.3		800		25.0		60.2
load=60.43
25954	41.3		10.4		4.0		428.3		800		25.0		60.4
load=60.63
26463	41.3		10.4		4.0		428.3		800		25.0		60.6
load=60.83
26972	41.3		10.4		4.0		428.3		800		25.0		60.8
load=61.03
27481	41.3		10.4		4.0		428.3		800		25.0		61.0
load=61.23
27990	41.3		10.4		4.0		428.3		800		25.0		61.2
load=61.43
28499	41.3		10.4		4.0		428.3		800		25.0		61.4
load=61.63
29008	41.3		10.4		4.0		428.3		800		25.0		61.6
load=61.83
29517	41.3		10.4		4.0		428.3		800		25.0		61.8
load=62.03
30026	41.3		10.4		4.0		428.3		800		25.0		62.0
load=62.23
30535	41.3		10.4		4.0		428.3		800		25.0		62.2
load=62.43
31044	41.3		10.4		4.0		428.3		800		25.0		62.4
load=62.63
31553	41.3		10.4		4.0		428.3		800		25.0		62.6
load=62.83
32062	41.3		10.4		4.0		428.3		800		25.0		62.8
load=63.03
32571	41.3		10.4		4.0		428.3		800		25.0		63.0
load=63.23
33080	41.3		10.4		4.0		428.3		800		25.0		63.2
load=63.43
33589	41.3		10.4		4.0		428.3		800		25.0		63.4
load=63.63
34098	41.3		10.4		4.0		428.3		800		25.0		63.6
load=63.83
34607	41.3		10.4		4.0		428.3		800		25.0		63.8
load=64.03
35116	41.3		10.4		4.0		428.3		800		25.0		64.0
load=64.23
35625	41.3		10.4		4.0		428.3		800		25.0		64.2
load=64.43
36134	41.3		10.4		4.0		428.3		800		25.0		64.4
load=64.63
36643	41.3		10.4		4.0		428.3		800		25.0		64.6
load=64.83
37152	41.3		10.4		4.0		428.3		800		25.0		64.8
load=65.03
37661	41.3		10.4		4.0		428.3		800		25.0		65.0
load=65.23
38170	41.3		10.4		4.0		428.3		800		25.0		65.2
load=65.43
38679	41.3		10.4		4.0		428.3		800		25.0		65.4
load=65.63
39188	41.3		10.4		4.0		428.3		800		25.0		65.6
load=65.83
39697	41.3		10.4		4.0		428.3		800		25.0		65.8
load=66.03
40206	41.3		10.4		4.0		428.3		800		25.0		66.0
load=66.23
40715	41.3		10.4		4.0		428.3		800		25.0		66.2
load=66.43
41224	41.3		10.4		4.0		428.3		800		25.0		66.4
load=66.63
41733	41.3		10.4		4.0		428.3		800		25.0		66.6
load=66.83
42242	41.3		10.4		4.0		428.3		800		25.0		66.8
load=67.03
42751	41.3		10.4		4.0		428.3		800		25.0		67.0
load=67.23
43260	41.3		10.4		4.0		428.3		800		25.0		67.2
load=67.43
43769	41.3		10.4		4.0		428.3		800		25.0		67.4
load=67.63
44278	41.3		10.4		4.0		428.3		800		25.0		67.6
load=67.83
44787	41.3		10.4		4.0		428.3		800		25.0		67.8
load=68.03
45296	41.3		10.4		4.0		428.3		800		25.0		68.0
load=68.23
45805	41.3		10.4		4.0		428.3		800		25.0		68.2
load=68.43
46314	41.3		10.4		4.0		428.3		800		25.0		68.4
load=68.63
46823	41.3		10.4		4.0		428.3		800		25.0		68.6
load=68.83
47332	41.3		10.4		4.0		428.3		800		25.0		68.8
load=69.03
47841	41.3		10.4		4.0		428.3		800		25.0		69.0
load=69.23
48350	41.3		10.4		4.0		428.3		800		25.0		69.2
load=69.43
48859	41.3		10.4		4.0		428.3		800		25.0		69.4
load=69.63
49368	41.3		10.4		4.0		428.3		800		25.0		69.6
load=69.83
49877	41.3		10.4		4.0		428.3		800		25.0		69.8
load=70.03
50386	41.3		10.4		4.0		428.3		800		25.0		70.0
load=70.23
50895	41.3		10.4		4.0		428.3		800		25.0		70.2
load=70.43
51404	41.3		10.4		4.0		428.3		800		25.0		70.4
load=70.63
51913	41.3		10.4		4.0		428.3		800		25.0		70.6
load=70.83
52422	41.3		10.4		4.0		428.3		800		25.0		70.8
load=71.03
52931	41.3		10.4		4.0		428.3		800		25.0		71.0
load=71.23
53440	41.3		10.4		4.0		428.3		800		25.0		71.2
load=71.43
53949	41.3		10.4		4.0		428.3		800		25.0		71.4
load=71.63
54458	41.3		10.4		4.0		428.3		800		25.0		71.6
load=71.83
54967	41.3		10.4		4.0		428.3		800		25.0		71.8
load=72.03
55476	41.3		10.4		4.0		428.3		800		25.0		72.0
load=72.23
55985	41.3		10.4		4.0		428.3		800		25.0		72.2
load=72.43
56494	41.3		10.4		4.0		428.3		800		25.0		72.4
load=72.63
57003	41.3		10.4		4.0		428.3		800		25.0		72.6
load=72.83
57512	41.3		10.4		4.0		428.3		800		25.0		72.8
load=73.03
58021	41.3		10.4		4.0		428.3		800		25.0		73.0
load=73.23
58530	41.3		10.4		4.0		428.3		800		25.0		73.2
load=73.43
59039	41.3		10.4		4.0		428.3		800		25.0		73.4
load=73.63
59548	41.3		10.4		4.0		428.3		800		25.0		73.6
load=73.83
60057	41.3		10.4		4.0		428.3		800		25.0		73.8
load=74.03
60566	41.3		10.4		4.0		428.3		800		25.0		74.0
load=74.23
61075	41.3		10.4		4.0		428.3		800		25.0		74.2
load=74.43
61584	41.3		10.4		4.0		428.3		800		25.0		74.4
load=74.63
62093	41.3		10.4		4.0		428.3		800		25.0		74.6
load=74.83
62602	41.3		10.4		4.0		428.3		800		25.0		74.8
load=75.03
63111	41.3		10.4		4.0		428.3		800		25.0		75.0
load=75.23
63620	41.3		10.4		4.0		428.3		800		25.0		75.2
load=75.43
64129	41.3		10.4		4.0		428.3		800		25.0		75.4
load=75.63
64638	41.3		10.4		4.0		428.3		800		25.0		75.6
load=75.83
65147	41.3		10.4		4.0		428.3		800		25.0		75.8
load=76.03
65656	41.3		10.4		4.0		428.3		800		25.0		76.0
load=76.23
66165	41.3		10.4		4.0		428.3		800		25.0		76.2
load=76.43
66674	41.3		10.4		4.0		428.3		800		25.0		76.4
load=76.63
67183	41.3		10.4		4.0		428.3		800		25.0		76.6
load=76.83
67692	41.3		10.4		4.0		428.3		800		25.0		76.8
load=77.03
68201	41.3		10.4		4.0		428.3		800		25.0		77.0
load=77.23
68710	41.3		10.4		4.0		428.3		800		25.0		77.2
load=77.43
69219	41.3		10.4		4.0		428.3		800		25.0		77.4
load=77.63
69728	41.3		10.4		4.0		428.3		800		25.0		77.6
load=77.83
70237	41.3		10.4		4.0		428.3		800		25.0		77.8
load=78.03
70746	41.3		10.4		4.0		428.3		800		25.0		78.0
load=78.23
71255	41.3		10.4		4.0		428.3		800		25.0		78.2
load=78.43
71764	41.3		10.4		4.0		428.3		800		25.0		78.4
load=78.63
72273	41.3		10.4		4.0		428.3		800		25.0		78.6
load=78.83
72782	41.3		10.4		4.0		428.3		800		25.0		78.8
load=79.03
73291	41.3		10.4		4.0		428.3		800		25.0		79.0
load=79.23
73800	41.3		10.4		4.0		428.3		800		25.0		79.2
load=79.43
74309	41.3		10.4		4.0		428.3		800		25.0		79.4
load=79.63
74818	41.3		10.4		4.0		428.3		800		25.0		79.6
load=79.83
75327	41.3		10.4		4.0		428.3		800		25.0		79.8
load=80.03
75836	41.3		10.4		4.0		428.3		800		25.0		80.0
load=80.23
76345	41.3		10.4		4.0		428.3		800		25.0		80.2
load=80.43
76854	41.3		10.4		4.0		428.3		800		25.0		80.4
load=80.63
77363	41.3		10.4		4.0		428.3		800		25.0		80.6
load=80.83
77872	41.3		10.4		4.0		428.3		800		25.0		80.8
load=81.03
78381	41.3		10.4		4.0		428.3		800		25.0		81.0
load=81.23
78890	41.3		10.4		4.0		428.3		800		25.0		81.2
load=81.43
79399	41.3		10.4		4.0		428.3		800		25.0		81.4
load=81.63
79908	41.3		10.4		4.0		428.3		800		25.0		81.6
load=81.83
80417	41.3		10.4		4.0		428.3		800		25.0		81.8
load=82.03
80926	41.3		10.4		4.0		428.3		800		25.0		82.0
load=82.23
81435	41.3		10.4		4.0		428.3		800		25.0		82.2
load=82.43
81944	41.3		10.4		4.0		428.3		800		25.0		82.4
load=82.63
82453	41.3		10.4		4.0		428.3		800		25.0		82.6
load=82.83
82962	41.3		10.4		4.0		428.3		800		25.0		82.8
load=83.03
83471	41.3		10.4		4.0		428.3		800		25.0		83.0
load=83.23
83980	41.3		10.4		4.0		428.3		800		25.0		83.2
load=83.43
84489	41.3		10.4		4.0		428.3		800		25.0		83.4
load=83.63
84998	41.3		10.4		4.0		428.3		800		25.0		83.6
load=83.83
85507	41.3		10.4		4.0		428.3		800		25.0		83.8
load=84.03
86016	41.3		10.4		4.0		428.3		800		25.0		84.0
load=84.23
86525	41.3		10.4		4.0		428.3		800		25.0		84.2
load=84.43
87034	41.3		10.4		4.0		428.3		800		25.0		84.4
load=84.63
87543	41.3		10.4		4.0		428.3		800		25.0		84.6
load=84.83
88052	41.3		10.4		4.0		428.3		800		25.0		84.8
load=85.03
88561	41.3		10.4		4.0		428.3		800		25.0		85.0
load=85.23
89070	41.3		10.4		4.0		428.3		800		25.0		85.2
load=85.43
89579	41.3		10.4		4.0		428.3		800		25.0		85.4
load=85.63
90088	41.3		10.4		4.0		428.3		800		25.0		85.6
load=85.83
90597	41.3		10.4		4.0		428.3		800		25.0		85.8
load=86.03
91106	41.3		10.4		4.0		428.3		800		25.0		86.0
load=86.23
91615	41.3		10.4		4.0		428.3		800		25.0		86.2
load=86.43
92124	41.3		10.4		4.0		428.3		800		25.0		86.4
load=86.63
92633	41.3		10.4		4.0		428.3		800		25.0		86.6
load=86.83
93142	41.3		10.4		4.0		428.3		800		25.0		86.8
load=87.03
93651	41.3		10.4		4.0		428.3		800		25.0		87.0
load=87.23
94160	41.3		10.4		4.0		428.3		800		25.0		87.2
load=87.43
94669	41.3		10.4		4.0		428.3		800		25.0		87.4
load=87.63
95178	41.3		10.4		4.0		428.3		800		25.0		87.6
load=87.83
95687	41.3		10.4		4.0		428.3		800		25.0		87.8
load=88.03
96196	41.3		10.4		4.0		428.3		800		25.0		88.0
load=88.23
96705	41.3		10.4		4.0		428.3		800		25.0		88.2
load=88.43
97214	41.3		10.4		4.0		428.3		800		25.0		88.4
load=88.63
97723	41.3		10.4		4.0		428.3		800		25.0		88.6
load=88.83
98232	41.3		10.4		4.0		428.3		800		25.0		88.8
load=89.03
98741	41.3		10.4		4.0		428.3		800		25.0		89.0
load=89.23
99250	41.3		10.4		4.0		428.3		800		25.0		89.2
load=89.43
99759	41.3		10.4		4.0		428.3		800		25.0		89.4
load=89.63
100268	41.3		10.4		4.0		428.3		800		25.0		89.6
load=89.83
100777	41.3		10.4		4.0		428.3		800		25.0		89.8
load=90.03
101286	41.3		10.4		4.0		428.3		800		25.0		90.0
load=90.23
101795	41.3		10.4		4.0		428.3		800		25.0		90.2
load=90.43
102304	41.3		10.4		4.0		428.3		800		25.0		90.4
load=90.63
102813	41.3		10.4		4.0		428.3		800		25.0		90.6
load=90.83
103322	41.3		10.4		4.0		428.3		800		25.0		90.8
load=91.03
103831	41.3		10.4		4.0		428.3		800		25.0		91.0
load=91.23
104340	41.3		10.4		4.0		428.3		800		25.0		91.2
load=91.43
104849	41.3		10.4		4.0		428.3		800		25.0		91.4
load=91.63
105358	41.3		10.4		4.0		428.3		800		25.0		91.6
load=91.83
105867	41.3		10.4		4.0		428.3		800		25.0		91.8
load=92.03
106376	41.3		10.4		4.0		428.3		800		25.0		92.0
load=92.23
106885	41.3		10.4		4.0		428.3		800		25.0		92.2
load=92.43
107394	41.3		10.4		4.0		428.3		800		25.0		92.4
load=92.63
107903	41.3		10.4		4.0		428.3		800		25.0		92.6
load=92.83
108412	41.3		10.4		4.0		428.3		800		25.0		92.8
load=93.03
108921	41.3		10.4		4.0		428.3		800		25.0		93.0
load=93.23
109430	41.3		10.4		4.0		428.3		800		25.0		93.2
load=93.43
109939	41.3		10.4		4.0		428.3		800		25.0		93.4
load=93.63
110448	41.3		10.4		4.0		428.3		800		25.0		93.6
load=93.83
110957	41.3		10.4		4.0		428.3		800		25.0		93.8
load=94.03
111466	41.3		10.4		4.0		428.3		800		25.0		94.0
load=94.23
111975	41.3		10.4		4.0		428.3		800		25.0		94.2
load=94.43
112484	41.3		10.4		4.0		428.3		800		25.0		94.4
load=94.63
112993	41.3		10.4		4.0		428.3		800		25.0		94.6
load=94.83
113502	41.3		10.4		4.0		428.3		800		25.0		94.8
load=95.03
114011	41.3		10.4		4.0		428.3		800		25.0		95.0
load=95.23
114520	41.3		10.4		4.0		428.3		800		25.0		95.2
load=95.43
115029	41.3		10.4		4.0		428.3		800		25.0		95.4
load=95.63
115538	41.3		10.4		4.0		428.3		800		25.0		95.6
load=95.83
116047	41.3		10.4		4.0		428.3		800		25.0		95.8
load=96.03
116556	41.3		10.4		4.0		428.3		800		25.0		96.0
load=96.23
117065	41.3		10.4		4.0		428.3		800		25.0		96.2
load=96.43
117574	41.3		10.4		4.0		428.3		800		25.0		96.4
load=96.63
118083	41.3		10.4		4.0		428.3		800		25.0		96.6
load=96.83
118592	41.3		10.4		4.0		428.3		800		25.0		96.8
load=97.03
119101	41.3		10.4		4.0		428.3		800		25.0		97.0
load=96.83
119610	41.3		10.4		4.0		428.0		799		25.0		96.8
load=96.63
120119	41.3		10.4		4.0		428.0		799		25.0		96.6
load=96.43
120628	41.3		10.4		4.0		428.0		799		25.0		96.4
load=96.63
121137	41.3		10.3		4.0		427.4		798		25.0		96.6
load=96.43
121646	41.3		10.2		4.1		421.1		786		25.0		96.4
load=96.63
122155	41.3		10.0		4.1		412.9		771		25.0		96.6
load=96.43
122664	41.3		9.8		4.2		404.7		756		25.0		96.4
load=96.63
123173	41.3		9.6		4.3		397.4		742		25.0		96.6
load=96.43
123682	41.3		9.4		4.4		389.3		727		25.0		96.4
load=96.63
124191	41.3		9.2		4.5		381.4		712		25.0		96.6
load=96.43
124700	41.3		9.0		4.6		373.8		697		25.0		96.4
load=96.63
125209	41.3		8.8		4.7		365.4		682		25.0		96.6
load=96.43
125718	41.3		8.7		4.8		357.8		668		25.0		96.4
load=96.63
126227	41.3		8.5		4.9		349.6		653		25.0		96.6
load=96.43
126736	41.3		8.3		5.0		342.1		639		25.0		96.4
load=96.63
127245	41.3		8.1		5.1		334.2		624		25.0		96.6
load=96.43
127754	41.3		7.9		5.2		326.0		609		25.0		96.4
load=96.63
128263	41.3		7.7		5.4		318.1		594		25.0		96.6
load=96.43
128772	41.3		7.5		5.5		310.0		579		25.0		96.4
load=96.63
129281	41.3		7.3		5.6		302.7		565		25.0		96.6
load=96.43
129790	41.3		7.1		5.8		295.1		551		25.0		96.4
load=96.63
130299	41.3		7.0		5.9		287.6		536		25.0		96.6
load=96.43
130808	41.3		6.7		6.1		278.5		520		25.0		96.4
load=96.63
131317	41.3		6.6		6.3		270.9		506		25.0		96.6
load=96.43
131826	41.3		6.4		6.5		263.0		491		25.0		96.4
load=96.63
132335	41.3		6.2		6.7		256.1		478		25.0		96.6
load=96.43
132844	41.3		6.0		6.9		247.9		463		25.0		96.4
load=96.63
133353	41.3		5.8		7.1		238.8		446		25.0		96.6
load=96.43
133862	41.3		5.6		7.4		231.3		432		25.0		96.4
load=96.63
134371	41.3		5.4		7.6		223.4		417		25.0		96.6
load=96.43
134880	41.3		5.2		7.9		216.7		405		25.0		96.4
load=96.63
135389	41.3		5.2		7.9		215.8		403		25.0		96.6
load=96.43
135898	41.3		5.2		8.0		214.3		400		25.0		96.4
load=96.63
136407	41.3		5.2		8.0		213.7		399		25.0		96.6
load=96.83
136916	41.3		5.2		8.0		214.3		400		25.0		96.8
load=97.03
137425	41.3		5.2		8.0		214.3		400		25.0		97.0
load=97.23
137934	41.3		5.2		8.0		214.3		400		25.0		97.2
load=97.43
138443	41.3		5.2		8.0		214.3		400		25.0		97.4
load=97.63
138952	41.3		5.2		8.0		214.3		400		25.0		97.6
load=97.83
139461	41.3		5.2		8.0		214.3		400		25.0		97.8
load=98.03
139970	41.3		5.2		8.0		214.3		400		25.0		98.0
load=98.23
140479	41.3		5.2		8.0		214.3		400		25.0		98.2
load=98.43
140988	41.3		5.2		8.0		214.3		400		25.0		98.4
load=98.63
141497	41.3		5.2		8.0		214.3		400		25.0		98.6
load=98.83
142006	41.3		5.2		8.0		214.3		400		25.0		98.8
load=99.03
142515	41.3		5.2		8.0		214.3		400		25.0		99.0
load=99.23
143024	41.3		5.2		8.0		214.3		400		25.0		99.2
load=99.43
143533	41.3		5.2		8.0		214.3		400		25.0		99.4
load=99.63
144042	41.3		5.2		8.0		214.3		400		25.0		99.6
load=99.83
144551	41.3		5.2		8.0		214.3		400		25.0		99.8
load=100.00
145060	41.3		5.2		8.0		214.3		400		25.0		100.0
load=100.00
145569	41.3		5.2		8.0		214.3		400		25.0		100.0
load=100.00
146078	41.3		5.2		8.0		214.3		400		25.0		100.0
load=100.00
146587	41.3		5.2		8.0		214.3		400		25.0		100.0
load=100.00
147096	41.3		5.2		8.0		214.3		400		25.0		100.0
load=100.00
147605	41.3		5.2		8.0		214.3		400		25.0		100.0
load=100.00
148114	41.3		5.2		8.0		214.3		400		25.0		100.0
load=100.00
148623	41.3		5.2		8.0		214.3		400		25.0		100.0
load=100.00
149132	41.3		5.2		8.0		214.3		400		25.0		100.0
load=100.00
149641	41.3		5.2		8.0		214.3		400		25.0		100.0
load=100.00
150150	41.3		5.2		8.0		214.3		400		25.0		100.0
load=100.00
150659	41.3		5.2		8.0		214.3		400		25.0		100.0
load=100.00
151168	41.3		5.2		8.0		214.3		400		25.0		100.0
load=100.00
151677	41.3		5.2		8.0		214.3		400		25.0		100.0
load=100.00
152186	41.3		5.2		8.0		214.3		400		25.0		100.0
load=100.00
152695	41.3		5.2		8.0		214.3		400		25.0		100.0
load=100.00
153204	41.3		5.2		8.0		214.3		400		25.0		100.0
load=100.00
153713	41.3		5.2		8.0		214.3		400		25.0		100.0
load=100.00
154222	41.3		5.2		8.0		214.3		400		25.0		100.0
load=100.00
154731	41.3		5.2		8.0		214.3		400		25.0		100.0
load=100.00
155240	41.3		5.2		8.0		214.3		400		25.0		100.0
load=100.00
155749	41.3		5.2		8.0		214.3		400		25.0		100.0
load=100.00
156258	41.3		5.2		8.0		214.3		400		25.0		100.0
load=100.00
156767	41.3		5.2		8.0		214.3		400		25.0		100.0
load=100.00
157276	41.3		5.2		8.0		214.3		400		25.0		100.0
load=100.00
157785	41.3		5.2		8.0		214.3		400		25.0		100.0
load=100.00
158294	41.3		5.2		8.0		214.3		400		25.0		100.0
load=100.00
158803	41.3		5.2		8.0		214.3		400		25.0		100.0
load=100.00
159312	41.3		5.2		8.0		214.3		400		25.0		100.0
load=100.00
159821	41.3		5.2		8.0		214.3		400		25.0		100.0
load=100.00
160330	41.3		5.2		8.0		214.3		400		25.0		100.0
load=100.00
160839	41.3		5.2		8.0		214.3		400		25.0		100.0
load=100.00
161348	41.3		5.2		8.0		214.3		400		25.0		100.0
load=100.00
161857	41.3		5.2		8.0		214.3		400		25.0		100.0
load=100.00
162366	41.3		5.2		8.0		214.3		400		25.0		100.0
load=100.00
162875	41.3		5.2		8.0		214.3		400		25.0		100.0
load=100.00
163384	41.3		5.2		8.0		214.3		400		25.0		100.0
load=100.00
163893	41.3		5.2		8.0		214.3		400		25.0		100.0
load=100.00
164402	41.3		5.2		8.0		214.3		400		25.0		100.0
load=100.00
164911	41.3		5.2		8.0		214.3		400		25.0		100.0
load=100.00
165420	41.3		5.2		8.0		214.3		400		25.0		100.0
load=100.00
165929	41.3		5.2		8.0		214.3		400		25.0		100.0
load=100.00
166438	41.3		5.2		8.0		214.3		400		25.0		100.0
load=100.00
166947	41.3		5.2		8.0		214.3		400		25.0		100.0
load=100.00
167456	41.3		5.2		8.0		214.3		400		25.0		100.0
load=100.00
167965	41.3		5.2		8.0		214.3		400		25.0		100.0
load=100.00
168474	41.3		5.2		8.0		214.3		400		25.0		100.0
load=100.00
168983	41.3		5.2		8.0		214.3		400		25.0		100.0
load=100.00
169492	41.3		5.2		8.0		214.3		400		25.0		100.0
load=100.00
170001	41.3		5.2		8.0		214.3		400		25.0		100.0
load=100.00
170510	41.3		5.2		8.0		214.3		400		25.0		100.0
load=100.00
171019	41.3		5.2		8.0		214.6		401		25.0		100.0
load=100.00
171528	41.3		5.2		7.9		215.2		402		25.0		100.0
load=100.00
172037	41.3		5.4		7.6		223.4		417		25.0		100.0
load=100.00
172546	41.3		5.6		7.4		230.7		431		25.0		100.0
load=100.00
173055	41.3		5.8		7.1		239.4		447		25.0		100.0
load=100.00
173564	41.3		6.0		6.9		247.3		462		25.0		100.0
load=100.00
174073	41.3		6.2		6.7		254.9		476		25.0		100.0
load=100.00
174582	41.3		6.4		6.5		263.0		491		25.0		100.0
load=100.00
175091	41.3		6.5		6.3		270.0		504		25.0		100.0
load=100.00
175600	41.3		6.7		6.1		278.0		521		25.0		100.0
load=100.00
176109	41.3		6.9		6.0		286.4		535		25.0		100.0
load=100.00
176618	41.3		7.1		5.8		294.5		550		25.0		100.0
load=100.00
177127	41.3		7.3		5.6		302.7		565		25.0		100.0
load=100.00
177636	41.3		7.5		5.5		310.0		579		25.0		100.0
load=100.00
178145	41.3		7.7		5.4		317.5		593		25.0		100.0
load=100.00
178654	41.3		7.9		5.2		326.0		609		25.0		100.0
load=100.00
179163	41.3		8.1		5.1		334.2		624		25.0		100.0
load=100.00
179672	41.3		8.3		5.0		341.7		638		25.0		100.0
load=100.00
180181	41.3		8.4		4.9		349.0		652		25.0		100.0
load=100.00
180690	41.3		8.6		4.8		357.2		667		25.0		100.0
load=100.00
181199	41.3		8.8		4.7		364.8		682		25.0		100.0
load=100.00
181708	41.3		9.0		4.6		373.8		698		25.0		100.0
load=100.00
182217	41.3		9.2		4.5		380.8		711		25.0		100.0
load=100.00
182726	41.3		9.4		4.4		388.7		726		25.0		100.0
load=100.00
183235	41.3		9.6		4.3		396.2		740		25.0		100.0
load=100.00
183744	41.3		9.8		4.2		404.4		755		25.0		100.0
load=100.00
184253	41.3		10.0		4.1		412.9		771		25.0		100.0
load=100.00
184762	41.3		10.2		4.1		421.1		786		25.0		100.0
load=100.00
185271	41.3		10.4		4.0		428.3		800		25.0		100.0
load=100.00
185780	41.3		10.5		3.9		435.9		814		25.0		100.0
load=99.80
186289	41.3		10.5		3.9		435.3		813		25.0		99.8
load=100.00
186798	41.3		10.5		3.9		433.8		810		25.0		100.0
load=99.80
187307	41.3		10.5		3.9		432.3		807		25.0		99.8
load=100.00
187816	41.3		10.4		4.0		431.7		806		25.0		100.0
load=99.80
188325	41.3		10.4		4.0		430.4		804		25.0		99.8
load=100.00
188834	41.3		10.4		4.0		430.1		803		25.0		100.0
load=99.80
189343	41.3		10.4		4.0		429.5		802		25.0		99.8
load=99.60
189852	41.3		10.4		4.0		429.5		802		25.0		99.6
load=99.40
190361	41.3		10.4		4.0		429.5		802		25.0		99.4
load=99.20
190870	41.3		10.4		4.0		429.5		802		25.0		99.2
load=99.00
191379	41.3		10.4		4.0		429.5		802		25.0		99.0
load=99.20
191888	41.3		10.4		4.0		428.3		800		25.0		99.2
load=99.40
192397	41.3		10.4		4.0		428.3		800		25.0		99.4
load=99.60
192906	41.3		10.4		4.0		428.3		800		25.0		99.6
load=99.80
193415	41.3		10.4		4.0		428.3		800		25.0		99.8
load=100.00
193924	41.3		10.4		4.0		428.3		800		25.0		100.0
load=100.00
194433	41.3		10.4		4.0		428.3		800		25.0		100.0
load=100.00
194942	41.3		10.4		4.0		428.3		800		25.0		100.0
load=100.00
195451	41.3		10.4		4.0		428.3		800		25.0		100.0
load=100.00
195960	41.3		10.4		4.0		428.3		800		25.0		100.0
load=100.00
196469	41.3		10.4		4.0		428.3		800		25.0		100.0
load=100.00
196978	41.3		10.4		4.0		428.3		800		25.0		100.0
load=100.00
197487	41.3		10.4		4.0		428.3		800		25.0		100.0
load=100.00
197996	41.3		10.4		4.0		428.3		800		25.0		100.0
load=100.00
198505	41.3		10.4		4.0		428.3		800		25.0		100.0
load=100.00
199014	41.3		10.4		4.0		428.3		800		25.0		100.0
load=100.00
199523	41.3		10.4		4.0		428.9		801		25.0		100.0
load=99.80
200032	41.3		10.4		4.0		428.3		800		25.0		99.8
load=99.60
200541	41.3		10.4		4.0		428.3		800		25.0		99.6
load=99.40
201050	41.3		10.4		4.0		428.3		800		25.0		99.4
load=99.20
201559	41.3		10.4		4.0		428.3		800		25.0		99.2
load=99.00
202068	41.3		10.4		4.0		428.3		800		25.0		99.0
load=98.80
202577	41.3		10.4		4.0		428.3		800		25.0		98.8
load=98.60
203086	41.3		10.4		4.0		428.3		800		25.0		98.6
load=98.40
203595	41.3		10.4		4.0		428.3		800		25.0		98.4
load=98.20
204104	41.3		10.4		4.0		428.3		800		25.0		98.2
load=98.00
204613	41.3		10.4		4.0		428.3		800		25.0		98.0
load=97.80
205122	41.3		10.4		4.0		428.3		800		25.0		97.8
load=97.60
205631	41.3		10.4		4.0		428.3		800		25.0		97.6
load=97.40
206140	41.3		10.4		4.0		428.3		800		25.0		97.4
load=97.20
206649	41.3		10.4		4.0		428.3		800		25.0		97.2
load=97.00
207158	41.3		10.4		4.0		428.3		800		25.0		97.0
load=96.80
207667	41.3		10.4		4.0		428.3		800		25.0		96.8
load=96.60
208176	41.3		10.4		4.0		428.3		800		25.0		96.6
load=96.40
208685	41.3		10.4		4.0		428.3		800		25.0		96.4
load=96.20
209194	41.3		10.4		4.0		428.3		800		25.0		96.2
load=96.00
209703	41.3		10.4		4.0		428.3		800		25.0		96.0
load=95.80
210212	41.3		10.4		4.0		428.3		800		25.0		95.8
load=95.60
210721	41.3		10.4		4.0		428.3		800		25.0		95.6
load=95.40
211230	41.3		10.4		4.0		428.3		800		25.0		95.4
load=95.20
211739	41.3		10.4		4.0		428.3		800		25.0		95.2
load=95.00
212248	41.3		10.4		4.0		428.3		800		25.0		95.0
load=94.80
212757	41.3		10.4		4.0		428.3		800		25.0		94.8
load=94.60
213266	41.3		10.4		4.0		428.3		800		25.0		94.6
load=94.40
213775	41.3		10.4		4.0		428.3		800		25.0		94.4
load=94.20
214284	41.3		10.4		4.0		428.3		800		25.0		94.2
load=94.00
214793	41.3		10.4		4.0		428.3		800		25.0		94.0
load=93.80
215302	41.3		10.4		4.0		428.3		800		25.0		93.8
load=93.60
215811	41.3		10.4		4.0		428.3		800		25.0		93.6
load=93.40
216320	41.3		10.4		4.0		428.3		800		25.0		93.4
load=93.20
216829	41.3		10.4		4.0		428.3		800		25.0		93.2
load=93.00
217338	41.3		10.4		4.0		428.3		800		25.0		93.0
load=92.80
217847	41.3		10.4		4.0		428.3		800		25.0		92.8
load=92.60
218356	41.3		10.4		4.0		428.3		800		25.0		92.6
load=92.40
218865	41.3		10.4		4.0		428.3		800		25.0		92.4
load=92.20
219374	41.3		10.4		4.0		428.3		800		25.0		92.2
load=92.00
219883	41.3		10.4		4.0		428.3		800		25.0		92.0
load=91.80
220392	41.3		10.4		4.0		428.3		800		25.0		91.8
load=91.60
220901	41.3		10.4		4.0		428.3		800		25.0		91.6
load=91.80
221410	41.3		10.4		4.0		428.0		799		25.0		91.8
load=91.60
221919	41.3		10.3		4.0		424.7		793		25.0		91.6
load=91.80
222428	41.3		10.1		4.1		417.1		779		25.0		91.8
load=91.60
222937	41.3		9.9		4.2		409.3		764		25.0		91.6
load=91.80
223446	41.3		9.7		4.3		401.1		749		25.0		91.8
load=91.60
223955	41.3		9.5		4.3		392.6		733		25.0		91.6
load=91.80
224464	41.3		9.3		4.4		385.0		719		25.0		91.8
load=91.60
224973	41.3		9.1		4.5		377.5		705		25.0		91.6
load=91.80
225482	41.3		8.9		4.6		369.6		690		25.0		91.8
load=91.60
225991	41.3		8.8		4.7		362.0		676		25.0		91.6
load=91.80
226500	41.3		8.6		4.8		353.8		659		25.0		91.8
load=91.60
227009	41.3		8.4		4.9		345.4		645		25.0		91.6
load=91.80
227518	41.3		8.2		5.1		337.8		631		25.0		91.8
load=91.60
228027	41.3		8.0		5.2		329.9		616		25.0		91.6
load=91.80
228536	41.3		7.8		5.3		322.4		602		25.0		91.8
load=91.60
229045	41.3		7.6		5.4		314.2		587		25.0		91.6
load=91.80
229554	41.3		7.4		5.6		305.7		571		25.0		91.8
load=91.60
230063	41.3		7.2		5.7		298.2		557		25.0		91.6
load=91.80
230572	41.3		7.0		5.9		290.9		543		25.0		91.8
load=91.60
231081	41.3		6.8		6.0		282.7		528		25.0		91.6
load=91.80
231590	41.3		6.7		6.2		275.2		514		25.0		91.8
load=91.60
232099	41.3		6.5		6.4		267.3		498		25.0		91.6
load=91.80
232608	41.3		6.3		6.6		258.5		483		25.0		91.8
load=91.60
233117	41.3		6.1		6.8		251.2		469		25.0		91.6
load=91.80
233626	41.3		5.9		7.0		243.1		454		25.0		91.8
load=91.60
234135	41.3		5.7		7.2		235.5		440		25.0		91.6
load=91.80
234644	41.3		5.5		7.5		227.6		425		25.0		91.8
load=91.60
235153	41.3		5.3		7.8		219.2		409		25.0		91.6
load=91.80
235662	41.3		5.1		8.1		211.0		394		25.0		91.8
load=91.60
236171	41.3		4.9		8.4		203.4		380		25.0		91.6
load=91.80
236680	41.3		4.7		8.7		195.8		366		25.0		91.8
load=91.60
237189	41.3		4.5		9.1		188.0		351		25.0		91.6
load=91.80
237698	41.3		4.4		9.5		180.4		337		25.0		91.8
load=91.60
238207	41.3		4.1		10.0		171.3		320		25.0		91.6
load=91.80
238716	41.3		4.1		10.0		170.4		318		25.0		91.8
load=91.60
239225	41.3		4.1		10.1		168.6		315		25.0		91.6
load=91.80
239734	41.3		4.1		10.2		167.7		313		25.0		91.8
load=91.60
240243	41.3		4.0		10.3		165.9		310		25.0		91.6
load=91.80
240752	41.3		4.0		10.4		164.4		307		25.0		91.8
load=91.60
241261	41.3		3.9		10.5		162.9		304		25.0		91.6
load=91.80
241770	41.3		3.9		10.5		162.2		303		25.0		91.8
load=91.60
242279	41.3		3.9		10.6		161.6		302		25.0		91.6
load=91.80
242788	41.3		3.9		10.6		160.7		300		25.0		91.8
load=92.00
243297	41.3		3.9		10.6		160.7		300		25.0		92.0
load=92.20
243806	41.3		3.9		10.6		160.7		300		25.0		92.2
load=92.40
244315	41.3		3.9		10.6		160.7		300		25.0		92.4
load=92.60
244824	41.3		3.9		10.6		160.7		300		25.0		92.6
load=92.80
245333	41.3		3.9		10.6		160.7		300		25.0		92.8
load=93.00
245842	41.3		3.9		10.6		160.7		300		25.0		93.0
load=93.20
246351	41.3		3.9		10.6		160.7		300		25.0		93.2
load=93.40
246860	41.3		3.9		10.6		160.7		300		25.0		93.4
load=93.60
247369	41.3		3.9		10.6		160.7		300		25.0		93.6
load=93.80
247878	41.3		3.9		10.6		160.7		300		25.0		93.8
load=94.00
248387	41.3		3.9		10.6		160.7		300		25.0		94.0
load=94.20
248896	41.3		3.9		10.6		160.7		300		25.0		94.2
load=94.40
249405	41.3		3.9		10.6		160.7		300		25.0		94.4
load=94.60
249914	41.3		3.9		10.6		160.7		300		25.0		94.6
load=94.80
250423	41.3		3.9		10.6		160.7		300		25.0		94.8
load=95.00
250932	41.3		3.9		10.6		160.7		300		25.0		95.0
load=95.20
251441	41.3		3.9		10.6		160.7		300		25.0		95.2
load=95.40
251950	41.3		3.9		10.6		160.7		300		25.0		95.4
load=95.60
252459	41.3		3.9		10.6		160.7		300		25.0		95.6
load=95.80
252968	41.3		3.9		10.6		160.7		300		25.0		95.8
load=96.00
253477	41.3		3.9		10.6		160.7		300		25.0		96.0
load=96.20
253986	41.3		3.9		10.6		160.7		300		25.0		96.2
load=96.40
254495	41.3		3.9		10.6		160.7		300		25.0		96.4
load=96.60
255004	41.3		3.9		10.6		160.7		300		25.0		96.6
load=96.80
255513	41.3		3.9		10.6		160.7		300		25.0		96.8
load=97.00
256022	41.3		3.9		10.6		160.7		300		25.0		97.0
load=97.20
256531	41.3		3.9		10.6		160.7		300		25.0		97.2
load=97.40
257040	41.3		3.9		10.6		160.7		300		25.0		97.4
load=97.60
257549	41.3		3.9		10.6		160.7		300		25.0		97.6
load=97.80
258058	41.3		3.9		10.6		160.7		300		25.0		97.8
load=98.00
258567	41.3		3.9		10.6		160.7		300		25.0		98.0
load=98.20
259076	41.3		3.9		10.6		160.7		300		25.0		98.2
load=98.40
259585	41.3		3.9		10.6		160.7		300		25.0		98.4
load=98.60
260094	41.3		3.9		10.6		160.7		300		25.0		98.6
load=98.80
260603	41.3		3.9		10.6		160.7		300		25.0		98.8
load=99.00
261112	41.3		3.9		10.6		160.7		300		25.0		99.0
load=99.20
261621	41.3		3.9		10.6		160.7		300		25.0		99.2
load=99.40
262130	41.3		3.9		10.6		160.7		300		25.0		99.4
load=99.60
262639	41.3		3.9		10.6		160.7		300		25.0		99.6
load=99.80
263148	41.3		3.9		10.6		160.7		300		25.0		99.8
load=100.00
263657	41.3		3.9		10.6		160.7		300		25.0		100.0
load=100.00
264166	41.3		3.9		10.6		160.7		300		25.0		100.0
load=100.00
264675	41.3		3.9		10.6		160.7		300		25.0		100.0
load=100.00
265184	41.3		3.9		10.6		160.7		300		25.0		100.0
load=100.00
265693	41.3		3.9		10.6		160.7		300		25.0		100.0
load=100.00
266202	41.3		3.9		10.6		160.7		300		25.0		100.0
load=100.00
266711	41.3		3.9		10.6		160.7		300		25.0		100.0
load=100.00
267220	41.3		3.9		10.6		160.7		300		25.0		100.0
load=100.00
267729	41.3		3.9		10.6		160.7		300		25.0		100.0
load=100.00
268238	41.3		3.9		10.6		160.7		300		25.0		100.0
load=100.00
268747	41.3		3.9		10.6		160.7		300		25.0		100.0
load=100.00
269256	41.3		3.9		10.6		160.7		300		25.0		100.0
load=100.00
269765	41.3		3.9		10.6		160.7		300		25.0		100.0
load=100.00
270274	41.3		3.9		10.6		160.7		300		25.0		100.0
load=100.00
270783	41.3		3.9		10.6		160.7		300		25.0		100.0
load=100.00
271292	41.3		3.9		10.6		160.7		300		25.0		100.0
load=100.00
271801	41.3		3.9		10.6		160.7		300		25.0		100.0
load=100.00
272310	41.3		3.9		10.6		160.7		300		25.0		100.0
load=100.00
272819	41.3		3.9		10.6		160.7		300		25.0		100.0
load=100.00
273328	41.3		3.9		10.6		160.7		300		25.0		100.0
load=100.00
273837	41.3		3.9		10.6		160.7		300		25.0		100.0
load=100.00
274346	41.3		3.9		10.6		160.7		300		25.0		100.0
load=100.00
274855	41.3		3.9		10.6		160.7		300		25.0		100.0
load=100.00
275364	41.3		3.9		10.6		160.7		300		25.0		100.0
load=100.00
275873	41.3		3.9		10.6		160.7		300		25.0		100.0
load=100.00
276382	41.3		3.9		10.6		160.7		300		25.0		100.0
load=100.00
276891	41.3		3.9		10.6		160.7		300		25.0		100.0
load=100.00
277400	41.3		3.9		10.6		160.7		300		25.0		100.0
load=100.00
277909	41.3		3.9		10.6		160.7		300		25.0		100.0
load=100.00
278418	41.3		3.9		10.6		160.7		300		25.0		100.0
load=100.00
278927	41.3		3.9		10.6		160.7		300		25.0		100.0
load=100.00
279436	41.3		3.9		10.6		160.7		300		25.0		100.0
load=100.00
279945	41.3		3.9		10.6		160.7		300		25.0		100.0
load=100.00
280454	41.3		3.9		10.6		160.7		300		25.0		100.0
load=100.00
280963	41.3		3.9		10.6		161.3		301		25.0		100.0
load=100.00
281472	41.3		3.9		10.6		161.3		301		25.0		100.0
load=100.00
281981	41.3		4.1		10.1		168.3		314		25.0		100.0
load=100.00
282490	41.3		4.3		9.7		176.2		329		25.0		100.0
load=100.00
282999	41.3		4.4		9.3		183.7		344		25.0		100.0
load=100.00
283508	41.3		4.7		8.9		192.8		360		25.0		100.0
load=100.00
284017	41.3		4.8		8.5		200.4		374		25.0		100.0
load=100.00
284526	41.3		5.0		8.2		207.7		388		25.0		100.0
load=100.00
285035	41.3		5.2		7.9		215.8		403		25.0		100.0
load=100.00
285544	41.3		5.4		7.6		223.4		417		25.0		100.0
load=100.00
286053	41.3		5.6		7.3		232.5		434		25.0		100.0
load=100.00
286562	41.3		5.8		7.1		240.0		448		25.0		100.0
load=100.00
287071	41.3		6.0		6.9		247.3		462		25.0		100.0
load=100.00
287580	41.3		6.2		6.7		254.9		476		25.0		100.0
load=100.00
288089	41.3		6.4		6.5		263.0		491		25.0		100.0
load=100.00
288598	41.3		6.6		6.3		270.9		506		25.0		100.0
load=100.00
289107	41.3		6.8		6.1		279.1		521		25.0		100.0
load=100.00
289616	41.3		6.9		5.9		287.0		536		25.0		100.0
load=100.00
290125	41.3		7.1		5.8		294.5		550		25.0		100.0
load=100.00
290634	41.3		7.3		5.6		302.7		565		25.0		100.0
load=100.00
291143	41.3		7.5		5.5		310.0		579		25.0		100.0
load=100.00
291652	41.3		7.7		5.4		319.0		596		25.0		100.0
load=100.00
292161	41.3		7.9		5.2		326.6		610		25.0		100.0
load=100.00
292670	41.3		8.1		5.1		334.2		624		25.0		100.0
load=100.00
293179	41.3		8.3		5.0		342.1		639		25.0		100.0
load=100.00
293688	41.3		8.5		4.9		349.6		653		25.0		100.0
load=100.00
294197	41.3		8.7		4.8		357.8		668		25.0		100.0
load=100.00
294706	41.3		8.9		4.7		366.3		684		25.0		100.0
load=100.00
295215	41.3		9.1		4.6		374.4		699		25.0		100.0
load=100.00
295724	41.3		9.2		4.5		381.4		712		25.0		100.0
load=100.00
296233	41.3		9.4		4.4		389.3		727		25.0		100.0
load=100.00
296742	41.3		9.6		4.3		396.8		741		25.0		100.0
load=100.00
297251	41.3		9.8		4.2		405.7		758		25.0		100.0
load=100.00
297760	41.3		10.0		4.2		411.4		768		25.0		100.0
load=100.00
298269	41.3		10.0		4.1		412.3		770		25.0		100.0
load=100.00
298778	41.3		10.0		4.1		413.5		772		25.0		100.0
load=100.00
299287	41.3		10.1		4.1		417.7		780		25.0		100.0
load=100.00
299796	41.3		10.2		4.1		420.5		785		25.0		100.0
load=100.00
300305	41.3		10.2		4.0		422.0		788		25.0		100.0
load=100.00
300814	41.3		10.2		4.0		423.2		790		25.0		100.0
load=100.00
301323	41.3		10.3		4.0		424.7		793		25.0		100.0
load=100.00
301832	41.3		10.3		4.0		425.3		794		25.0		100.0
load=100.00
302341	41.3		10.4		4.0		428.9		801		25.0		100.0
load=99.80
302850	41.3		10.4		4.0		428.3		800		25.0		99.8
load=99.60
303359	41.3		10.4		4.0		428.3		800		25.0		99.6
load=99.40
303868	41.3		10.4		4.0		428.3		800		25.0		99.4
load=99.20
304377	41.3		10.4		4.0		428.3		800		25.0		99.2
load=99.00
304886	41.3		10.4		4.0		428.3		800		25.0		99.0
load=98.80
305395	41.3		10.4		4.0		428.3		800		25.0		98.8
load=98.60
305904	41.3		10.4		4.0		428.3		800		25.0		98.6
load=98.40
306413	41.3		10.4		4.0		428.3		800		25.0		98.4
load=98.20
306922	41.3		10.4		4.0		428.3		800		25.0		98.2
load=98.00
307431	41.3		10.4		4.0		428.3		800		25.0		98.0
load=97.80
307940	41.3		10.4		4.0		428.3		800		25.0		97.8
load=97.60
308449	41.3		10.4		4.0		428.3		800		25.0		97.6
load=97.40
308958	41.3		10.4		4.0		428.3		800		25.0		97.4
load=97.20
309467	41.3		10.4		4.0		428.3		800		25.0		97.2
load=97.00
309976	41.3		10.4		4.0		428.3		800		25.0		97.0
load=96.80
310485	41.3		10.4		4.0		428.3		800		25.0		96.8
load=96.60
310994	41.3		10.4		4.0		428.3		800		25.0		96.6
load=96.40
311503	41.3		10.4		4.0		428.3		800		25.0		96.4
load=96.20
312012	41.3		10.4		4.0		428.3		800		25.0		96.2
load=96.00
312521	41.3		10.4		4.0		428.3		800		25.0		96.0
load=95.80
313030	41.3		10.4		4.0		428.3		800		25.0		95.8
load=95.60
313539	41.3		10.4		4.0		428.3		800		25.0		95.6
load=95.40
314048	41.3		10.4		4.0		428.3		800		25.0		95.4
load=95.20
314557	41.3		10.4		4.0		428.3		800		25.0		95.2
load=95.00
315066	41.3		10.4		4.0		428.3		800		25.0		95.0
load=94.80
315575	41.3		10.4		4.0		428.3		800		25.0		94.8
load=94.60
316084	41.3		10.4		4.0		428.3		800		25.0		94.6
load=94.40
316593	41.3		10.4		4.0		428.3		800		25.0		94.4
load=94.20
317102	41.3		10.4		4.0		428.3		800		25.0		94.2
load=94.00
317611	41.3		10.4		4.0		428.3		800		25.0		94.0
load=93.80
318120	41.3		10.4		4.0		428.3		800		25.0		93.8
load=93.60
318629	41.3		10.4		4.0		428.3		800		25.0		93.6
load=93.40
319138	41.3		10.4		4.0		428.3		800		25.0		93.4
load=93.20
319647	41.3		10.4		4.0		428.3		800		25.0		93.2
load=93.00
320156	41.3		10.4		4.0		428.3		800		25.0		93.0
load=92.80
320665	41.3		10.4		4.0		428.3		800		25.0		92.8
load=92.60
321174	41.3		10.4		4.0		428.3		800		25.0		92.6
load=92.40
321683	41.3		10.4		4.0		428.3		800		25.0		92.4
load=92.20
322192	41.3		10.4		4.0		428.3		800		25.0		92.2
load=92.00
322701	41.3		10.4		4.0		428.3		800		25.0		92.0
load=91.80
323210	41.3		10.4		4.0		428.3		800		25.0		91.8
load=91.60
323719	41.3		10.4		4.0		428.3		800		25.0		91.6
load=91.40
324228	41.3		10.4		4.0		428.3		800		25.0		91.4
load=91.20
324737	41.3		10.4		4.0		428.3		800		25.0		91.2
load=91.00
325246	41.3		10.4		4.0		428.3		800		25.0		91.0
load=90.80
325755	41.3		10.4		4.0		428.3		800		25.0		90.8
load=90.60
326264	41.3		10.4		4.0		428.3		800		25.0		90.6
load=90.40
326773	41.3		10.4		4.0		428.3		800		25.0		90.4
load=90.20
327282	41.3		10.4		4.0		428.3		800		25.0		90.2
load=90.00
327791	41.3		10.4		4.0		428.3		800		25.0		90.0
load=89.80
328300	41.3		10.4		4.0		428.3		800		25.0		89.8
load=89.60
328809	41.3		10.4		4.0		428.3		800		25.0		89.6
load=89.40
329318	41.3		10.4		4.0		428.3		800		25.0		89.4
load=89.20
329827	41.3		10.4		4.0		428.3		800		25.0		89.2
load=89.00
330336	41.3		10.4		4.0		428.3		800		25.0		89.0
load=88.80
330845	41.3		10.4		4.0		428.3		800		25.0		88.8
load=88.60
331354	41.3		10.4		4.0		428.3		800		25.0		88.6
load=88.40
331863	41.3		10.4		4.0		428.3		800		25.0		88.4
load=88.20
332372	41.3		10.4		4.0		428.3		800		25.0		88.2
load=88.00
332881	41.3		10.4		4.0		428.3		800		25.0		88.0
load=87.80
333390	41.3		10.4		4.0		428.3		800		25.0		87.8
load=87.60
333899	41.3		10.4		4.0		428.3		800		25.0		87.6
load=87.40
334408	41.3		10.4		4.0		428.3		800		25.0		87.4
load=87.20
334917	41.3		10.4		4.0		428.3		800		25.0		87.2
load=87.00
335426	41.3		10.4		4.0		428.3		800		25.0		87.0
load=86.80
335935	41.3		10.4		4.0		428.3		800		25.0		86.8
load=86.60
336444	41.3		10.4		4.0		428.3		800		25.0		86.6
load=86.40
336953	41.3		10.4		4.0		428.3		800		25.0		86.4
load=86.20
337462	41.3		10.4		4.0		428.3		800		25.0		86.2
load=86.00
337971	41.3		10.4		4.0		428.3		800		25.0		86.0
load=85.80
338480	41.3		10.4		4.0		428.3		800		25.0		85.8
load=85.60
338989	41.3		10.4		4.0		428.3		800		25.0		85.6
load=85.40
339498	41.3		10.4		4.0		428.3		800		25.0		85.4
load=85.20
340007	41.3		10.4		4.0		428.3		800		25.0		85.2
load=85.00
340516	41.3		10.4		4.0		428.3		800		25.0		85.0
load=85.66
341025	41.2		10.4		4.0		427.1		800		26.0		85.7
load=84.89
341534	40.7		10.4		3.9		422.8		800		29.0		84.9
load=85.62
342043	39.0		10.4		3.7		406.9		800		44.0		85.6
load=84.86
342552	37.8		10.5		3.6		395.7		800		53.0		84.9
load=85.54
343061	37.7		10.5		3.6		394.5		800		55.0		85.5
load=84.75
343570	37.2		10.5		3.5		390.2		800		58.0		84.8
load=85.45
344079	37.1		10.5		3.5		388.9		800		59.0		85.4
load=84.68
344588	36.8		10.5		3.5		386.1		800		61.0		84.7
load=83.99
345097	36.9		10.5		3.5		387.4		800		60.0		84.0
load=83.79
345606	36.9		10.5		3.5		387.4		800		60.0		83.8
load=83.59
346115	36.9		10.5		3.5		387.4		800		60.0		83.6
load=83.39
346624	36.9		10.5		3.5		387.4		800		60.0		83.4
load=83.19
347133	36.9		10.5		3.5		387.4		800		60.0		83.2
load=82.99
347642	36.9		10.5		3.5		387.4		800		60.0		83.0
load=82.79
348151	36.9		10.5		3.5		387.4		800		60.0		82.8
load=82.59
348660	36.9		10.5		3.5		387.4		800		60.0		82.6
load=82.39
349169	36.9		10.5		3.5		387.4		800		60.0		82.4
load=82.19
349678	36.9		10.5		3.5		387.4		800		60.0		82.2
load=81.99
350187	36.9		10.5		3.5		387.4		800		60.0		82.0
load=81.79
350696	36.9		10.5		3.5		387.4		800		60.0		81.8
load=81.59
351205	36.9		10.5		3.5		387.4		800		60.0		81.6
load=81.39
351714	36.9		10.5		3.5		387.4		800		60.0		81.4
load=81.19
352223	36.9		10.5		3.5		387.4		800		60.0		81.2
load=80.99
352732	36.9		10.5		3.5		387.4		800		60.0		81.0
load=80.79
353241	36.9		10.5		3.5		387.4		800		60.0		80.8
load=80.59
353750	36.9		10.5		3.5		387.4		800		60.0		80.6
load=80.39
354259	36.9		10.5		3.5		387.4		800		60.0		80.4
load=80.19
354768	36.9		10.5		3.5		387.4		800		60.0		80.2
load=79.99
355277	36.9		10.5		3.5		387.4		800		60.0		80.0
load=79.79
355786	36.9		10.5		3.5		387.4		800		60.0		79.8
load=79.59
356295	36.9		10.5		3.5		387.4		800		60.0		79.6
load=79.39
356804	36.9		10.5		3.5		387.4		800		60.0		79.4
load=79.19
357313	36.9		10.5		3.5		387.4		800		60.0		79.2
load=78.99
357822	36.9		10.5		3.5		387.4		800		60.0		79.0
load=78.79
358331	36.9		10.5		3.5		387.4		800		60.0		78.8
load=78.59
358840	36.9		10.5		3.5		387.4		800		60.0		78.6
load=78.39
359349	36.9		10.5		3.5		387.4		800		60.0		78.4
load=78.19
359858	36.9		10.5		3.5		387.4		800		60.0		78.2
load=77.99
360367	36.9		10.5		3.5		387.4		800		60.0		78.0
load=77.79
360876	36.9		10.5		3.5		387.4		800		60.0		77.8
load=77.59
361385	36.9		10.5		3.5		387.4		800		60.0		77.6
load=77.39
361894	36.9		10.5		3.5		387.4		800		60.0		77.4
load=77.19
362403	36.9		10.5		3.5		387.4		800		60.0		77.2
load=76.99
362912	36.9		10.5		3.5		387.4		800		60.0		77.0
load=76.79
363421	36.9		10.5		3.5		387.4		800		60.0		76.8
load=76.59
363930	36.9		10.5		3.5		387.4		800		60.0		76.6
load=76.39
364439	36.9		10.5		3.5		387.4		800		60.0		76.4
load=76.19
364948	36.9		10.5		3.5		387.4		800		60.0		76.2
load=75.99
365457	36.9		10.5		3.5		387.4		800		60.0		76.0
load=75.79
365966	36.9		10.5		3.5		387.4		800		60.0		75.8
load=75.59
366475	36.9		10.5		3.5		387.4		800		60.0		75.6
load=75.39
366984	36.9		10.5		3.5		387.4		800		60.0		75.4
load=75.19
367493	36.9		10.5		3.5		387.4		800		60.0		75.2
load=74.99
368002	36.9		10.5		3.5		387.4		800		60.0		75.0
load=74.79
368511	36.9		10.5		3.5		387.4		800		60.0		74.8
load=74.59
369020	36.9		10.5		3.5		387.4		800		60.0		74.6
load=74.39
369529	36.9		10.5		3.5		387.4		800		60.0		74.4
load=74.19
370038	36.9		10.5		3.5		387.4		800		60.0		74.2
load=73.99
370547	36.9		10.5		3.5		387.4		800		60.0		74.0
load=73.79
371056	36.9		10.5		3.5		387.4		800		60.0		73.8
load=73.59
371565	36.9		10.5		3.5		387.4		800		60.0		73.6
load=73.39
372074	36.9		10.5		3.5		387.4		800		60.0		73.4
load=73.19
372583	36.9		10.5		3.5		387.4		800		60.0		73.2
load=72.99
373092	36.9		10.5		3.5		387.4		800		60.0		73.0
load=72.79
373601	36.9		10.5		3.5		387.4		800		60.0		72.8
load=72.59
374110	36.9		10.5		3.5		387.4		800		60.0		72.6
load=72.39
374619	36.9		10.5		3.5		387.4		800		60.0		72.4
load=72.19
375128	36.9		10.5		3.5		387.4		800		60.0		72.2
load=71.99
375637	36.9		10.5		3.5		387.4		800		60.0		72.0
load=71.79
376146	36.9		10.5		3.5		387.4		800		60.0		71.8
load=71.59
376655	36.9		10.5		3.5		387.4		800		60.0		71.6
load=71.39
377164	36.9		10.5		3.5		387.4		800		60.0		71.4
load=71.19
377673	36.9		10.5		3.5		387.4		800		60.0		71.2
load=70.99
378182	36.9		10.5		3.5		387.4		800		60.0		71.0
load=70.79
378691	36.9		10.5		3.5		387.4		800		60.0		70.8
load=70.59
379200	36.9		10.5		3.5		387.4		800		60.0		70.6
load=70.39
379709	36.9		10.5		3.5		387.4		800		60.0		70.4
load=70.19
380218	36.9		10.5		3.5		387.4		800		60.0		70.2
load=69.99
380727	36.9		10.5		3.5		387.4		800		60.0		70.0
load=69.79
381236	36.9		10.5		3.5		387.4		800		60.0		69.8
load=69.59
381745	36.9		10.5		3.5		387.4		800		60.0		69.6
load=69.39
382254	36.9		10.5		3.5		387.4		800		60.0		69.4
load=69.19
382763	36.9		10.5		3.5		387.4		800		60.0		69.2
load=68.99
383272	36.9		10.5		3.5		387.4		800		60.0		69.0
load=68.79
383781	36.9		10.5		3.5		387.4		800		60.0		68.8
load=68.59
384290	36.9		10.5		3.5		387.4		800		60.0		68.6
load=68.39
384799	36.9		10.5		3.5		387.4		800		60.0		68.4
load=68.19
385308	36.9		10.5		3.5		387.4		800		60.0		68.2
load=67.99
385817	36.9		10.5		3.5		387.4		800		60.0		68.0
load=67.79
386326	36.9		10.5		3.5		387.4		800		60.0		67.8
load=67.59
386835	36.9		10.5		3.5		387.4		800		60.0		67.6
load=67.39
387344	36.9		10.5		3.5		387.4		800		60.0		67.4
load=67.19
387853	36.9		10.5		3.5		387.4		800		60.0		67.2
load=66.99
388362	36.9		10.5		3.5		387.4		800		60.0		67.0
load=66.79
388871	36.9		10.5		3.5		387.4		800		60.0		66.8
load=66.59
389380	36.9		10.5		3.5		387.4		800		60.0		66.6
load=66.39
389889	36.9		10.5		3.5		387.4		800		60.0		66.4
load=66.19
390398	36.9		10.5		3.5		387.4		800		60.0		66.2
load=65.99
390907	36.9		10.5		3.5		387.4		800		60.0		66.0
load=65.79
391416	36.9		10.5		3.5		387.4		800		60.0		65.8
load=65.59
391925	36.9		10.5		3.5		387.4		800		60.0		65.6
load=65.39
392434	36.9		10.5		3.5		387.4		800		60.0		65.4
load=65.19
392943	36.9		10.5		3.5		387.4		800		60.0		65.2
load=64.99
393452	36.9		10.5		3.5		387.4		800		60.0		65.0
load=64.79
393961	36.9		10.5		3.5		387.4		800		60.0		64.8
load=64.59
394470	36.9		10.5		3.5		387.4		800		60.0		64.6
load=64.39
394979	36.9		10.5		3.5		387.4		800		60.0		64.4
load=64.19
395488	36.9		10.5		3.5		387.4		800		60.0		64.2
load=63.99
395997	36.9		10.5		3.5		387.4		800		60.0		64.0
load=63.79
396506	36.9		10.5		3.5		387.4		800		60.0		63.8
load=63.59
397015	36.9		10.5		3.5		387.4		800		60.0		63.6
load=63.39
397524	36.9		10.5		3.5		387.4		800		60.0		63.4
load=63.19
398033	36.9		10.5		3.5		387.4		800		60.0		63.2
load=62.99
398542	36.9		10.5		3.5		387.4		800		60.0		63.0
load=62.79
399051	36.9		10.5		3.5		387.4		800		60.0		62.8
load=62.59
399560	36.9		10.5		3.5		387.4		800		60.0		62.6
load=62.39
400069	36.9		10.5		3.5		387.4		800		60.0		62.4
load=62.19
400578	36.9		10.5		3.5		387.4		800		60.0		62.2
load=61.99
401087	36.9		10.5		3.5		387.4		800		60.0		62.0
load=61.79
401596	36.9		10.5		3.5		387.4		800		60.0		61.8
load=61.59
402105	36.9		10.5		3.5		387.4		800		60.0		61.6
load=61.39
402614	36.9		10.5		3.5		387.4		800		60.0		61.4
load=61.19
403123	36.9		10.5		3.5		387.4		800		60.0		61.2
load=60.99
403632	36.9		10.5		3.5		387.4		800		60.0		61.0
load=60.79
404141	36.9		10.5		3.5		387.4		800		60.0		60.8
load=60.59
404650	36.9		10.5		3.5		387.4		800		60.0		60.6
load=59.75
405159	37.1		10.5		3.5		388.9		800		59.0		59.7
load=59.00
405668	38.5		10.4		3.7		402.6		800		47.0		59.0
load=58.25
406177	40.4		10.4		3.9		420.4		800		32.0		58.3
load=57.64
406686	41.3		10.3		4.0		427.1		800		18.0		57.6
load=57.44
407195	41.3		10.3		4.0		427.4		800		20.0		57.4
load=57.24
407704	41.3		10.4		4.0		428.3		800		24.0		57.2
load=57.04
408213	41.3		10.4		4.0		428.3		800		25.0		57.0
load=56.84
408722	41.3		10.4		4.0		428.3		800		25.0		56.8
load=56.64
409231	41.3		10.4		4.0		428.3		800		25.0		56.6
load=56.44
409740	41.3		10.4		4.0		428.3		800		25.0		56.4
load=56.24
410249	41.3		10.4		4.0		428.3		800		25.0		56.2
load=56.04
410758	41.3		10.4		4.0		428.3		800		25.0		56.0
load=55.84
411267	41.3		10.4		4.0		428.3		800		25.0		55.8
load=55.64
411776	41.3		10.4		4.0		428.3		800		25.0		55.6
load=55.44
412285	41.3		10.4		4.0		428.3		800		25.0		55.4
load=55.24
412794	41.3		10.4		4.0		428.3		800		25.0		55.2
load=55.04
413303	41.3		10.4		4.0		428.3		800		25.0		55.0
load=54.84
413812	41.3		10.4		4.0		428.3		800		25.0		54.8
load=54.64
414321	41.3		10.4		4.0		428.3		800		25.0		54.6
load=54.44
414830	41.3		10.4		4.0		428.3		800		25.0		54.4
load=54.24
415339	41.3		10.4		4.0		428.3		800		25.0		54.2
load=54.04
415848	41.3		10.4		4.0		428.3		800		25.0		54.0
load=53.84
416357	41.3		10.4		4.0		428.3		800		25.0		53.8
load=53.64
416866	41.3		10.4		4.0		428.3		800		25.0		53.6
load=53.44
417375	41.3		10.4		4.0		428.3		800		25.0		53.4
load=53.24
417884	41.3		10.4		4.0		428.3		800		25.0		53.2
load=53.04
418393	41.3		10.4		4.0		428.3		800		25.0		53.0
load=52.84
418902	41.3		10.4		4.0		428.3		800		25.0		52.8
load=52.64
419411	41.3		10.4		4.0		428.3		800		25.0		52.6
load=52.44
419920	41.3		10.4		4.0		428.3		800		25.0		52.4
load=52.24
420429	41.3		10.4		4.0		428.3		800		25.0		52.2
load=52.04
420938	41.3		10.4		4.0		428.3		800		25.0		52.0
load=51.84
421447	41.3		10.4		4.0		428.3		800		25.0		51.8
load=51.64
421956	41.3		10.4		4.0		428.3		800		25.0		51.6
load=51.44
422465	41.3		10.4		4.0		428.3		800		25.0		51.4
load=51.24
422974	41.3		10.4		4.0		428.3		800		25.0		51.2
load=51.04
423483	41.3		10.4		4.0		428.3		800		25.0		51.0
load=50.84
423992	41.3		10.4		4.0		428.3		800		25.0		50.8
load=50.64
424501	41.3		10.4		4.0		428.3		800		25.0		50.6
load=50.44
425010	41.3		10.4		4.0		428.3		800		25.0		50.4
load=50.24
425519	41.3		10.4		4.0		428.3		800		25.0		50.2
load=50.04
426028	41.3		10.4		4.0		428.3		800		25.0		50.0
load=49.84
426537	41.3		10.4		4.0		428.3		800		25.0		49.8
load=49.64
427046	41.3		10.4		4.0		428.3		800		25.0		49.6
load=49.44
427555	41.3		10.4		4.0		428.3		800		25.0		49.4
load=49.24
428064	41.3		10.4		4.0		428.3		800		25.0		49.2
load=49.04
428573	41.3		10.4		4.0		428.3		800		25.0		49.0
load=48.84
429082	41.3		10.4		4.0		428.3		800		25.0		48.8
load=48.64
429591	41.3		10.4		4.0		428.3		800		25.0		48.6
load=48.44
430100	41.3		10.4		4.0		428.3		800		25.0		48.4
load=48.24
430609	41.3		10.4		4.0		428.3		800		25.0		48.2
load=48.04
431118	41.3		10.4		4.0		428.3		800		25.0		48.0
load=47.84
431627	41.3		10.4		4.0		428.3		800		25.0		47.8
load=47.64
432136	41.3		10.4		4.0		428.3		800		25.0		47.6
load=47.44
432645	41.3		10.4		4.0		428.3		800		25.0		47.4
load=47.24
433154	41.3		10.4		4.0		428.3		800		25.0		47.2
load=47.04
433663	41.3		10.4		4.0		428.3		800		25.0		47.0
load=46.84
434172	41.3		10.4		4.0		428.3		800		25.0		46.8
load=46.64
434681	41.3		10.4		4.0		428.3		800		25.0		46.6
load=46.44
435190	41.3		10.4		4.0		428.3		800		25.0		46.4
load=46.24
435699	41.3		10.4		4.0		428.3		800		25.0		46.2
load=46.04
436208	41.3		10.4		4.0		428.3		800		25.0		46.0
load=45.84
436717	41.3		10.4		4.0		428.3		800		25.0		45.8
load=45.64
437226	41.3		10.4		4.0		428.3		800		25.0		45.6
load=45.44
437735	41.3		10.4		4.0		428.3		800		25.0		45.4
load=45.24
438244	41.3		10.4		4.0		428.3		800		25.0		45.2
load=45.04
438753	41.3		10.4		4.0		428.3		800		25.0		45.0
load=44.84
439262	41.3		10.4		4.0		428.3		800		25.0		44.8
load=44.64
439771	41.3		10.4		4.0		428.3		800		25.0		44.6
load=44.44
440280	41.3		10.4		4.0		428.3		800		25.0		44.4
load=44.24
440789	41.3		10.4		4.0		428.3		800		25.0		44.2
load=44.04
441298	41.3		10.4		4.0		428.3		800		25.0		44.0
load=43.84
441807	41.3		10.4		4.0		428.3		800		25.0		43.8
load=43.64
442316	41.3		10.4		4.0		428.3		800		25.0		43.6
load=43.44
442825	41.3		10.4		4.0		428.3		800		25.0		43.4
load=43.24
443334	41.3		10.4		4.0		428.3		800		25.0		43.2
load=43.04
443843	41.3		10.4		4.0		428.3		800		25.0		43.0
load=42.84
444352	41.3		10.4		4.0		428.3		800		25.0		42.8
load=42.64
444861	41.3		10.4		4.0		428.3		800		25.0		42.6
load=42.44
445370	41.3		10.4		4.0		428.3		800		25.0		42.4
load=42.24
445879	41.3		10.4		4.0		428.3		800		25.0		42.2
load=42.04
446388	41.3		10.4		4.0		428.3		800		25.0		42.0
load=41.84
446897	41.3		10.4		4.0		428.3		800		25.0		41.8
load=41.64
447406	41.3		10.4		4.0		428.3		800		25.0		41.6
load=41.44
447915	41.3		10.4		4.0		428.3		800		25.0		41.4
load=41.24
448424	41.3		10.4		4.0		428.3		800		25.0		41.2
load=41.04
448933	41.3		10.4		4.0		428.3		800		25.0		41.0
load=40.84
449442	41.3		10.4		4.0		428.3		800		25.0		40.8
load=40.64
449951	41.3		10.4		4.0		428.3		800		25.0		40.6
load=40.44
450460	41.3		10.4		4.0		428.3		800		25.0		40.4
load=40.24
450969	41.3		10.4		4.0		428.3		800		25.0		40.2
load=40.04
451478	41.3		10.4		4.0		428.3		800		25.0		40.0
load=39.84
451987	41.3		10.4		4.0		428.3		800		25.0		39.8
load=39.64
452496	41.3		10.4		4.0		428.3		800		25.0		39.6
load=39.44
453005	41.3		10.4		4.0		428.3		800		25.0		39.4
load=39.24
453514	41.3		10.4		4.0		428.3		800		25.0		39.2
load=39.04
454023	41.3		10.4		4.0		428.3		800		25.0		39.0
load=38.84
454532	41.3		10.4		4.0		428.3		800		25.0		38.8
load=38.64
455041	41.3		10.4		4.0		428.3		800		25.0		38.6
load=38.44
455550	41.3		10.4		4.0		428.3		800		25.0		38.4
load=38.24
456059	41.3		10.4		4.0		428.3		800		25.0		38.2
load=38.04
456568	41.3		10.4		4.0		428.3		800		25.0		38.0
load=37.84
457077	41.3		10.4		4.0		428.3		800		25.0		37.8
load=37.64
457586	41.3		10.4		4.0		428.3		800		25.0		37.6
load=37.44
458095	41.3		10.4		4.0		428.3		800		25.0		37.4
load=37.24
458604	41.3		10.4		4.0		428.3		800		25.0		37.2
load=37.04
459113	41.3		10.4		4.0		428.3		800		25.0		37.0
load=36.84
459622	41.3		10.4		4.0		428.3		800		25.0		36.8
load=36.64
460131	41.3		10.4		4.0		428.3		800		25.0		36.6
load=36.44
460640	41.3		10.4		4.0		428.3		800		25.0		36.4
load=36.24
461149	41.3		10.4		4.0		428.3		800		25.0		36.2
load=36.04
461658	41.3		10.4		4.0		428.3		800		25.0		36.0
load=35.84
462167	41.3		10.4		4.0		428.3		800		25.0		35.8
load=35.64
462676	41.3		10.4		4.0		428.3		800		25.0		35.6
load=35.44
463185	41.3		10.4		4.0		428.3		800		25.0		35.4
load=35.24
463694	41.3		10.4		4.0		428.3		800		25.0		35.2
load=35.04
464203	41.3		10.4		4.0		428.3		800		25.0		35.0
load=34.84
464712	41.3		10.4		4.0		428.3		800		25.0		34.8
load=34.64
465221	41.3		10.4		4.0		428.3		800		25.0		34.6
load=34.44
465730	41.3		10.4		4.0		428.3		800		25.0		34.4
load=34.24
466239	41.3		10.4		4.0		428.3		800		25.0		34.2
load=34.04
466748	41.3		10.4		4.0		428.3		800		25.0		34.0
load=33.84
467257	41.3		10.4		4.0		428.3		800		25.0		33.8
load=33.64
467766	41.3		10.4		4.0		428.3		800		25.0		33.6
load=33.44
468275	41.3		10.4		4.0		428.3		800		25.0		33.4
load=33.24
468784	41.3		10.4		4.0		428.3		800		25.0		33.2
load=33.04
469293	41.3		10.4		4.0		428.3		800		25.0		33.0
load=32.84
469802	41.3		10.4		4.0		428.3		800		25.0		32.8
load=32.64
470311	41.3		10.4		4.0		428.3		800		25.0		32.6
load=32.44
470820	41.3		10.4		4.0		428.3		800		25.0		32.4
load=32.24
471329	41.3		10.4		4.0		428.3		800		25.0		32.2
load=32.04
471838	41.3		10.4		4.0		428.3		800		25.0		32.0
load=31.84
472347	41.3		10.4		4.0		428.3		800		25.0		31.8
load=31.64
472856	41.3		10.4		4.0		428.3		800		25.0		31.6
load=31.44
473365	41.3		10.4		4.0		428.3		800		25.0		31.4
load=31.24
473874	41.3		10.4		4.0		428.3		800		25.0		31.2
load=31.04
474383	41.3		10.4		4.0		428.3		800		25.0		31.0
load=30.84
474892	41.3		10.4		4.0		428.3		800		25.0		30.8
load=30.64
475401	41.3		10.4		4.0		428.3		800		25.0		30.6
load=30.44
475910	41.3		10.4		4.0		428.3		800		25.0		30.4
load=30.24
476419	41.3		10.4		4.0		428.3		800		25.0		30.2
load=30.04
476928	41.3		10.4		4.0		428.3		800		25.0		30.0
load=29.84
477437	41.3		10.4		4.0		428.3		800		25.0		29.8
load=29.64
477946	41.3		10.4		4.0		428.3		800		25.0		29.6
load=29.44
478455	41.3		10.4		4.0		428.3		800		25.0		29.4
load=29.24
478964	41.3		10.4		4.0		428.3		800		25.0		29.2
load=29.04
479473	41.3		10.4		4.0		428.3		800		25.0		29.0
load=28.84
479982	41.3		10.4		4.0		428.3		800		25.0		28.8
load=28.64
480491	41.3		10.4		4.0		428.3		800		25.0		28.6